-10 87 -20 -71 1 12 -70 -12 -69 -100 17 -22 -14 -26 -22 -8 68 -19 -81 12 49 -94 -77 0 13 61 -53 88 78 -2 15 31 67 -87 61 84 -87 -39 -57 -77 4 73 14 -69 -74 -59 -65 -77 -98 77 57 79 -29 -82 48 -60 -91 8 97 66 48 7 -58 -42 -42 95 87 -7 -45 11 -47 -12 6 -1 -64 -93 75 74 86 -60 -82 -99 -2 -34 -52 -57 -60 -60 69 -27 16 -40 -87 -33 56 58 -61 63 -27 -30
62 -4 28 -76 95 -85 -34 -36 -12 -84 -67 -100 2 -19 -1 72 8 -18 57 57 24 -23 -84 71 -73 38 -62 -71 -5 -11 -1 -63 89 -26 9 -55 66 67 -31 -61 -11 86 -57 -87 58 -27 33 3 -9 -54 9 57 26 17 -79 97 27 70 -78 62 84 15 25 -38 -50 85 30 -40 -31 50 92 0 83 19 -60 -16 9 -74 92 56 -31 -74 -28 42 60 77 -90 -48 81 -29 39 -22 15 -11 33 43 -91 -33 -33 37
46 -98 86 35 76 -37 -67 -62 83 37 96 69 81 51 -95 -2 75 -83 -42 -77 22 93 -76 -11 13 -1 -4 -22 -10 98 18 -3 66 -97 85 -51 -18 64 26 70 68 -27 -16 27 19 64 -88 67 -48 80 -91 -5 25 40 -30 50 92 38 62 28 -36 27 -77 10 -80 14 -30 98 -13 -45 -45 26 83 -71 8 -60 53 -85 -39 14 20 90 27 28 -7 59 22 -92 -61 20 58 6 91 -48 19 -78 24 50 -97 1
33 -95 -42 15 84 58 12 24 92 -64 -14 -21 -67 39 -2 -91 -43 49 98 16 87 43 97 92 -68 3 97 49 87 -65 -28 32 42 30 -37 -62 -51 42 85 -54 46 -42 52 1 70 -87 -39 22 -37 77 56 0 82 -86 -2 -55 -61 -64 15 -98 -71 21 62 35 12 -71 22 -59 -59 -48 -2 -81 -74 89 -26 24 70 11 -14 -70 54 -6 24 68 -13 -47 -26 15 96 -37 16 -31 -1 -88 -16 89 -47 65 -49 -34
9 -52 -70 10 72 55 42 -89 -46 14 -89 -30 -46 -40 -32 50 -7 21 21 -43 -78 -74 54 -60 14 -12 15 66 -62 -65 -25 -39 59 90 52 -59 -92 -64 -30 -38 84 -33 -15 -12 18 17 83 -58 71 -17 -43 15 59 45 -30 64 65 -45 -57 63 47 -98 -76 -57 -67 93 -57 -96 69 0 -97 -3 -92 97 45 -72 1 89 -86 60 -59 44 -99 -35 -94 -92 -59 25 31 60 -49 -82 2 12 -40 87 56 4 73 -90
-46 -79 26 26 -41 -57 10 63 -17 -49 -90 -45 4 -41 -97 -56 44 48 -55 18 -12 96 -12 91 -18 -97 92 -23 50 87 -4 60 31 98 84 -17 -55 29 -57 12 -47 38 92 -46 -6 11 5 -91 8 80 -34 77 62 73 -33 -17 48 48 29 -30 -12 -74 -28 -41 -6 -55 -92 -1 53 -86 36 -42 87 13 3 68 -13 -87 -49 4 93 -76 -57 24 -54 -9 35 -97 57 50 -10 0 40 6 17 3 23 -81 -97 -1
-40 -21 -100 0 12 -92 -11 -72 39 72 68 4 -81 31 -47 24 -74 -14 53 86 -33 72 -32 -67 -85 -24 18 69 10 7 -21 25 26 63 -45 72 15 -57 -70 35 -34 18 -93 -34 -4 -70 36 14 -66 39 -84 -29 -86 -57 -24 -81 -33 -14 17 81 46 78 25 -32 68 -42 -95 -38 -97 99 50 48 -32 -24 54 -66 10 39 2 4 42 -8 22 -87 30 11 78 -28 -1 -14 37 11 -27 0 -29 -97 -78 -60 76 -92
-67 53 27 64 52 -81 -42 -17 15 -3 -62 51 -67 -90 50 -61 82 -58 15 -77 84 -89 -12 -70 61 17 19 24 13 -16 -76 -28 62 27 -78 -74 28 47 -95 29 25 -74 18 16 58 73 -82 48 18 12 -49 -78 5 -96 -30 -3 -49 72 69 -47 -97 -90 81 -3 -47 84 70 -9 -18 95 -63 45 -14 91 -19 -73 -50 -71 11 -44 66 -44 31 52 -59 82 -24 35 19 48 33 -55 33 -100 -91 -19 -91 53 -23 62
-51 62 85 -76 -9 19 -55 -40 79 15 49 89 -41 67 79 85 39 -61 71 -30 -94 -76 48 23 36 -67 13 -43 -93 -100 5 -2 67 91 21 15 36 -11 -61 -18 67 53 -86 35 73 20 -32 13 40 34 -53 36 19 -80 88 -87 -70 60 -98 -63 33 80 -76 -55 -87 89 39 -26 -61 -82 2 -76 -7 -92 11 -100 45 97 40 -3 -68 -63 -7 -86 -93 -55 -62 82 -44 72 -59 68 -55 -35 -68 -65 81 11 72 -74
63 -13 -27 55 -43 -54 -28 -43 23 26 -9 -34 -5 -83 -88 -25 41 -26 76 22 -42 57 -17 -73 11 -14 61 25 -69 81 -19 -84 -74 -45 -90 -54 31 -85 59 92 54 21 49 -41 17 5 17 -53 -43 74 5 95 28 -38 58 95 -51 -74 38 -30 -86 -97 29 -10 87 21 62 -8 -55 14 -50 10 55 98 -89 -26 -93 92 -83 54 89 13 37 -26 25 -21 1 93 -96 -80 -71 -81 -11 -18 86 89 10 6 -19 -21
-8 -45 53 66 -11 67 -76 -53 -2 -27 39 -5 83 44 29 46 -55 14 -32 -9 36 48 -45 -73 26 -40 -51 90 -15 -52 -49 87 62 -64 0 -76 -65 78 21 13 -69 -39 73 -55 96 -97 -100 -93 -42 -80 3 97 -63 77 57 -54 -92 98 -94 20 -79 -32 -35 5 39 70 -52 -45 -35 9 20 -79 54 33 -42 -17 -48 6 -92 -23 -1 -70 5 -3 34 79 71 38 -39 25 20 52 -13 -4 -12 86 77 -3 62 -78
-62 13 -89 -11 50 56 41 -46 -97 -81 74 -17 -90 73 -23 52 -31 68 -41 3 -80 49 14 85 73 -38 -48 15 -25 36 90 -39 -43 20 -14 56 84 12 -72 -99 -59 18 46 62 65 6 85 -33 83 -92 -76 -44 -97 88 -74 90 92 82 -23 -37 30 66 -100 -95 -100 -36 42 45 3 -68 -29 78 -32 55 22 -50 45 8 -72 -7 46 -80 -15 -31 69 87 36 -53 29 86 -85 22 -33 21 28 7 -52 10 80 -82
21 87 -26 -11 92 -45 23 84 -49 -18 -29 -98 -99 87 36 -54 -10 81 72 99 89 11 -45 -51 -40 -80 13 49 63 15 70 -14 -42 -31 41 -52 -26 -53 -64 49 -43 56 56 -48 86 30 5 61 -24 -72 87 30 -32 -21 -74 -15 -54 -1 93 69 -91 -81 -34 -35 -69 84 -15 -99 48 44 51 -65 81 -80 -96 82 97 47 -78 -45 71 44 59 61 73 -98 57 -24 -4 -24 27 -13 65 -31 -4 82 -74 74 80 -57
3 -80 -44 7 -2 -38 -33 42 13 57 -81 12 60 44 5 46 18 -13 82 4 -27 7 68 -81 79 -27 17 72 82 70 82 -82 99 55 -46 86 -26 -59 -69 19 -99 -25 -34 -28 -23 87 -48 83 -90 -70 -77 17 92 60 -62 30 16 -61 -3 11 45 31 -85 -14 7 21 -51 -9 -23 -2 -7 33 -41 -7 -20 66 69 2 -14 64 -4 18 31 -21 -34 16 42 20 -66 9 -13 54 39 86 55 -77 29 -59 1 22
-24 -67 -87 46 89 72 13 31 56 83 -84 -73 88 -85 -81 -51 -86 68 50 8 37 -56 71 -50 21 5 77 -48 96 -62 31 24 85 -20 77 0 -34 -89 -5 -5 -55 0 -35 73 -82 -5 -26 -82 -12 65 -21 -40 -80 22 81 -49 -25 -51 92 -11 60 -75 -15 -1 72 13 -26 -22 88 -68 -28 61 -51 -85 13 -96 66 -38 97 19 49 -26 83 -100 97 57 31 36 70 -53 10 2 33 -38 69 -59 61 4 61 26
-8 50 -77 -57 -7 -53 31 -3 -83 32 40 54 -70 71 -64 78 -72 35 -48 37 -96 40 21 26 0 -31 43 -82 86 56 63 57 31 87 80 -21 17 -49 -29 51 55 -13 -57 25 47 36 -17 -65 52 -10 27 -4 21 -29 37 19 -44 81 25 81 21 -95 -44 -14 63 -66 86 -92 82 -66 80 49 -94 65 93 -17 -10 -86 96 -100 -77 -66 -37 -69 -34 89 -8 -89 60 28 17 67 26 -41 -18 -40 -22 43 60 41
-66 17 92 -78 -25 -77 -41 15 97 23 11 -48 35 87 7 -51 -78 -1 -85 -3 -45 -47 18 48 -78 -78 -63 -12 33 79 -30 72 15 -21 17 33 76 66 86 -22 -72 58 -69 58 82 -6 -95 -38 -71 -89 50 54 65 17 52 6 96 -63 63 -12 71 -3 -47 51 -49 10 35 23 96 11 10 -63 -6 -43 -73 -46 27 -57 10 -69 29 -80 79 17 -10 28 59 -92 8 -51 94 1 -98 -28 2 -29 7 -32 -93 68
-33 -43 54 -33 -55 27 -28 72 64 58 2 -53 35 5 20 -100 24 -24 -3 -63 -83 -71 -15 78 71 87 90 3 27 67 -73 86 78 -95 90 -71 33 79 92 -88 74 91 -41 -67 -26 -53 -19 5 20 26 -30 -46 -7 -53 -36 -39 -52 -40 -80 -62 65 -85 3 98 93 18 -89 -96 -70 -39 -79 53 59 92 -21 -68 -11 -69 -47 90 -13 35 -52 33 80 -24 82 -100 68 60 -4 -79 43 31 23 -88 -28 -78 -85 -93
-63 -78 -14 -87 23 -95 -44 41 -14 80 -57 33 -6 -48 -83 2 69 -25 27 -51 -48 45 -14 52 99 73 -93 -83 -22 30 30 -41 -19 36 51 95 62 40 -36 -94 -47 12 5 84 69 -65 82 6 6 65 36 34 82 -81 -35 65 84 -79 43 -86 -43 -56 -19 87 -90 -18 -27 12 61 32 -41 -64 -93 98 -19 -40 -47 -10 -11 -33 -41 -40 15 -75 -45 53 -89 -96 75 -94 -81 96 -81 -35 -64 -12 67 -87 -10 24
50 33 -57 -6 96 70 -67 -37 -31 82 84 -98 -99 29 78 86 -98 19 -31 65 22 97 -67 -21 75 -24 -14 -27 91 33 -22 -65 -35 -51 -100 -18 46 98 82 -83 -36 -90 93 -88 -22 -68 6 97 70 19 -81 38 -29 -4 80 48 -8 55 88 -34 -66 -79 25 -67 -21 47 42 -66 -88 16 53 19 36 65 -2 48 -98 -70 20 -80 24 71 -59 40 -16 -67 -83 11 -38 -79 18 -58 29 10 22 -81 -46 -57 69 -25
-90 95 20 -96 -12 20 21 -32 -43 67 -1 -99 -14 -28 62 -73 12 -20 61 -25 47 -2 70 89 -49 25 42 -28 45 82 48 50 -40 35 -12 31 44 -74 -69 16 25 -4 38 -59 76 11 91 -96 -18 -67 -18 30 7 84 57 62 32 -10 -59 -18 80 -31 -24 15 -11 -72 -66 -87 48 2 69 -26 -72 -51 30 -96 93 -66 42 -5 -64 -20 -56 -71 14 91 -48 -10 -10 -42 -99 -77 -13 -98 65 -12 -41 45 -28 -22
38 37 -34 -62 -26 -66 13 84 60 87 -45 81 78 85 -44 3 -83 11 -76 81 55 -95 59 80 -32 53 -54 -14 -20 24 12 -100 -20 -70 91 43 37 42 -48 54 15 -75 -14 -22 59 55 -79 80 95 -32 20 -11 82 51 -88 99 -34 -1 -86 5 -91 77 -94 93 96 83 -36 54 -62 -85 62 94 -60 -16 32 20 71 70 41 33 -20 -73 91 87 -30 -38 -55 -11 -55 79 33 -23 4 -5 -30 -21 96 -39 -50 -35
15 89 67 60 49 -11 57 85 29 -9 -28 24 64 -33 45 -15 67 -13 57 71 -61 10 75 -64 -27 39 -25 -41 -14 78 -26 91 -72 -67 -69 -10 62 57 81 -53 -50 -45 -31 20 20 52 69 -85 78 49 80 60 44 -16 87 55 56 -65 -28 96 -90 -87 -8 -41 -72 82 -65 11 5 47 -34 -15 -33 12 95 -56 88 73 -7 -33 50 79 -12 47 99 -32 74 85 31 52 -17 -15 50 -40 38 -26 4 97 -61 -56
-17 -93 -35 93 29 -97 -40 -41 -93 18 -5 45 -62 67 5 -67 45 -64 14 40 -69 -34 70 -61 -77 -69 39 -35 -56 85 47 36 -17 42 -99 56 -49 52 20 -53 -77 2 40 -21 -88 45 -24 72 84 89 -74 67 -86 -50 42 -66 -23 -89 24 -80 85 -69 44 -24 19 66 32 3 0 -49 9 -24 97 19 -62 67 -29 39 71 46 61 -1 -73 63 19 53 69 -64 -68 81 -80 -38 34 -83 96 47 -89 -93 30 -9
-88 -94 -22 10 82 -17 -23 -77 92 -83 55 84 62 99 88 -73 21 -74 66 2 -90 -28 -85 -7 0 -44 -50 20 -27 11 -85 -14 -63 -54 -25 19 -49 55 81 -34 -93 -92 61 -19 18 -32 -92 -29 0 -9 30 40 49 -44 -54 45 81 90 -53 -7 -27 -50 -38 -74 44 -78 -30 -51 27 -44 -66 -10 -38 -84 78 -28 -84 96 -67 20 -16 57 23 43 -32 62 -74 76 -22 -2 37 30 26 49 6 -25 42 13 62 29
-5 -90 77 -16 50 -81 89 85 -50 30 2 26 -5 -23 73 -70 14 51 79 37 78 -68 63 38 8 -6 21 -42 -100 -97 22 -94 32 75 25 11 -36 -82 -30 47 -88 37 -73 -35 22 -56 -16 -16 -16 -58 -77 9 -77 54 -75 62 93 42 -52 42 41 -60 -91 -18 -10 -22 -84 40 82 -81 -41 64 -40 -20 -93 -33 93 -34 91 97 -66 -35 81 -37 -75 -69 63 -4 -27 -14 -17 73 24 -53 -100 32 -40 5 -43 81
-77 -79 76 -100 -93 -4 11 -56 76 38 -82 -56 41 94 34 -69 -58 76 65 9 69 83 -46 41 -14 68 91 42 -24 -48 41 -95 79 15 -33 -28 0 -20 36 -55 85 -57 5 -79 -36 89 -86 78 24 58 -40 -99 -32 -72 47 0 98 5 49 97 -67 -38 -95 4 52 -46 -25 -3 -93 -32 21 72 46 43 71 -56 51 -67 59 79 -2 -77 -24 86 -27 -40 -15 -29 79 50 39 83 -99 35 -74 45 -98 -99 -6 30
9 -30 -12 -99 54 20 37 53 70 -6 83 93 97 -58 -80 -39 -4 -73 4 -6 64 -48 45 -49 -35 24 -1 87 -100 -93 -10 -39 -56 -57 -89 40 -100 83 32 -32 -67 -8 -55 34 -19 -75 21 -44 -27 10 -77 -61 26 -77 60 -60 6 -73 73 -44 87 -82 -96 56 -92 -31 62 -45 -3 -46 -32 35 42 61 -80 94 60 18 -77 74 -7 30 -86 8 -88 -49 -32 67 -26 70 65 16 22 36 83 -4 89 8 -98 2
51 -37 56 -53 -64 78 -15 39 -85 -57 43 66 -10 -5 -71 -14 -62 -29 44 -2 93 -78 -31 13 81 78 18 80 68 -89 -16 49 -14 12 -31 -8 81 -9 45 20 -66 -48 -66 -36 -25 56 -19 -83 49 15 -57 -38 91 78 -88 -23 -94 -47 -67 -19 -64 57 -97 -6 28 -97 73 -47 80 8 -43 43 6 -21 46 -97 49 70 -65 -81 -89 -66 -39 -41 -56 79 15 94 -86 33 -21 24 55 56 66 -36 76 31 -22 82
25 -37 -64 -3 -73 24 -62 -93 -17 20 57 -51 -67 51 -64 -30 -22 -92 62 -26 30 27 -30 29 -9 26 46 -41 -32 -31 -100 54 13 -77 72 99 95 82 42 -75 -10 95 15 12 -85 58 -60 -88 85 13 -82 -32 -4 94 -43 53 10 -37 -47 -8 77 -25 -62 24 84 -25 -50 -52 67 99 28 -6 -33 -16 21 -3 12 -91 72 -71 79 58 -80 -14 -20 -22 26 15 -23 34 25 -83 6 0 -4 50 -46 -89 40 -18
80 -94 82 -17 -86 -62 83 11 45 -63 31 52 -82 33 -70 79 -58 98 68 -23 -51 18 -7 62 7 65 97 33 -31 -5 32 -83 31 -95 85 63 -95 35 85 -76 75 -59 -82 -76 43 95 81 96 19 -21 -23 6 87 -45 -59 89 95 1 -88 -74 -33 14 -72 38 78 50 45 71 23 -64 -11 4 -62 -95 3 -21 -23 97 38 63 20 -46 55 63 -80 90 -33 -21 -19 -52 83 31 18 -19 85 -59 -67 0 18 -27
-55 68 82 -14 -97 -13 88 97 -63 -28 -18 -65 46 -3 -96 34 34 94 -14 -87 39 26 -21 -10 82 68 11 -35 39 -91 66 27 24 25 20 47 95 -10 -25 72 -52 -60 -79 89 51 75 -32 -42 97 9 -74 17 32 -92 60 3 58 -83 53 -95 36 -41 -34 -84 73 -71 10 -12 41 -97 71 64 86 35 -87 76 -51 81 -41 7 67 -34 90 -18 -11 26 -47 -73 -52 -99 62 -86 -38 -73 -32 86 27 -72 6 14
-11 -8 -26 -23 -98 49 77 0 -40 68 -97 4 54 -48 -4 -55 44 -46 -96 35 -61 -56 66 42 -24 -1 -95 -8 -4 6 15 -56 97 81 -15 95 9 -3 -12 22 -16 87 97 86 6 -17 -90 49 65 -89 19 -32 -32 37 -84 59 58 -64 -19 85 94 19 74 25 34 -67 -36 94 6 72 -80 13 97 90 47 -77 21 37 -55 -86 30 -47 20 -75 -17 74 -98 -92 22 -82 99 -93 29 63 74 -41 -31 8 88 -47
-92 18 -37 -92 1 77 -56 41 78 -7 93 1 -81 92 -71 -51 5 -16 -79 -16 -44 17 -9 -11 -50 89 17 51 37 -76 10 -41 82 98 82 -63 -20 -71 59 71 -57 35 93 3 -62 -22 97 -79 -68 56 45 26 -62 -70 -81 40 -16 -70 -71 -13 -31 -41 65 20 0 26 92 19 12 60 31 7 20 83 7 -60 94 -49 57 5 1 38 52 77 -62 -82 97 23 -18 -45 -1 63 -2 -68 -98 -12 44 55 -5 -78
-83 7 -57 6 1 -67 -25 86 -10 99 61 -66 -57 -77 -44 -51 -91 27 -96 -5 18 -32 -71 2 -39 42 42 -93 48 94 -66 -94 13 -93 98 74 -48 17 -73 -99 -99 95 -53 -83 83 -53 61 73 -20 -80 -96 70 -33 -96 43 -88 94 17 -2 -2 -31 -3 39 25 -8 20 -7 -38 13 14 -67 -35 -3 4 -63 -67 -98 77 -74 69 -65 27 -4 -38 0 96 -31 75 35 -60 92 -52 -85 -11 -65 -59 -81 38 2 34
85 83 60 -14 49 90 86 62 87 61 80 86 -14 -47 77 92 62 -90 84 26 56 -94 -50 99 17 -73 -27 -2 31 60 -69 8 53 -84 93 -76 93 32 83 73 -55 -19 10 56 -43 26 90 2 34 34 -58 76 -35 47 -87 70 67 20 -26 64 -58 43 6 -93 76 7 75 -87 75 -97 21 -16 -82 -97 -41 57 -21 45 -16 59 8 -23 -72 7 -67 17 38 -11 3 -58 -88 -42 75 40 31 25 -79 -65 71 26
86 8 24 50 54 2 13 -72 -15 61 56 1 84 -64 -70 -32 -81 -57 -23 82 -46 30 -1 -87 -97 -48 -26 88 -5 -28 58 -9 42 -30 61 -8 64 5 -99 32 42 -89 24 92 -43 90 36 -29 -77 52 -51 -21 84 10 -70 58 59 92 -92 -35 -51 -89 27 -52 31 -16 -76 15 -10 38 -17 71 -46 84 95 -42 -38 67 35 -35 71 -94 74 -16 -85 78 35 30 52 4 -85 -34 -82 -5 -1 4 -16 56 48 22
-66 35 26 65 81 -23 -88 83 -27 -91 84 -35 98 35 -40 57 -55 -5 -66 -61 97 6 54 83 -75 77 -81 59 -15 23 35 -9 58 -18 64 51 -72 -39 -35 80 30 20 78 65 39 -10 5 -94 62 28 77 73 -3 -83 -37 25 79 -47 35 36 63 94 -64 -77 99 -83 -94 -56 -50 84 -65 -94 -25 3 -34 85 63 72 5 53 45 -85 82 -58 -23 -50 -68 54 96 64 -49 7 59 -24 -90 40 -36 35 22 71
93 -25 25 -64 42 -90 -93 -31 87 30 99 -93 10 33 -2 -23 26 -62 7 -93 5 29 53 11 -100 57 -84 -15 2 12 -4 35 -29 74 58 -62 35 11 72 56 -55 -3 64 -75 -5 -69 27 64 -23 -94 -51 -29 -42 -37 -22 80 -21 -74 33 -44 -19 77 -23 -25 33 35 -10 94 45 45 -56 -32 25 13 -46 53 52 61 9 27 30 90 -4 -37 -82 -29 -93 8 -30 98 60 -28 75 -24 93 66 6 -80 -3 25
-98 51 3 72 23 -1 46 -20 0 90 -43 -71 92 72 33 13 -55 -100 -90 16 76 -46 47 78 -57 -59 56 54 52 89 -44 -58 -89 52 -68 32 43 36 51 -62 -20 -15 -94 -30 -24 -92 54 -60 55 -60 -84 -95 -97 50 -72 -8 3 -94 85 -92 -55 -88 19 -84 -3 6 -23 22 -26 -35 61 -8 -46 -68 51 -86 -65 -62 55 -93 -68 -30 4 67 41 23 8 0 49 16 70 88 -74 -12 -33 -15 -89 65 -41 21
-30 -63 -4 66 30 -76 -26 62 -1 76 -69 -72 48 -48 -92 8 93 57 12 -20 -74 -26 -39 -50 64 64 84 94 26 54 -83 -1 80 -54 -66 7 2 -72 -60 97 67 39 -23 22 -57 -17 -78 -31 -60 7 39 50 -44 -67 17 31 -19 77 99 -80 -76 12 30 -20 45 -70 -81 -93 -62 37 55 -46 -91 -82 86 21 95 -89 -91 -100 -13 -20 70 75 1 -52 0 83 34 -84 -18 5 98 -77 43 43 -90 -18 73 63
-64 20 -25 -89 -34 -12 67 -91 33 -64 18 -65 -58 69 -99 63 60 98 -9 77 78 59 99 -82 -9 46 -22 -20 -35 97 -33 -63 48 18 -40 -81 -53 30 91 -83 66 45 -74 -84 79 24 87 -16 -94 -89 -31 -74 -47 -22 -80 43 93 -99 -31 14 59 47 83 77 -60 -94 -92 -93 -87 -71 21 -29 16 34 -7 13 76 -98 -31 48 -16 72 -37 31 -77 87 59 98 -96 22 -86 -76 1 79 85 -76 4 -9 -4 77
-22 -55 -96 8 -42 -58 -2 99 -39 12 61 -17 -82 -61 13 -78 -39 19 11 -25 61 9 13 -34 -82 60 51 98 87 81 -67 96 42 74 -3 46 -92 58 73 -37 -39 -30 -52 -45 -98 95 62 -22 -99 -65 82 45 39 -60 75 -69 23 75 33 95 -94 -85 -48 -40 52 42 24 13 3 13 24 -58 50 10 85 -21 0 -74 58 -53 -33 -73 54 53 -89 7 97 18 70 -6 21 20 -69 -24 67 -43 -16 -41 28 -82
-18 18 93 -65 -13 56 49 86 18 -84 -60 -46 54 14 36 28 75 -69 -87 59 38 -27 -3 -87 0 -95 50 20 0 87 -77 -27 85 71 -87 -60 -29 -86 -37 -59 94 -61 38 70 -7 -6 54 -50 8 45 79 17 -54 -60 1 2 -47 -94 -9 -48 67 -31 -11 -13 2 24 -21 -16 -34 37 -75 62 22 95 -20 -44 62 -9 -16 -71 67 -59 99 -6 23 -20 -46 -46 -19 90 92 -52 45 -20 11 47 78 19 -57 -12
-76 64 4 9 28 62 66 -100 18 81 -60 22 -96 -44 76 24 -73 18 55 7 -89 38 55 48 44 -60 -38 -88 -30 -86 80 -40 -6 -63 41 53 27 -42 -93 23 -24 -27 5 74 61 -71 17 -24 -22 -1 68 23 -55 -89 57 -88 -54 95 91 60 92 -35 99 21 14 99 -98 99 -64 -17 -81 7 -38 75 47 90 -28 27 57 -86 64 68 -46 92 -97 -3 -25 -52 -43 54 61 -38 97 -66 -42 70 97 -72 9 65
25 -23 -47 -48 90 23 3 -26 -9 -27 70 -37 29 -1 8 71 66 -80 40 -8 -8 -31 24 -11 -8 -72 -6 -45 -74 -25 -89 -28 -82 48 -28 -71 35 -89 -74 -21 26 56 -74 77 30 -34 93 80 -46 -94 -81 23 72 80 75 -33 -72 -91 -63 71 -38 34 -16 -71 91 -1 -16 37 89 65 -19 -51 -54 98 -39 81 89 53 82 19 -1 73 46 81 36 -38 24 -65 23 -30 48 -73 -15 -38 -30 -67 10 -72 -4 -37
-100 49 -45 -40 -63 -67 -30 35 55 59 -45 -17 37 -37 50 -48 -74 -84 -13 -81 2 62 32 48 -31 -92 -24 -92 -53 -86 17 8 -83 -34 -16 -38 98 69 -23 79 -87 -100 -12 -79 -74 -4 -62 81 -16 29 -71 41 87 -90 8 -10 -19 -24 -78 -9 46 44 -54 80 14 -94 99 77 19 32 80 -58 85 23 -59 -44 -68 -28 -14 -33 42 20 82 34 28 99 66 4 -33 -92 -93 87 -81 58 26 -3 -71 -29 66 -95
86 4 -23 -45 85 57 88 -91 -17 21 71 -93 71 34 25 -86 -79 -26 17 -94 -64 75 -97 -35 34 -31 15 84 51 -9 83 65 16 -31 48 81 -68 -100 33 94 -65 51 -79 -89 79 32 45 -80 34 -76 65 24 -4 96 -69 59 -26 -85 20 -70 -53 -50 -87 -25 -87 33 94 -98 39 22 -33 -95 -99 -50 -38 -46 -74 -75 -72 88 -16 44 6 22 39 -85 55 -78 78 -71 -84 -95 61 -55 79 -39 57 -35 80 11
50 82 58 -20 -90 -95 -19 -37 -58 80 -69 45 -40 -18 59 0 -82 84 -55 -46 -19 41 -48 -86 97 -49 -59 77 30 51 -22 66 91 25 -98 33 99 76 50 96 -33 54 -87 -15 -87 -22 73 31 17 25 25 20 -97 -86 -1 -98 -76 19 -63 68 -88 35 63 50 86 -19 -44 -57 7 55 40 89 40 94 91 -31 8 -80 76 73 -27 -30 13 -35 6 13 -65 47 -73 -73 42 30 -78 -86 57 -16 -49 -76 79 -79
-36 30 -20 -22 68 57 81 -85 34 -67 -71 38 98 16 86 38 -85 41 -22 -91 -7 -7 -16 -49 15 65 -36 73 -14 -36 -64 -6 93 52 60 40 10 -19 72 -44 68 -49 41 17 42 0 -17 -54 53 19 7 -44 43 88 -78 -93 6 -39 -25 1 -31 38 77 -76 -96 -11 25 -71 -93 84 44 -62 -75 -54 -30 -30 46 29 -49 63 97 -48 24 -29 77 9 82 94 82 -58 -37 -9 58 11 42 64 -87 -96 73 29
-65 93 0 88 -26 -68 -33 78 58 62 -43 44 4 73 -30 -29 85 8 12 58 -69 -84 -97 61 -68 58 -68 -32 14 90 -63 -86 74 -90 -87 -77 -37 -62 -49 -83 -80 -6 -35 11 -25 83 -94 87 70 84 -45 62 79 64 -41 60 -3 -28 -5 -86 10 -41 -20 -95 -56 -8 -41 78 -84 52 56 5 10 -11 -23 -53 49 54 54 71 78 -72 -63 -28 13 -45 -10 72 50 89 -88 57 96 39 59 -61 -100 -32 -83 22
-98 -39 -30 -59 -14 28 33 74 72 3 -66 -15 24 -64 -77 -7 68 29 10 -45 49 92 49 -7 81 -72 -33 91 37 91 67 -2 -67 7 37 7 -36 -50 31 -2 -68 -70 53 26 1 49 -56 -29 56 -77 -86 -67 61 71 -94 -66 74 17 -98 -76 62 -74 -38 91 -3 -76 -34 -34 92 53 -19 21 33 23 -46 40 -77 -69 -94 -57 12 -93 -29 -25 -28 -35 -72 7 -51 66 -63 72 64 -85 -55 64 -57 -93 89 91
24 89 56 -5 -31 -56 -33 -20 31 -52 9 33 47 -86 -66 68 60 83 68 75 -78 -23 40 -51 -69 16 -30 -70 -65 -68 54 79 47 -36 17 87 83 80 37 82 -31 31 -63 -22 -92 -50 83 -59 11 -15 -82 60 -5 67 -20 7 -83 -86 42 -36 -1 7 -43 68 -48 -74 -37 35 -49 92 97 -89 1 -14 -18 26 -63 27 -59 58 -80 22 45 43 -76 -70 97 49 -51 -68 -46 -79 55 -26 57 -96 -31 49 43 -50
-33 -90 -72 19 33 -98 47 13 -61 41 87 89 -17 -10 99 40 32 51 -81 98 -1 49 -54 -95 -11 1 -3 -75 -13 98 -25 50 56 -52 40 -89 68 -86 77 -10 -55 30 76 50 -88 -11 63 50 -21 29 59 -82 -53 -54 57 -28 87 -4 -88 -7 -30 60 25 -51 -53 41 97 -38 -13 72 46 -75 10 80 -36 -69 -25 -14 -24 46 59 81 -6 -25 -46 75 75 66 65 -26 15 46 78 11 -79 -62 -3 65 -91 40
31 -97 35 -42 67 35 -14 -62 60 55 -43 13 78 1 52 59 -87 35 52 -15 -61 -6 14 46 91 0 73 52 -22 43 -63 -79 65 -51 -90 64 -46 -44 -9 32 7 6 -53 78 36 -15 85 27 -98 -87 -42 68 -1 -21 85 -54 -43 -28 -56 -70 -53 -80 49 25 -12 -33 9 -73 -33 70 23 -5 -8 10 67 33 -98 -83 37 -91 92 -31 -32 -35 -54 -9 -54 20 -36 -38 -67 40 -96 26 -100 94 65 -12 -28 15
53 -3 67 1 -84 -28 -30 18 3 79 7 -76 -2 -75 0 74 46 61 -8 -25 -69 3 24 32 -79 93 76 -19 48 -16 -5 -34 4 -32 -94 -86 93 69 32 -30 -98 -26 -61 -67 -17 -67 5 22 -82 17 71 77 18 80 -11 -6 -88 67 63 45 -32 -98 -86 65 -71 3 -91 13 98 10 -98 56 -21 97 34 -3 -25 47 -78 19 -37 -69 63 1 2 -85 93 -49 -21 86 66 28 -14 23 19 -78 62 82 -30 -84
-5 95 -13 63 -89 -86 75 42 78 75 -14 -19 40 14 68 -92 57 -38 66 -71 -66 -14 32 40 84 -38 18 56 25 90 -68 87 -24 -48 -20 -33 -68 -26 9 -98 -47 55 -40 -91 -88 17 72 67 6 36 -27 35 71 -33 50 -76 22 95 40 38 64 -50 -90 22 95 9 67 -82 75 7 64 -38 -34 -23 -18 42 71 63 -86 -73 -85 4 20 -11 85 -37 55 -71 -73 -73 -9 18 63 -42 -16 32 25 -83 -77 -59
81 -10 -71 83 -28 -10 -34 18 -38 -19 74 37 -35 80 -46 25 75 94 9 20 77 48 -87 61 -79 75 -12 87 80 7 -26 -18 -17 -57 -70 -51 46 76 -45 96 -74 4 48 -56 92 15 7 89 79 87 97 44 -2 -66 94 -88 -31 3 -95 75 -91 -33 -88 -91 80 -73 12 -90 40 4 -55 3 7 -81 -84 91 9 -48 35 6 49 -54 48 96 64 12 -50 20 -70 -85 68 -77 -90 -16 59 -55 0 -18 43 2
74 -46 -76 -47 -87 15 -8 -19 -59 55 45 -87 51 20 60 72 37 24 11 -24 40 -99 14 14 88 -40 67 14 55 -97 84 25 -78 76 -88 -1 33 69 0 90 -96 81 -65 53 89 74 2 -80 61 38 -41 86 -84 58 48 -11 65 48 88 -20 47 -88 15 47 -61 -32 -79 -91 -29 42 87 85 3 -72 -99 -75 77 15 82 -44 59 -50 -25 34 -71 -64 76 -23 -57 88 -11 -83 12 66 -70 4 -25 72 -63 -67
34 -79 -43 77 -13 73 -47 -6 -26 83 80 93 -13 -34 -72 -20 -6 63 -42 -97 30 -56 46 61 -79 8 91 -34 48 87 48 -82 -97 22 68 -11 -53 5 -53 -70 77 45 12 -60 39 91 10 53 51 -31 51 40 27 -48 36 91 59 36 -13 10 -10 -24 11 -66 83 39 48 54 20 -70 61 -15 -83 -43 60 -51 18 83 -75 52 19 32 69 -86 -98 1 41 62 85 -99 -34 67 21 65 -93 36 66 -87 74 -52
-37 -50 9 81 86 -79 -21 -18 71 73 54 -16 -83 64 17 -11 81 38 69 -37 -44 27 -92 61 54 -76 51 55 -62 77 99 4 31 -75 31 19 34 12 34 -68 -84 71 -69 -73 -51 94 -23 11 89 18 67 38 77 41 -4 45 -26 86 -94 73 4 -88 37 68 90 53 54 -84 -90 -44 37 -92 -92 67 25 10 -44 41 -29 50 72 -28 -67 -63 -24 -43 -73 -16 -41 -34 32 72 82 -94 68 47 -57 12 -4 48
-11 -33 41 55 -23 -16 61 37 92 98 35 79 -3 -11 -39 5 86 -62 -88 20 -67 -55 76 -33 -83 -46 79 -17 46 -16 58 -27 10 50 -15 48 -39 98 66 3 39 48 81 -1 93 -79 -94 -48 99 10 -31 -61 49 31 -43 16 51 57 -77 90 -7 10 -15 -79 53 -76 -31 72 -58 -54 -16 4 -54 -48 86 20 -84 87 97 35 29 98 89 -50 22 -73 -9 -66 37 -23 68 -4 -73 -100 -10 -23 -42 -26 89 -58
50 3 -28 31 -83 -43 59 45 -68 -17 42 52 81 -33 79 -34 14 78 -87 -87 44 -11 97 44 -78 -9 9 6 -47 57 -27 -22 -19 -24 -82 -95 -50 90 -56 -13 39 39 25 -69 94 -51 49 62 -21 -32 -92 -26 60 44 -99 8 -59 -35 5 -48 92 -17 53 5 96 -79 -94 90 14 90 -56 -39 -50 -77 97 57 -65 -40 15 -52 -88 62 98 93 99 13 28 22 -48 -18 -92 57 -63 36 89 37 -14 69 11 18
-49 -1 -33 -12 8 -71 98 6 79 88 49 -100 33 -26 -94 60 -6 -62 62 38 -63 52 -82 79 -16 28 49 -48 -27 -45 2 1 94 -64 -77 86 6 90 50 72 -97 73 -21 -50 -68 93 -100 -25 -80 -61 35 65 -6 46 -56 -8 -12 -41 0 -59 -64 -65 -44 10 -71 94 45 -38 38 29 0 -8 -36 83 -64 53 -66 -49 -52 33 -16 -85 -50 -3 -67 -32 -1 70 -97 -65 85 99 75 -98 -61 98 65 -16 52 -17
-34 8 -88 -28 44 -17 -62 87 -62 30 -72 -15 -60 -81 8 -81 43 82 8 -87 52 11 -32 -90 80 -59 -88 -45 7 28 -48 12 -39 -8 -27 -15 29 -54 35 42 51 -44 80 11 -36 -2 66 -67 57 -98 -44 27 -99 -87 -28 55 -71 58 -25 -55 -5 -33 -13 6 45 -2 -95 6 -32 58 47 -30 29 64 -92 67 -29 56 -89 -57 -94 30 -53 63 55 -54 -16 68 -65 21 -6 72 -88 95 49 -70 -40 -3 69 -59
53 -78 18 -67 86 -9 -7 62 78 -8 -42 65 -97 -34 -81 92 -72 -63 24 -61 -81 -52 77 63 49 -52 -64 71 -10 -84 -12 51 39 -28 68 64 -55 58 87 81 74 -29 93 -10 13 91 83 35 36 -93 50 69 -14 92 -84 -59 45 39 -78 -86 -38 -48 78 26 -64 -20 -71 -38 66 92 22 -24 60 -21 -79 -67 48 8 99 22 52 45 -61 99 44 -100 12 77 -36 64 -60 -59 -75 86 -56 -73 -23 43 -91 17
-10 60 -8 -32 82 31 2 -63 80 -60 -35 61 -54 -87 8 -17 10 55 -85 -25 -36 -71 0 -71 -12 -95 32 31 -10 -64 -52 4 71 -39 -68 95 65 73 -75 -83 -87 -33 44 35 -89 -11 99 -38 -19 -11 -58 -84 -88 -93 -12 -83 -75 24 -86 6 -37 -26 -19 77 76 -86 8 -9 -49 28 -46 37 -88 -67 74 -57 -82 -92 -74 91 -7 -48 80 -32 46 59 -19 49 -26 -6 -73 -91 -16 43 42 17 -84 -51 -1 -59
-59 -33 -22 -94 -93 24 -30 -9 -39 58 -33 -54 45 -1 77 86 85 -98 -66 -82 -76 -2 49 41 6 46 -41 -20 81 11 -92 -57 -86 -26 71 -41 -77 -89 -13 -63 31 6 -31 -85 68 37 -3 -79 -99 -27 58 -13 -29 -63 -7 -71 29 -90 -35 72 -4 86 -83 -18 -64 -11 45 67 98 5 -67 99 65 -13 -96 -57 -11 -22 -20 24 -16 47 93 -9 97 42 38 -31 19 25 38 84 -50 -83 31 -42 72 -91 43 0
-52 -12 78 -79 40 -93 -13 -86 91 -52 55 -22 -59 24 40 -18 -57 -15 38 -14 51 -93 9 95 68 74 -59 15 -22 60 63 45 13 31 0 22 58 -31 -32 66 6 -70 71 24 31 -55 17 86 -52 -33 53 -58 -75 56 46 -70 -43 61 93 -24 18 -60 94 -26 87 28 23 -5 33 -76 84 97 -76 58 27 91 67 -52 -13 15 -18 38 -37 -95 51 32 8 53 -70 53 -88 96 89 9 -7 26 28 89 49 -60
-100 -54 -15 50 -9 6 5 -39 78 -24 -60 60 -67 -20 8 -21 -81 -95 14 49 52 97 -78 84 -46 -63 37 3 -10 -86 -27 83 81 -13 -57 85 -21 -99 -36 86 34 -60 6 -21 64 -91 48 -97 89 -55 66 43 -77 25 -31 -16 -97 34 84 72 7 -41 -66 -7 51 92 18 97 37 -84 84 98 -75 54 80 -41 -92 -85 -4 -12 -36 -50 64 -89 -5 27 88 -68 73 -45 -46 54 21 6 64 -79 -38 63 -47 31
45 -89 -4 -71 -55 -89 -6 -93 29 -95 73 -88 63 87 -90 2 70 -65 -40 -50 41 26 -81 32 -79 67 -57 31 44 49 44 63 8 46 -31 -77 15 -47 36 67 -75 -15 13 89 -18 -24 -4 44 -41 18 86 73 99 -65 60 53 -97 -81 -94 63 -65 18 37 63 -25 58 -2 -82 -34 93 96 -55 -65 -68 88 -13 85 -38 23 -48 94 -34 -34 -75 53 89 48 -53 30 -13 4 -72 -25 -47 -33 92 -43 -60 64 -90
92 -34 6 36 68 86 -34 40 -31 45 -86 -42 46 9 89 22 -4 -53 39 -3 -93 -60 -60 58 -6 87 55 -41 -6 -98 -50 -53 -61 -93 34 -6 -96 27 -100 78 95 -26 8 5 -16 -90 -70 36 50 -40 -93 -65 -91 6 85 45 97 -62 59 -92 27 29 43 39 46 -49 48 -18 -76 -61 62 78 -21 -44 -87 19 39 -26 98 79 84 30 38 94 -36 -5 -83 21 -81 -3 37 -46 88 -47 -74 -16 86 25 75 92
86 -43 53 26 -73 93 -2 -72 -40 -40 -32 -89 2 60 -20 -29 -94 63 -62 -74 35 -83 -25 24 -27 -47 17 87 -78 -13 75 95 -99 40 4 -99 16 -58 -44 82 -62 -57 32 98 -77 -85 47 53 -22 -40 -4 61 -60 24 21 89 -12 50 61 54 -92 -94 79 -33 1 57 -84 -62 -61 -6 26 2 9 -20 19 50 37 -92 77 -28 46 -97 64 86 87 96 -33 58 7 73 67 2 37 2 15 -14 93 34 -6 -31
-21 27 -75 -95 2 -39 98 -73 -74 -6 -6 12 75 15 -80 -65 -51 45 52 46 88 50 -70 39 86 -69 56 86 55 0 18 -19 -67 78 -82 27 98 99 -23 76 38 -28 24 15 -84 64 -76 -39 -43 -65 48 8 47 96 40 -5 -21 -68 48 57 -22 58 46 -20 -89 -29 50 -6 81 -66 -60 -42 -74 -7 77 -22 61 -19 71 -63 -32 -97 69 46 -27 32 26 36 -71 -22 -83 19 -8 81 -5 52 -33 92 4 -4
50 -1 36 -85 1 -16 69 29 15 52 46 49 12 -41 -16 -38 1 -96 48 63 77 0 -90 88 63 88 -31 52 77 -19 -55 -29 -91 63 5 -98 17 -65 -86 2 -57 -60 68 -26 48 -41 2 -86 87 -36 75 -96 -30 79 30 -83 8 57 -24 -92 -29 -32 39 -30 -87 57 75 80 41 41 9 -97 -54 -35 -30 -15 4 -49 -90 29 -6 -14 -82 4 10 67 -100 51 -51 31 -77 79 34 -54 64 96 -13 39 -60 70
-20 28 -99 -81 66 28 74 91 -32 32 45 48 -50 -70 42 61 -64 -95 -76 44 -76 -28 -38 62 -99 25 91 -100 -82 53 -86 -72 39 39 21 0 -27 -82 62 -97 -16 93 -64 -7 -57 14 -82 -40 13 48 54 -48 -65 -18 -76 -89 12 -11 0 21 75 -20 74 -29 38 -11 -1 -95 33 47 -25 1 -95 30 26 16 -3 -11 71 29 -52 -75 54 67 75 -85 -10 3 -86 2 -60 -52 6 -8 -6 48 16 7 -82 -16
-21 14 30 -7 78 -40 -35 40 16 57 7 -39 -14 42 -57 87 -3 -56 -84 56 -15 -80 -42 -15 -15 -98 -59 -79 18 -11 -39 54 81 -50 9 -76 -14 -71 96 28 46 -25 92 47 41 56 44 -52 -3 -77 -98 72 24 -90 78 -58 -96 45 -70 12 96 66 74 -74 99 -95 -71 53 -87 -39 36 14 86 21 40 -62 91 -96 -15 -42 51 40 -54 -58 18 59 41 -20 32 65 70 29 15 -61 6 43 -39 -11 -95 -14
65 -71 20 -65 -46 -26 -68 -42 53 46 54 67 -9 84 -54 -9 4 -8 -82 79 -39 -12 45 57 -6 18 -90 -58 70 52 -91 9 35 29 -78 -25 88 -55 -11 23 47 -31 -75 15 -6 58 -33 -32 96 12 -66 -68 -4 -2 -83 19 -81 83 -17 24 -84 41 61 -94 -94 -24 -80 -30 -65 -73 -58 -76 63 -77 34 61 -55 31 -90 67 -39 85 -17 -34 -12 75 -100 43 -16 5 -72 -28 -25 -28 -48 -48 -90 61 -3 -62
-82 -28 14 89 24 38 35 38 29 -2 -25 -32 -78 -20 50 77 35 -57 51 -94 -2 39 13 -6 72 -93 10 -4 -17 49 88 -64 -80 58 20 -64 13 -45 56 -24 33 -7 25 -3 85 45 -65 -1 1 -64 71 -9 -21 13 82 95 3 46 5 30 -23 62 -66 79 0 7 -70 47 -73 43 -6 49 99 56 95 -96 85 -17 67 -46 15 11 87 98 77 29 -47 60 -62 94 84 15 -85 37 -95 -56 94 -97 28 80
42 4 20 65 -90 39 16 -10 -55 -42 -32 70 -95 -18 51 48 -22 -23 86 45 -38 29 -27 27 -50 70 4 -79 -36 -25 -8 -17 14 1 -60 45 -40 23 -13 -63 -89 62 -62 4 2 65 29 81 -55 -78 -47 87 8 27 75 42 24 18 8 13 -23 -12 52 11 -67 27 90 4 37 -20 -40 -62 -37 22 -56 -33 34 96 -93 -71 -62 99 48 23 -33 97 25 -20 -85 -5 55 -98 88 99 -22 22 85 81 48 -25
-85 -37 60 45 -94 8 -64 -17 -51 57 -31 -40 -50 -33 -99 -64 -90 88 -37 3 -6 16 94 22 -29 -79 -47 90 48 1 41 -73 14 -3 23 78 -3 74 -78 62 -100 -48 82 71 2 95 74 63 74 -100 -62 -97 -64 43 -78 61 61 -81 -53 11 73 -19 9 -47 61 27 -68 -49 68 17 57 80 58 64 78 19 0 44 19 7 74 57 91 -4 23 67 77 -100 31 42 68 38 -22 -36 -38 -48 -49 -49 9 30
-23 25 -40 -59 65 -49 -11 -85 19 -6 99 -96 13 68 0 98 13 -53 86 -5 70 57 33 54 32 -11 63 -77 67 -81 -72 -8 59 -83 -22 -50 -56 28 3 16 -4 -45 85 -50 93 73 53 -4 -80 -2 92 63 85 -88 81 5 -86 48 -60 -12 88 -47 78 -69 63 16 -5 -33 33 -2 49 42 5 87 7 32 20 38 80 83 98 -67 -44 -40 4 45 -3 26 8 -7 40 -46 16 60 -78 30 -86 -6 8 -91
-51 77 -73 -59 65 78 26 -98 -13 -51 53 86 47 -55 5 -70 22 -22 -82 11 48 -15 -97 87 -63 -2 -24 -66 -33 -82 56 -96 56 -14 64 35 -97 8 -3 -33 90 -79 29 99 34 -61 -52 -12 84 56 -99 -10 -78 53 84 40 39 -30 -32 51 -40 36 12 64 4 -38 60 -97 90 99 99 70 -90 -68 8 8 -91 66 -19 1 52 21 42 -55 46 -17 28 -84 71 -54 -67 -9 83 -19 -23 65 -89 38 -30 -50
-2 4 80 -34 -3 -77 -25 -89 33 81 -13 -78 61 0 -38 56 6 83 22 43 -74 -64 24 -100 -17 31 75 -99 -96 43 -34 -95 -53 84 -70 91 42 -45 38 29 29 14 -39 61 -11 19 -45 98 -4 68 -32 -91 -66 2 22 -28 -23 51 84 69 41 38 -59 -59 12 45 -90 -8 -50 87 -81 -96 39 64 -66 -60 -80 -92 64 -45 63 -18 42 -96 39 15 68 -81 -75 -83 81 86 -79 17 36 -43 -79 47 -89 -10
32 29 -59 43 -28 30 -42 72 33 -17 -68 -63 74 34 51 -37 55 -84 -57 61 -87 -7 79 2 -9 -84 30 -24 3 -28 -4 64 9 58 -12 -61 -65 4 -34 68 -51 53 -36 -86 40 -18 -96 76 73 -25 55 -29 -89 0 17 -18 -97 -76 54 68 -58 8 57 -14 -78 74 -59 55 40 -38 29 64 71 7 92 70 81 -24 -95 18 -33 41 12 7 -15 -54 38 -65 57 99 72 70 7 -98 -36 -56 92 71 93 89
-7 95 -39 88 -59 -29 38 48 -48 33 -89 -10 -35 74 -58 95 64 -99 -36 -48 41 25 -23 58 -36 -100 -3 -66 -40 26 -95 -7 -21 -75 87 40 -66 -49 -35 28 -5 -100 -5 59 -26 32 38 -76 47 4 -74 4 -22 -85 -4 37 -100 7 13 73 73 -69 -35 68 -1 -41 53 -1 -45 -88 36 -81 -30 29 -94 35 -64 -88 55 85 40 65 76 24 85 -75 -79 -55 62 55 -57 76 -54 6 -52 -24 6 -49 -51 -53
-93 25 57 73 -74 -9 51 51 -76 82 50 -73 -43 97 55 -55 45 -69 -59 -91 -93 73 -11 59 -32 10 16 -96 50 -47 61 30 -66 20 -27 -50 80 88 10 -58 -47 -20 20 90 -6 15 29 53 39 93 -9 -8 0 54 89 27 38 -24 45 -52 -41 13 39 -59 52 95 -58 -5 -19 39 -13 -14 79 -53 14 -1 -40 91 80 -81 54 -49 36 20 -4 -94 9 -21 74 -70 -35 -57 0 12 79 24 30 12 20 -19
-31 49 -10 45 -86 98 61 -68 -94 -18 -40 32 -83 76 14 80 95 36 38 -2 -49 -29 9 58 -57 34 -10 63 52 63 -9 99 83 97 -13 -86 7 -29 11 -7 -36 -90 99 -22 -54 82 -65 -66 -7 -97 10 -7 -41 71 -70 -55 -98 -88 67 -2 -59 -60 83 13 -8 -95 36 33 96 76 -43 36 -27 87 -94 69 53 -33 -66 -82 -77 80 77 -28 94 -88 4 -100 -86 -32 90 -93 -12 -75 6 -99 -58 -18 15 71
98 -76 13 55 63 -95 -62 44 -40 -77 45 32 94 69 44 -86 1 -58 -77 -61 -33 -43 53 -38 -94 57 98 14 9 90 -32 6 -11 32 -72 -96 -38 73 45 56 -41 -73 38 -76 30 -12 12 -12 45 8 23 46 -95 16 62 97 5 9 22 -30 -97 -53 8 22 -39 -77 88 41 -89 -40 40 73 85 -58 -8 88 -77 -50 77 -74 71 -72 -17 10 -25 -49 -99 -97 -62 -95 43 30 25 73 34 -85 6 21 47 38
-39 -96 41 90 -22 24 41 92 -53 23 25 -94 65 -8 -100 -48 5 -32 44 13 70 7 -100 -80 1 -12 74 -2 -77 18 49 88 -7 -20 -77 -32 -39 -51 -16 42 39 36 -12 -6 -84 -55 71 99 2 -23 43 66 -85 -96 -70 3 0 -93 86 24 -38 -1 -83 -5 -4 13 99 10 0 44 0 -50 42 -49 -53 -65 18 97 14 -27 90 52 89 36 -21 68 44 27 86 -48 -77 97 96 6 -5 67 18 -59 3 -60
63 10 -83 3 -67 -67 -93 -11 70 23 -16 20 65 -87 95 93 30 11 36 -68 -62 -42 25 63 -86 15 34 -47 84 -66 -85 -23 55 90 -36 -35 53 -97 -26 -30 76 -12 51 13 89 22 38 -40 29 -41 -42 -33 21 94 50 92 45 -70 -33 -17 -80 70 -100 -69 69 -45 -74 75 24 26 27 10 -41 -24 -59 -74 -21 -12 60 23 49 53 0 -58 61 0 32 -65 84 80 57 -5 -14 -43 -71 -24 65 96 35 -32
-73 -24 -99 -11 -63 -25 -25 -72 -92 82 94 63 -42 -89 -88 -3 94 -9 10 49 59 -6 42 -64 -33 -64 97 -72 -24 5 -29 -36 67 92 25 11 41 -74 -5 93 -94 -95 -50 -12 -68 -83 -7 -47 76 67 34 81 72 95 -23 -97 -48 29 71 95 76 97 18 62 -32 34 6 44 81 10 72 37 65 -40 -15 -46 -76 0 -22 -13 25 -25 -9 -36 -59 -61 64 18 47 60 41 69 -68 53 42 77 92 69 -39 32
89 -11 51 -47 -7 98 -54 75 -68 -43 -16 -100 24 47 73 4 -31 -65 9 58 31 64 3 -2 38 81 -59 63 -59 93 90 84 -41 6 -32 -21 -96 -84 12 -45 51 -34 74 69 3 58 37 -71 35 76 -19 14 16 21 4 -90 -54 -67 36 -68 14 -41 -59 -88 53 16 -15 -33 -61 -72 34 -64 -45 -6 87 9 -2 7 65 34 52 -29 84 20 17 54 -13 3 65 55 40 83 -66 -36 10 -90 -50 25 7 -24
26 39 -36 -6 26 -49 -11 -51 75 68 -43 -93 -78 -52 -22 2 37 41 72 6 95 85 36 39 -44 -35 34 -23 -76 -68 -55 13 -36 42 -89 -12 -35 36 18 -55 57 68 81 92 16 31 -69 -88 66 46 -30 67 48 85 -20 -8 73 -85 -23 61 61 57 64 34 46 23 82 -81 -83 34 36 74 42 -21 29 30 31 -4 67 -74 64 -34 -74 -18 -7 53 -43 76 37 17 18 56 -8 -11 -75 21 24 40 4 54
67 88 32 17 -45 -62 -79 -43 6 98 -26 70 60 78 15 -100 -91 33 63 -27 -28 -32 -10 22 82 57 15 -1 -93 81 26 81 -20 -89 45 -57 -3 79 -99 -70 -56 -27 72 62 -63 32 20 -65 38 -56 32 76 -42 39 -64 -51 -91 -5 64 70 89 -84 -47 57 88 89 -99 -42 19 -51 43 -39 53 -43 99 -77 -80 -80 -71 72 16 -67 -49 -48 25 30 47 -22 -100 -21 -64 -29 -91 -20 -56 37 -40 -72 31 -66
-9 -49 -47 -65 29 -3 -5 59 15 91 -94 24 67 -55 -6 94 -48 -10 -36 -49 -33 29 -2 -71 -46 -47 -59 72 80 11 24 -51 -36 -87 -3 78 -11 61 3 32 -38 32 22 -22 3 11 60 -3 81 -40 -68 67 47 -21 29 -62 -6 73 56 -44 -14 -56 -36 -54 54 23 -17 51 -77 73 97 -59 44 13 -63 -68 84 11 30 91 42 76 20 11 11 -47 15 -36 4 -72 75 -77 -94 20 64 74 -54 -85 -66 -31
8 48 -2 17 -5 -60 64 62 49 56 -11 9 -34 -4 -74 38 -98 -47 32 -1 20 93 67 -19 -61 -86 23 -11 -44 -10 31 -32 -14 4 52 19 -68 71 -9 -24 -17 5 11 85 97 48 -54 -5 -70 59 60 -49 -81 -1 78 -67 -80 37 -12 -54 -76 -78 72 14 54 16 -47 -34 -58 82 9 -87 -47 -7 1 -70 87 -65 11 -70 41 84 54 -61 98 -14 32 55 -80 -24 66 52 -51 50 1 -95 -87 -57 64 55
2 -52 43 91 82 -9 89 -69 -16 -50 -100 62 -95 77 86 46 -27 79 37 -87 49 60 94 -43 77 -32 -60 6 52 -65 17 -91 -79 -10 9 14 -34 62 89 64 28 12 57 99 12 69 -66 55 -10 12 -17 76 -87 -89 -38 -82 30 92 -29 7 53 -28 51 -67 -8 5 14 -8 -27 -94 9 -69 72 0 -58 -26 -12 67 71 -83 12 65 -36 72 53 29 -29 60 -81 4 -99 -22 -25 81 -99 -55 94 46 -53 -66
48 -52 -26 -46 -75 -20 53 -38 -3 -29 -66 76 83 -73 54 -27 -25 90 42 -18 -83 -8 -53 -1 -82 -9 11 46 54 88 -68 25 -95 12 57 66 87 -85 65 -29 -2 73 -22 -17 -16 83 -6 -1 -56 88 -93 58 -54 9 64 -46 -92 53 -41 -29 -68 11 -84 -72 -33 -21 68 -95 -82 26 -26 -47 97 -67 -14 -80 98 64 -78 36 -45 63 15 62 62 -55 -3 37 -87 16 -56 -100 -95 59 -76 -78 98 -50 11 48
94 70 -23 76 71 -57 61 -58 50 -87 -8 55 -63 -71 -73 81 26 -19 -45 55 -12 -95 -37 43 -96 -36 -23 60 37 88 -55 57 -72 65 -4 47 93 -29 61 12 39 -13 74 -64 98 83 -55 6 76 -34 12 -21 2 47 36 -59 67 -89 -40 57 97 -81 86 -72 45 4 77 62 17 -57 43 5 -91 98 37 -6 -87 -36 -25 98 -40 71 -9 -55 -38 -12 -68 -84 -100 32 3 37 32 54 -69 53 -65 39 -73 -52
