-26 -29 -56 46 -9 -9 9 75 27 -63 10 -95 -78 -64 -63 71 11 -36 2 -5 59 -84 30 42 -40 13 5 22 -15 -42 85 23 -47 -55 84 -1 3 -8 -25 4 -32 40 -81 37 62 -38 23 99 9 48 -67 -66 9 -85 -88 49 59 -90 51 -26 26 -9 -70 69 -55 -100 -97 28 71 -9 81 96 -51 79 -100 58 68 19 5 27 51 -99 78 -86 -34 95 49 -95 -28 -68 66 -12 -98 -71 -73 -75 -63 57 -94 -7
-8 -85 -90 0 -48 91 5 -99 -13 -55 -76 -23 -54 -43 34 -22 -20 15 -64 -21 -34 41 43 38 -90 -76 -35 15 -39 -83 55 23 24 -79 -43 78 -43 56 -11 -9 -25 80 78 19 22 -64 -5 76 31 13 -97 -15 89 -38 -76 -95 -34 0 -25 70 78 -69 36 -69 -32 -50 2 63 2 -4 26 26 -30 -21 15 -48 27 -73 10 28 -94 -95 2 66 65 -34 -25 55 -84 -64 74 -90 -94 -34 -15 0 72 -61 62 -10
-10 63 68 -49 77 16 39 -28 22 -78 -16 -28 55 -22 -56 51 -8 -16 -47 -60 10 58 -77 66 -94 -55 -29 -10 -97 73 78 -34 -15 60 -52 -52 -8 -61 -53 -27 43 33 13 40 -99 -6 -86 64 95 63 -3 22 -59 24 -76 -42 -55 91 -19 17 -28 -54 -15 -16 -38 -21 25 80 51 -37 -60 12 -35 13 -30 29 14 -64 -89 -49 96 -84 84 -74 -71 -34 36 96 -66 95 52 -80 62 -51 61 5 -82 21 33 -95
32 91 46 -85 96 78 84 -70 50 90 75 48 -17 91 40 -46 82 -54 9 54 -74 68 74 47 91 -89 99 37 -57 -8 4 -94 84 -51 37 -55 11 61 59 33 -67 94 25 14 69 -75 45 28 -17 -13 -25 52 -97 -59 30 -91 -37 5 -37 -51 -10 22 -22 31 4 -98 -91 61 -35 61 -62 -90 -28 -49 59 -13 -60 9 -75 -70 13 -46 -40 -50 9 85 21 -51 -82 51 -56 -66 29 29 94 -84 62 40 34 -58
-48 -36 62 0 -87 19 26 -43 28 44 -5 7 -81 72 91 33 -68 -62 99 -30 36 49 44 62 82 87 -36 -66 99 -15 -10 -29 -59 42 5 98 -83 -97 86 -46 83 -11 -54 13 -15 -54 8 16 8 55 -21 -10 -65 48 64 69 86 -91 -3 65 16 -43 -2 -99 32 86 2 47 31 18 -49 -52 16 -86 9 35 89 22 -94 53 -53 87 95 -66 9 3 -88 39 65 56 70 -43 82 53 -91 -74 -9 16 67 27
66 -35 35 18 -11 78 -90 -32 58 -34 9 -22 -52 -68 -25 17 0 25 94 82 19 -53 -90 -8 -76 -98 -54 -18 -78 -9 -4 -67 79 50 34 -84 -12 -56 59 -100 1 -17 -41 48 -90 -91 23 90 71 -10 56 3 -5 8 11 -29 98 68 -37 -59 -80 45 -78 -81 7 -9 4 93 -50 33 -83 38 90 57 -7 -7 49 67 13 3 -87 -39 -89 11 -23 68 -35 62 25 -48 -23 -63 86 -59 97 -98 56 -59 -55 -1
64 -26 66 3 -48 39 -91 -36 50 99 88 58 -10 -72 -51 77 63 -26 17 -97 98 49 22 -39 15 -51 87 30 84 -23 -75 -31 68 89 39 -48 -22 -45 -27 -32 21 -30 88 -48 84 -27 -15 54 11 64 -31 62 -58 9 -74 -11 -13 -89 85 -48 -96 52 -89 -83 45 -8 77 -97 -92 -93 41 48 97 -27 -96 82 2 16 19 -52 80 -50 64 68 -4 35 -98 -97 -16 -63 84 -99 65 -76 72 8 -74 18 27 87
-51 -40 -19 33 6 -38 30 -73 -47 39 -21 -27 -47 -32 -19 -72 -1 -55 -23 -26 23 -77 -84 -70 -33 -15 83 54 14 -91 -51 85 -21 93 67 -11 -6 -84 47 88 92 74 -14 -17 52 46 -48 -52 -47 -91 16 -30 -32 87 -16 88 82 -50 84 -90 29 -70 -7 67 -7 -43 4 72 22 -63 31 61 -29 -24 -52 -92 27 55 -26 48 -60 62 -13 -2 -72 -80 -36 -12 8 -52 -56 92 -5 47 -22 65 -72 -4 -16 -77
-88 -98 -46 72 -86 -36 -97 66 -60 -15 -93 79 72 16 80 77 58 54 -35 -17 -28 -33 -99 -4 91 -19 55 -15 64 -5 92 -34 -78 81 -5 98 93 23 -37 -61 54 -19 -7 11 -96 -17 37 -77 -92 -73 -93 -1 78 -84 -79 25 -92 41 -33 24 3 41 77 91 -90 -80 -53 23 -32 97 -1 -69 51 60 -8 60 -71 -45 -30 -64 -1 -10 -49 77 -19 -17 -76 75 -38 95 28 73 52 37 4 72 -82 -74 -8 4
-98 22 43 53 -67 -16 -8 -41 63 -79 26 -93 -68 -47 86 69 98 79 19 2 19 79 -8 -10 -26 91 68 51 79 70 52 -80 -35 -29 43 64 -83 20 -37 6 68 -54 -77 -37 99 -85 46 68 -1 73 83 -97 80 -20 -83 14 14 37 70 24 68 71 35 -66 87 -39 29 98 -80 -39 23 -77 -46 2 46 -53 -63 -34 5 -29 91 22 -85 48 -51 -68 -44 6 99 35 -13 -62 2 -17 37 -97 -17 34 -71 -73
-59 99 -80 -27 -55 58 -58 -40 -69 -78 79 -19 20 7 30 -97 4 64 -59 -62 -6 -94 -92 24 -89 77 54 -74 -90 36 -48 -55 44 -35 49 -72 58 84 87 -8 73 -78 41 42 70 49 50 84 -90 47 -40 -50 -72 -9 -38 -37 -86 -39 -96 -47 -53 63 -46 51 -95 23 -43 -64 -52 7 -78 95 -41 20 -36 -87 -24 88 -62 -99 -87 -32 -51 -60 4 -46 92 -46 -38 -91 -74 39 -74 4 -60 -24 -8 -45 47 -60
59 67 -34 -62 23 26 -75 -80 17 -7 -4 -38 -54 48 -86 85 70 27 -41 70 34 62 -47 -86 1 -33 -71 76 -20 -34 65 49 -39 12 -5 98 -36 65 67 -4 -48 18 17 -70 -83 61 91 71 -87 42 -97 -93 57 -89 -96 48 90 -63 -83 -56 -2 76 97 75 -94 -42 9 47 -79 57 -26 13 43 -88 -34 -40 14 -63 28 -87 80 97 21 -5 -28 -59 -55 -74 83 -60 4 -28 -42 -68 -52 38 65 65 60 16
-51 -36 6 -92 -7 -67 80 0 0 -45 -17 -52 -91 -78 55 62 -34 -75 -20 -90 -90 -57 68 13 60 58 -8 -86 -14 -62 -94 45 30 51 -61 -53 -20 -24 20 62 97 21 -27 -26 -55 62 25 33 29 -99 73 71 28 -29 -80 -44 26 99 36 -60 -52 -47 -15 92 32 98 0 82 76 -85 -25 -82 -50 -52 -85 80 -98 35 45 36 53 13 12 -44 5 -57 50 -48 -36 -7 87 -90 69 -35 13 53 32 81 -60 44
-66 -55 18 -72 -43 27 -21 -5 18 65 11 -57 -47 -71 68 16 -66 38 -79 23 -80 44 80 99 8 -2 -2 -69 -34 -55 48 -50 -2 -73 2 -41 93 -14 39 -80 32 -68 -12 10 -36 90 40 -64 81 -53 59 -91 32 51 22 -53 -10 -70 83 -20 -86 -5 67 61 40 -28 76 81 84 -18 27 -87 32 -89 -57 -46 -35 -95 91 14 93 22 -70 -12 18 -96 -40 -84 -51 56 -56 -81 -16 4 34 38 51 39 36 26
-38 50 1 55 9 -77 20 -47 -66 -81 -90 31 42 -79 11 -18 46 39 4 90 -80 84 -86 84 -38 -59 33 -11 64 -39 -11 -59 74 -31 -85 -7 -51 -72 -30 -76 8 -83 38 41 -30 -51 25 -96 19 -71 56 43 -25 -87 -87 -12 -84 31 70 10 43 62 92 38 -55 -15 1 76 -16 -89 75 7 -15 -100 -94 -56 -57 96 1 -94 66 90 -24 16 -45 -61 30 24 8 0 -89 -33 -1 74 -77 -71 21 -16 46 -25
10 -71 -64 47 -28 82 -14 -23 33 -22 14 36 -56 -96 19 -43 -58 -47 -27 -53 90 10 -5 -78 98 -50 -22 -39 96 -94 1 1 -70 -63 8 7 93 50 57 59 -85 53 -30 -16 -66 89 92 72 8 60 39 -88 -49 43 -78 76 32 -14 34 35 -13 -57 94 -34 37 -32 4 -36 -63 -11 92 87 -5 78 -14 -53 -12 -94 88 -6 -30 -58 82 -64 -57 -10 71 -13 -3 -92 -71 -41 -39 45 -75 -37 48 69 -60 -3
-32 73 -29 61 9 -27 72 94 13 44 -14 -37 -89 58 73 -80 35 62 -89 41 90 61 6 60 -49 75 73 93 26 27 -5 98 -2 -88 40 52 -71 -59 -2 -27 -60 -40 -10 8 -86 42 82 68 -75 -32 -35 6 -63 -97 -7 -38 45 -35 -57 -65 18 -37 78 65 78 48 -52 -52 -58 -37 33 -28 22 85 -96 27 51 -81 -37 -59 24 27 34 -4 -22 -62 -75 -75 91 29 82 -63 84 -20 -76 81 34 36 -26 69
84 73 -28 86 66 -52 6 68 23 -59 -53 29 -24 50 29 -22 26 -80 -46 8 49 35 47 -74 82 47 7 -72 -91 -51 58 -25 -15 76 -6 -48 -45 -34 -19 53 -44 70 -78 28 77 -8 -59 44 -81 -65 -69 -34 -23 89 94 65 97 -50 -60 56 -70 -59 -68 15 24 33 -37 5 64 87 -75 43 38 71 1 3 38 52 -44 9 -22 55 82 25 -18 -2 81 -40 -95 97 -42 73 98 -46 -10 23 -35 -33 -53 -63
18 -79 -7 13 14 -80 -56 17 56 72 -97 32 -54 -1 49 68 73 -11 99 -95 42 -96 -20 -92 97 -25 76 -66 49 -1 -34 45 -83 4 -20 -43 -86 56 -22 29 55 51 70 6 74 69 -73 -63 -55 -39 15 -78 -46 2 74 50 47 -29 -60 -7 -76 -72 -16 -92 -15 3 -77 6 8 -84 -52 -29 6 64 89 20 -66 -30 85 -16 -24 1 -55 -16 -36 15 6 -47 -13 -93 -3 55 -18 -64 57 32 -61 20 -97 7
10 34 8 -8 40 -42 79 19 86 37 38 -15 -48 56 -79 -67 84 17 22 -45 -20 66 -59 0 -42 -48 18 56 -8 -65 -71 32 -71 -5 8 72 87 93 -27 -63 78 -97 -10 -65 -82 -14 -96 50 -96 -13 35 65 -60 67 48 -50 -71 -10 -12 -81 90 -28 86 74 91 91 73 68 -48 57 42 66 -90 75 -87 -88 -13 -46 -99 35 86 -92 -71 -2 32 -85 66 58 6 -57 51 -59 -44 50 73 -93 95 -26 -53 74
-39 -52 17 -84 -75 -7 -11 -9 5 37 -33 -57 -13 66 86 6 9 -82 -23 -83 -23 -59 76 62 20 88 -77 3 5 56 -88 -80 -95 43 16 86 -72 -62 -5 19 -60 16 -17 41 63 -67 51 74 -27 -64 64 92 -44 14 -45 -65 -44 -99 78 36 79 -9 33 11 -66 -97 -77 49 77 89 -36 55 14 48 -59 -75 -37 -10 -54 -41 -23 2 -86 50 85 -3 -60 67 84 -7 85 84 46 5 60 36 -30 34 39 -36
75 -36 70 -99 27 -52 7 -5 44 -100 -87 -42 -56 -47 76 31 31 52 10 -8 81 68 23 31 -5 -69 91 -79 80 -98 -38 20 71 91 13 -60 70 -18 -60 -48 59 3 -6 -37 81 -69 49 -8 -52 56 -28 17 33 -67 4 99 46 -60 -46 3 14 -22 -28 -29 87 6 -11 56 33 6 32 -75 -74 -88 45 -39 86 -25 -41 86 99 -61 20 17 -95 -9 -56 -17 45 -12 87 66 -59 -47 -80 -64 -11 54 -30 55
73 -73 -67 40 81 20 2 82 38 49 -61 -84 -25 77 78 26 71 92 21 6 -42 -86 55 -33 -8 53 70 50 75 78 46 7 -88 -30 -16 38 -29 97 -83 47 4 -73 42 15 -97 -35 31 -26 -77 -9 29 -67 48 -91 -5 5 47 23 23 0 91 28 -36 60 42 70 71 66 -48 -55 46 16 13 92 27 -54 -92 -38 -14 39 -96 -10 81 -75 66 26 56 -52 55 -95 97 10 -82 56 99 -29 38 -7 -55 -75
22 45 78 64 46 18 -19 -2 -91 33 -7 68 1 12 24 32 92 90 -70 -73 55 -98 8 -30 -17 97 41 -67 -87 15 1 -85 -37 61 -84 55 85 41 -63 93 -44 -58 -77 43 88 -75 -19 66 94 37 -42 16 -99 55 29 -94 -6 -61 -61 -43 -73 -81 -91 -64 -82 -5 56 19 69 -68 37 -48 69 79 -53 -2 -69 38 58 -91 81 -36 34 36 26 53 -41 -82 -43 -25 77 -82 -71 73 60 -36 -90 40 -51 -37
35 -51 42 -8 -75 8 14 2 80 7 51 74 -100 88 6 -76 -51 33 87 -7 25 52 82 84 99 77 85 -35 50 -82 99 37 2 -52 -94 -3 55 -8 86 53 80 44 81 -74 2 9 5 90 -98 -96 -49 -21 -37 -62 -58 -65 -5 99 12 86 -48 -68 -79 85 6 -26 12 59 92 43 55 -8 -9 6 -95 -37 40 52 -20 -60 3 -77 -61 9 -93 29 -17 -5 -48 -59 34 59 47 57 -98 87 -35 -26 -4 84
11 -19 -70 -77 -2 56 -36 80 91 -52 76 -77 -43 24 -99 78 -71 -30 59 -34 -5 -17 -12 89 38 41 28 -25 41 7 -24 -62 86 -70 25 9 -36 -13 86 -25 4 40 -58 36 91 -60 -83 -1 -7 57 18 92 57 -66 12 -46 -14 60 82 -82 -34 -74 10 41 -44 97 -22 70 -12 -89 24 -98 92 -56 13 -66 -94 15 -35 26 8 40 -72 -42 -93 -89 92 28 -84 10 59 49 -87 -38 -100 84 -94 -42 -38 73
-96 -74 74 -58 0 5 89 88 41 18 -44 96 -63 -56 46 -78 -98 -8 65 66 57 -85 65 88 -9 5 -12 -96 61 64 -92 30 29 21 -78 7 -28 -98 -16 6 3 11 78 -36 46 -32 35 52 -88 52 -23 -36 33 -56 45 -52 40 -100 -100 27 -43 -54 -60 13 -76 -20 68 74 26 57 80 57 63 81 37 97 77 70 88 16 -41 70 82 81 -52 43 36 -38 13 -47 -41 -59 -84 -7 -34 42 -75 96 71 -8
3 24 87 -63 -96 73 -51 -49 88 62 66 -2 -23 96 -70 -61 -89 74 54 -79 -75 -63 -58 33 -58 -76 7 47 1 -74 32 -81 57 75 44 -33 -2 45 49 -73 -49 -87 -74 -2 22 -98 -9 16 -47 -44 -81 85 68 2 17 58 -56 82 -65 4 -100 93 -78 8 65 38 55 -44 -21 -67 -65 -5 -21 -78 70 3 56 46 9 -64 -28 74 47 -50 97 -18 42 -65 -86 22 -32 49 -98 94 -58 20 -11 -67 -69 60
-34 58 -33 59 -88 -23 60 79 -22 -27 74 49 42 -35 97 -97 -33 -28 -80 -2 -69 -34 94 73 -1 -16 -15 -43 99 8 -22 46 -58 6 29 -32 87 72 -46 32 18 -82 41 -45 44 46 14 74 -9 41 -77 60 -77 -50 67 -29 50 31 6 -98 37 -5 -35 86 75 66 -38 91 53 32 -95 -73 -97 72 82 -69 -6 -14 82 -92 -42 -85 72 -44 97 46 -4 -41 25 66 68 45 -75 18 24 -71 -62 94 80 -59
-94 19 57 -100 44 -99 -62 -20 -7 66 -24 -10 -43 3 -72 -23 35 11 -49 -31 -21 53 38 -42 -6 -21 19 88 97 -85 32 63 -90 -45 -82 58 10 45 -98 -5 90 95 0 -96 12 -52 51 -89 -47 68 48 -67 88 -81 87 41 -19 4 -50 -76 -76 -98 -47 45 -43 -54 92 1 22 45 54 -59 69 32 43 5 -28 34 -87 -83 -15 27 10 21 -61 13 -87 -15 7 19 -100 -53 54 -24 -50 99 15 -56 -66 -25
-54 -8 67 -62 -18 98 89 -42 69 56 28 -71 -80 -44 69 19 61 -31 92 36 -69 37 -14 -18 40 -81 8 -34 78 49 -98 57 98 67 27 14 -59 45 67 99 -92 80 58 10 87 47 54 78 -13 38 -40 -34 43 -4 -8 -55 -60 16 35 33 -70 44 89 -88 89 -80 -90 12 89 -16 19 64 67 23 -17 -45 -36 -71 34 85 -81 42 -7 50 -73 45 59 50 81 35 9 -93 -23 -48 -30 -71 18 -37 -31 24
-51 -74 -74 -94 -54 32 84 -96 -28 30 44 -75 39 -76 88 33 -89 63 -61 34 -6 12 12 50 -100 59 60 16 -86 77 96 41 -46 34 92 72 -8 -88 -85 -37 13 72 79 10 -8 55 1 -70 -53 57 25 94 -47 -90 -27 36 19 10 4 -57 15 28 36 89 -92 28 51 -70 -55 57 12 12 9 -62 -31 -39 -55 -33 -56 47 46 14 -23 67 90 69 -29 34 79 -8 -61 9 -23 83 -77 -64 19 -65 58 -52
14 -94 -18 -35 15 -93 -9 73 -18 30 88 5 -2 10 -68 -68 -92 70 34 37 -16 47 -98 -64 -11 1 63 -21 61 -14 84 -10 -68 -35 -59 27 -49 -97 -46 35 87 -39 12 31 -17 -50 1 60 65 -21 -86 70 99 -29 94 64 86 0 53 -42 45 7 25 -75 -70 29 -45 48 93 -63 -65 92 32 5 36 87 76 -1 -37 -66 74 43 87 -12 9 7 16 49 66 -95 67 96 6 -51 -100 77 32 -84 13 30
41 92 -14 -3 74 73 62 -34 63 -48 24 -34 27 72 -70 -28 -27 -9 76 46 36 -92 -35 -96 -42 -70 -76 39 -97 48 -4 46 96 16 38 29 7 48 -53 72 -8 -28 27 -50 -62 -44 0 -1 94 88 79 -13 -53 32 34 -11 -22 -87 -4 -70 -41 91 88 43 -27 -94 -25 28 77 -27 -37 82 -42 75 87 -6 -75 -90 -86 16 -41 42 -53 46 -46 -62 46 35 72 31 -85 41 -55 56 -12 -45 -32 45 -87 52
96 -89 41 88 78 -91 1 -96 26 18 84 68 -64 -81 4 -71 53 -78 35 -26 -3 37 -3 -35 -7 -28 -32 -48 -4 63 -1 -70 -90 -46 -21 -15 92 26 61 -80 -30 51 50 -13 -59 23 -99 14 -44 -30 -78 19 83 11 -100 -85 -32 64 76 -14 21 -31 -91 -98 12 34 -32 2 -51 14 82 -58 37 7 57 0 81 -62 3 79 78 -44 55 -31 -82 94 -7 85 -4 -89 -66 -29 97 67 49 57 15 9 14 -51
66 -27 3 61 8 13 -34 96 -23 48 -35 -15 -6 -28 -61 12 -47 1 -59 98 18 -88 -25 -52 -47 -79 49 -80 -83 -6 11 99 -92 -23 -12 76 15 -47 -39 7 -22 70 4 -91 26 19 81 -65 -99 -31 15 -93 41 -93 -73 -73 10 50 56 -41 -47 -34 27 60 -25 18 41 34 4 -82 73 33 25 -16 -49 15 30 10 30 5 -45 14 42 -41 -22 54 -78 87 0 -80 4 -23 -51 -80 -35 -18 48 -69 6 1
99 -12 -70 77 -35 -1 53 89 88 -73 17 -100 -74 -43 69 74 58 -38 58 -33 67 -4 -3 73 -44 12 -13 16 16 91 -44 46 -67 4 91 -25 -15 0 -91 -9 40 -13 79 83 -74 -84 -22 38 -5 -9 -76 -25 53 -12 54 93 -9 37 10 -62 92 66 57 52 13 -34 -72 8 -96 40 -1 45 99 -29 49 -34 69 41 57 -60 -34 83 -81 -40 94 55 -82 -16 -34 99 -55 53 -93 -54 -39 29 -78 56 -96 57
-27 46 -38 -53 -49 -53 75 -36 17 -14 -61 -16 47 70 -32 2 -2 20 -7 -16 -49 -93 78 56 -38 62 -6 44 -54 73 94 -77 -43 -51 18 -98 -69 94 86 -85 75 -29 -96 36 71 -36 -28 -27 42 -2 84 9 -70 93 -84 6 4 -60 69 29 58 62 -94 43 43 82 -89 -87 73 -64 -58 -16 -62 51 -19 -20 86 -52 -38 -19 -88 -48 -33 50 9 -29 -90 -19 71 69 81 44 -97 -19 -95 85 40 -31 -73 -61
59 -73 54 -1 55 -18 -80 -88 59 -82 -54 -1 -82 -97 -4 77 -6 23 -64 -74 -34 -99 -15 75 29 3 0 -37 -99 98 -8 -41 96 41 -33 40 63 -10 -71 -24 23 -52 50 -28 -1 -2 -56 96 32 13 83 83 39 0 -53 -11 87 -72 12 45 -87 -62 -82 -4 -92 -100 -56 93 -52 98 -27 -9 -36 -51 -70 -34 3 39 19 84 61 -27 -87 -21 -32 -70 -4 17 75 79 23 -22 90 -18 7 84 39 45 -17 -54
17 -33 20 -96 -88 -95 77 -70 -98 -20 -61 29 18 -56 86 14 24 39 73 13 10 -88 -73 59 82 -57 -4 -42 -78 75 -11 -74 11 14 -94 -88 -33 -85 87 -84 5 24 19 -26 -19 -100 60 84 -32 52 -95 -28 59 4 73 96 -39 4 1 -14 35 -15 44 92 78 -30 69 45 -94 41 -25 43 -68 57 -59 76 78 -54 18 1 -29 -36 -22 -100 43 -51 -72 39 -20 8 -49 52 -59 21 81 75 46 -43 -61 35
-18 -8 52 0 -100 29 -99 17 7 27 25 -88 39 -61 -25 95 -61 7 74 45 47 -17 -24 20 -80 88 39 89 -53 78 -42 71 18 32 -1 28 71 -67 77 38 -14 36 -95 2 72 -20 -10 8 -100 55 37 61 -69 -81 -15 17 -32 -94 -46 -62 -36 -57 19 -67 30 40 -86 -28 67 19 -91 97 -9 -24 75 32 91 -33 83 52 -23 75 5 79 -35 -68 90 75 -97 75 92 -43 62 64 51 97 -76 -3 10 -2
57 54 -67 -48 -30 -37 83 -52 -27 -62 92 85 32 -16 -71 -39 56 -89 -71 -63 9 -16 -23 -28 -61 -55 64 -48 84 59 6 67 -71 41 62 -88 -74 -45 -90 30 -76 -26 44 81 -39 -36 73 86 -86 41 -59 -36 95 72 20 39 -88 -32 -2 -71 -97 65 12 -76 92 70 39 22 -44 99 -10 29 -67 -84 72 -71 24 -76 -67 -53 -62 4 58 84 -18 87 -86 -54 -94 -78 -89 71 -68 -19 -70 -40 -13 -76 -98 81
24 83 28 -42 -55 34 91 45 98 -75 89 -24 71 -45 -59 80 -4 -65 -51 79 -15 -6 -57 43 36 69 36 87 -68 56 -11 34 46 91 44 -34 16 9 -68 -27 -67 56 23 -72 -14 -27 49 74 15 -29 98 84 -45 -49 -63 -10 37 49 16 9 -86 24 12 -74 -21 77 54 -41 19 -94 -82 1 -80 -52 -64 89 -35 16 -13 11 39 -98 22 -23 -64 -77 -7 -18 94 -2 35 80 -55 3 -54 31 -13 62 -16 -79
-82 8 -30 -91 -13 -43 -28 -43 97 -2 -90 -63 4 87 50 -2 93 -96 53 68 -11 22 -10 93 -21 -93 -23 -83 -82 -88 19 32 55 85 58 98 -24 -52 54 23 20 84 -35 -60 1 69 15 4 -17 -47 -2 86 23 -57 79 -32 34 -80 -71 -32 12 34 2 87 16 -81 19 68 -32 18 83 -2 -95 4 61 -55 18 -80 -52 76 -66 -23 -18 -77 67 -84 -53 12 73 -27 32 77 56 -88 24 -87 -10 -45 -10 -77
-41 -95 -95 -100 99 -89 61 -71 0 3 -63 -75 81 -35 82 -89 0 70 -52 -44 -32 46 84 -3 -77 49 -38 -94 68 -30 -32 36 -28 -56 68 44 -37 68 21 -18 10 -29 -57 -61 -53 -96 -84 16 95 42 -34 -76 33 -9 -73 22 -61 55 -75 -32 -27 -90 49 32 -88 -51 -87 74 -36 -53 80 40 -96 30 21 36 -61 -87 -70 -81 0 9 -93 -66 36 -63 -5 -40 13 -1 -68 67 -23 64 -98 -20 -40 17 13 -84
75 46 -14 -80 78 75 -68 -19 71 -66 -100 -8 70 -91 -42 28 19 -87 9 85 -71 46 14 5 -55 -43 -91 41 66 -47 -51 11 53 -20 -99 85 41 -55 -5 -30 -77 51 73 54 46 -91 -17 35 40 -22 77 61 54 39 17 -12 23 28 -72 77 -28 -99 67 86 28 74 25 -42 -88 -35 32 -93 7 62 8 -40 -58 39 21 -63 -75 32 53 -21 24 -49 -70 -86 -10 -80 -10 -100 87 35 91 -96 50 -13 -90 -55
-26 -37 -18 -39 -28 -47 97 9 -17 85 -17 29 -89 44 -92 -52 89 91 19 39 -45 71 88 -52 -45 99 -91 -22 -60 92 26 18 -17 -87 85 -96 65 -56 75 14 -15 -95 -69 95 -96 0 93 -11 -28 68 91 -24 -69 -70 24 13 -14 21 54 1 -18 -98 -34 -91 22 83 6 7 -31 39 -33 -39 -57 -98 71 -12 9 -21 49 -33 64 30 9 4 -3 91 56 -51 -95 -86 -17 -26 67 92 -85 -74 -97 -17 88 26
80 72 68 -71 -4 35 -3 -33 -72 31 -88 81 84 -55 30 89 57 -19 23 90 65 29 -39 57 32 62 -28 99 96 -71 89 16 -64 -1 97 0 89 -9 11 -77 2 24 38 85 -74 33 -6 -92 46 33 -63 -4 56 -90 -97 -96 94 33 7 -15 -39 13 99 54 -76 99 86 33 56 93 87 94 -27 92 94 63 94 -73 20 17 39 99 -91 -12 -8 -14 -13 58 -94 -80 76 -60 64 84 -61 99 -15 9 -15 47
-59 18 22 -87 -1 88 -26 23 20 66 -79 13 -77 93 88 -8 -75 -48 43 -66 65 70 12 20 32 -48 22 -33 67 56 45 18 -59 -4 31 81 -9 -34 61 -22 -3 81 -65 -61 -94 0 -99 -51 4 53 -19 -55 55 -88 78 -43 84 33 -78 -94 49 11 40 -69 71 -28 -23 -29 -72 -96 28 99 -56 19 -51 94 -6 -23 -80 -92 -21 -20 26 -88 -19 25 -17 -14 -96 64 3 -90 47 59 71 -51 63 90 70 -71
-87 29 8 65 -44 -92 55 -90 88 64 85 -66 -32 -20 -30 -87 -27 9 -77 64 -90 22 33 13 9 -44 -62 -24 -21 75 29 -24 -74 55 -88 -66 7 -95 65 -15 72 -57 -7 4 71 82 45 -39 -73 -20 -69 -21 -21 -100 -62 72 35 54 -43 18 -60 59 -96 -42 -81 1 -38 11 35 -65 -50 67 -40 33 -47 -28 -79 89 -95 -11 -96 -82 -35 76 -71 15 69 -21 -29 60 -76 -8 66 3 8 6 -83 6 -95 46
-8 -92 -75 56 -50 70 72 -6 38 24 -94 44 7 -13 83 -76 -61 33 39 -12 -28 -58 73 -36 26 49 -3 98 74 46 -56 64 1 -90 30 9 47 58 -37 24 9 11 -23 -35 -93 -45 15 -31 55 -56 -43 -57 -47 -81 -52 -87 92 14 92 -33 -55 17 93 -32 59 -8 -19 -87 48 -96 69 -98 39 67 -93 -6 -2 -44 82 -80 51 -33 99 -100 -11 65 66 80 25 -38 18 56 -78 -18 -73 -22 0 -65 17 55
-72 -21 -81 88 -15 -54 -30 93 40 -100 16 68 -50 75 49 -20 -78 9 93 82 65 -41 -72 -21 99 -92 -98 59 -47 -49 18 68 44 -15 47 -44 -18 24 -78 -31 -95 62 -65 29 -38 18 36 79 -84 81 7 -11 12 -11 -30 -1 -33 -91 93 -3 12 -87 -4 -27 -95 -24 -12 12 -36 96 49 -28 33 97 9 -76 72 -47 -72 79 -54 -19 -18 -91 -68 -63 91 30 13 46 19 -57 66 95 -89 50 -63 -5 13 20
37 -10 48 -44 30 83 -46 -71 -81 -94 -54 -3 -60 50 -84 68 30 36 -5 15 0 81 -7 4 -8 33 -92 -90 65 33 -84 -16 -69 50 66 78 -37 -9 73 -75 -72 42 -56 55 -74 -93 75 -26 32 -67 19 -75 -67 99 49 49 95 27 87 -20 48 26 -25 -73 62 94 -82 48 80 -10 45 45 -97 -96 -30 -18 77 -66 -71 69 96 95 -30 78 20 67 -35 28 47 -16 -77 77 -94 -31 -10 19 -16 63 -76 48
35 5 -84 60 72 -46 -43 88 96 22 42 18 22 67 -45 -50 14 10 -11 13 -7 -85 76 -46 -12 50 -39 -20 18 -69 -12 84 -23 72 62 -5 95 -32 87 -81 -8 -77 -95 -69 34 -33 -3 65 50 42 33 25 -81 -16 56 -59 -23 40 64 61 76 -89 14 -56 -69 -42 -97 10 11 28 50 -49 40 81 -23 44 39 -60 -64 19 -93 89 24 -54 -15 -92 83 84 -17 -18 -99 24 99 -42 -47 -62 61 -63 32 78
82 75 -16 67 -11 -47 -45 -51 90 -15 53 -58 -75 77 -59 -38 -23 -87 -87 -4 51 13 4 -39 -15 -93 64 -14 1 -82 13 -58 56 26 82 -70 91 70 38 98 80 91 -91 -92 28 -57 83 -3 -1 37 95 -34 -71 11 -77 41 14 74 -23 99 -34 38 -95 -83 -54 10 73 -98 11 -8 68 54 38 54 -68 -16 41 -61 1 93 21 -50 79 64 -55 -74 -57 85 62 -34 -26 40 5 32 37 -56 45 -84 -34 -91
85 -23 69 -39 -22 -55 67 50 -50 -1 -45 85 26 62 -100 -90 12 91 67 -90 37 50 -48 -60 -74 -57 -80 -81 2 5 -62 -58 21 -57 8 60 73 55 -5 7 59 -49 41 -38 -92 -33 55 -35 78 93 -19 -15 52 -30 -10 30 90 -99 -17 35 10 -81 79 26 58 -34 -66 -40 35 28 -3 -49 -26 -78 -53 -97 -65 -8 -57 67 12 60 -52 -73 92 -31 -68 45 -59 -9 -95 45 30 -82 14 14 -73 51 21 -73
-66 -54 21 94 79 -55 -16 3 71 11 -60 27 34 -21 62 -24 -29 -97 -3 -57 -15 -22 -63 19 29 -98 -46 15 -89 20 37 97 -34 -43 34 -10 13 59 78 52 -98 -39 14 33 -61 72 34 -54 80 -38 -50 35 71 -63 87 -56 -29 28 50 -67 -22 -75 42 -25 -69 94 25 70 -66 47 -33 -76 93 -18 86 -1 -12 -98 67 20 60 -62 -16 -92 77 86 -8 -33 67 90 -100 74 99 19 20 -71 -65 -78 87 34
-34 -14 65 -58 -13 21 -8 -84 -55 -33 78 -38 2 7 -88 -32 24 -11 -54 -60 2 -91 53 -69 41 53 -19 47 -5 15 -87 93 35 -7 -45 83 -80 -57 16 -69 8 -55 83 80 -18 -2 -100 -56 -12 28 81 42 -40 36 -3 75 63 -51 67 65 62 50 -100 69 -81 -54 -19 -100 -91 93 -37 -100 11 17 87 -79 -35 66 41 3 -29 -38 -69 47 87 96 75 -4 69 -78 -70 89 -92 -19 18 28 -45 1 -70 -56
-50 -98 57 80 93 98 -94 -63 47 96 -2 56 2 1 28 68 -78 -24 25 -46 -23 -86 -86 -46 21 53 90 93 22 5 -77 88 -28 -35 32 -87 8 -52 5 44 7 -79 -35 90 31 -15 33 6 52 -32 -92 -49 -89 34 -90 -87 13 -51 -81 -36 91 -65 -48 -3 56 -25 -9 -79 -57 49 -92 59 55 3 -60 0 3 99 48 72 -70 -14 38 93 97 16 67 -44 -66 26 -35 42 11 48 44 -40 -42 94 97 -71
-21 -50 -58 22 -16 -74 38 -94 73 55 79 -16 -57 51 99 58 -57 -31 -7 -28 88 -65 45 -97 -8 80 62 -18 13 -87 -69 95 52 95 -65 63 32 60 88 -56 -8 71 55 99 30 96 10 79 -85 90 66 1 -36 -24 -95 9 78 -30 -54 -1 62 -65 6 60 -39 78 63 -68 -42 94 68 8 13 -47 -16 -90 -44 -43 29 77 -1 -27 -59 -36 -9 -67 -70 -7 -28 4 -71 20 69 49 -19 -17 43 -49 -36 -22
-41 -60 18 -64 6 77 -81 -7 71 12 -58 7 4 -36 -9 41 72 74 -13 -80 -83 1 -95 47 -91 -48 71 -89 49 49 -46 -85 -24 97 -24 13 46 -78 64 46 30 5 -22 -62 -13 -19 89 -98 -56 -88 -96 -36 34 93 78 -73 -78 -86 89 72 -23 84 -77 31 -8 -90 57 13 36 -34 4 -9 58 -83 -34 -44 7 32 -72 -26 44 45 20 -76 -100 83 37 96 71 72 -67 -58 46 17 -76 94 -14 64 -52 3
-50 -73 -94 3 -97 -88 -81 -7 21 -10 62 -73 15 68 3 4 -7 94 93 -44 50 7 89 69 91 -6 87 79 31 -50 58 56 76 66 88 75 72 47 17 61 -85 37 57 15 -81 71 -88 56 20 -88 71 91 46 9 52 -58 83 -94 -23 39 -99 -71 -45 -87 -82 -32 70 -46 -48 -48 -5 94 71 35 11 -71 29 -42 98 50 29 46 -80 75 83 -94 96 35 47 -72 -98 90 45 -66 -56 88 -56 84 -1 -3
-18 -36 1 92 91 -18 20 -62 29 29 44 -75 -100 -30 -90 39 52 -31 -6 -77 80 -56 46 -32 12 34 46 91 -81 33 -11 24 -93 78 -79 -26 96 4 73 -85 -87 -21 70 -54 -5 12 80 -30 59 66 -64 -64 -82 79 45 98 -92 3 -51 24 47 -19 -88 -57 50 -34 -81 5 -4 59 62 -87 4 42 32 74 68 -74 -19 6 -33 -65 -7 -94 77 98 -82 -35 -24 66 -69 -54 90 74 38 -46 -19 48 6 19
49 75 -49 41 62 -51 -11 87 10 -35 -98 10 -50 10 -17 -96 -47 -10 37 -58 -60 36 -18 62 87 67 14 47 67 43 59 32 15 55 -27 19 -74 70 25 62 13 79 51 46 -54 15 -98 -25 64 33 -60 -83 36 -81 -31 -59 -24 33 -6 -40 -69 8 73 70 -69 -14 18 -24 70 84 60 15 -84 37 -56 -1 -31 -44 37 -4 82 -95 -58 -23 -77 90 -49 -19 -7 -13 -42 -31 69 94 13 -61 -24 23 47 89
78 -32 -70 -72 74 -93 -55 12 57 63 65 20 -89 -4 62 4 -68 -15 9 -7 21 54 58 31 -26 39 -59 -22 -74 29 59 -54 -31 -27 91 -51 38 16 73 -40 -22 -88 73 -72 -26 -88 -25 -29 7 77 -72 -99 18 -23 -28 40 61 96 44 -75 -7 -9 -51 84 82 50 27 45 43 -8 9 84 12 95 -1 17 46 15 22 59 -3 24 72 -8 -13 -4 -10 -50 54 58 -40 -46 -32 2 35 -10 -64 -27 -29 24
25 6 1 20 95 -16 -25 -99 72 9 -97 76 -96 7 -61 62 66 62 -60 -8 -12 -39 2 34 -70 -17 -46 97 -84 18 75 98 -78 -38 81 42 21 60 -26 38 13 -55 20 96 22 50 98 14 -72 -54 51 28 -46 18 -20 38 -12 58 22 -1 41 4 -75 -3 28 68 -72 15 53 96 57 76 45 -53 -95 78 4 -49 16 41 -28 -89 5 -50 94 56 51 51 23 -6 -18 2 -59 13 93 72 49 -94 37 -33
-81 -51 70 -74 -74 -85 -46 -82 -31 -50 85 2 -31 -73 42 -35 75 -8 63 92 79 18 -87 26 -59 -95 -29 5 -49 -63 90 25 -1 53 -1 96 -52 43 -56 -76 -22 90 26 47 91 -66 96 78 -49 -97 6 2 77 -41 -77 36 4 26 25 -68 9 37 -38 51 -13 21 -86 -54 -12 90 82 -87 19 59 44 -12 -59 -96 -85 -33 24 62 60 70 88 -97 49 28 -84 -5 -15 -91 7 61 8 -94 -14 -3 -23 -83
-50 86 12 90 -12 40 18 2 -57 68 89 6 -85 -53 40 25 -2 95 80 -62 -3 -91 -11 92 10 51 -65 33 74 -52 49 22 -44 -75 79 37 79 -52 -94 87 -77 96 23 -32 3 -23 -29 -69 37 -13 -43 40 43 17 63 -55 -48 4 -36 60 -92 -96 -42 9 -88 -33 22 -87 11 82 -85 98 88 -81 95 -59 -93 -28 57 91 75 55 -55 -91 38 -47 -63 -57 98 -88 -65 85 11 -4 98 -61 -2 -92 -71 -41
-57 -54 81 -43 17 80 -74 -64 -51 -12 -72 -65 55 42 84 -97 39 51 -11 -22 -56 -96 76 -11 -100 47 94 92 -14 75 -36 37 -40 -63 -80 44 93 93 -62 91 46 45 -49 -72 -81 -71 53 -13 -45 18 -20 12 74 -40 77 24 31 -67 -12 -16 -31 83 -14 41 -20 -84 58 89 98 -53 -50 4 -61 -34 -72 9 60 -53 -66 -63 -97 -79 57 -29 -85 68 45 -82 40 -24 -18 -31 29 -72 -59 -15 -86 21 25 33
5 -66 -7 -22 85 -12 -61 -16 -97 -51 44 -90 -55 18 -6 99 -80 -85 -41 -14 -21 -42 -9 50 87 68 -23 -27 32 13 -28 -76 -77 -4 93 75 -61 -49 -7 -95 -37 75 -7 -52 -29 -77 -74 -23 -56 -12 -16 15 84 -44 50 25 94 -6 -19 -19 50 -10 13 -17 -82 -42 90 88 -53 -38 -15 40 -30 84 37 64 28 -3 -45 -80 -25 -35 -16 67 -83 34 -12 -94 -41 -30 75 89 -29 -5 -33 31 73 -34 -97 -20
41 45 51 -10 -97 -5 65 54 50 -10 -21 49 5 -97 -13 -89 -40 -36 -16 -80 23 -72 66 -27 -55 46 -23 -8 -14 52 73 89 75 -5 19 74 60 -69 -89 -91 20 -32 17 28 -21 -51 37 43 -45 -61 44 -41 67 74 -44 35 94 33 -48 -63 3 17 83 -95 -62 -44 -30 -78 -31 27 -23 16 98 40 -97 68 -67 -79 48 -59 -6 -91 -61 53 14 73 -63 -65 55 -87 -56 -59 57 -16 -86 92 42 -8 60 -41
-7 -23 87 88 -57 77 -4 47 -48 33 46 80 84 17 91 -76 -43 63 10 26 -65 -73 -37 64 -26 84 73 39 44 45 55 59 10 20 84 -19 -34 -63 41 -79 -60 -78 0 -47 -69 64 -77 25 72 -93 62 -27 1 39 -43 -34 -69 -38 -3 -86 25 88 58 9 -87 -7 -46 71 -72 73 44 98 -94 -91 -2 -66 74 -20 -88 -3 -88 72 -32 -71 -90 -89 -85 -73 -33 86 2 -32 -84 62 -11 16 -98 84 3 9
-78 91 78 -39 -31 74 -24 -73 73 80 73 32 -37 -74 -32 84 64 5 25 -56 37 85 19 67 41 50 -78 -23 -57 -31 -39 47 96 37 43 -14 56 -94 -74 -31 36 94 36 12 72 36 54 29 -97 32 7 -49 -58 -54 69 -99 65 -3 74 -95 -95 99 47 -11 3 -93 1 -55 -38 -30 94 -20 -55 26 1 82 11 14 14 38 49 -89 -49 -29 -36 22 55 9 0 85 -23 -97 59 29 -63 23 -12 -71 -93 -84
-18 -15 10 -5 8 16 -100 41 -48 88 16 -71 -49 -75 -52 24 56 -17 95 -32 21 -48 25 23 -30 -1 25 9 -28 79 -100 -54 -90 74 97 -82 -22 29 59 -3 -80 -53 12 -91 88 -45 15 -84 27 98 34 27 -66 -9 -42 93 -64 97 -95 95 -74 18 -1 -37 -57 38 53 6 -72 31 63 -47 89 92 32 -59 99 7 9 -98 -38 -32 7 -10 46 82 54 15 -82 -93 -89 92 21 -76 -6 54 -21 84 -28 -75
84 -83 -35 70 44 56 76 12 80 3 85 51 -95 -31 -10 -71 -83 -47 66 -45 88 -54 71 -4 -45 62 10 86 7 -52 79 -82 -37 -56 -94 66 -26 -20 61 -70 -85 -27 44 42 -68 -77 99 -37 31 -11 -1 -32 79 -72 -68 58 87 -29 -61 -2 76 25 68 -50 25 -68 70 -60 65 -13 -7 -63 -5 -60 39 -17 -74 -34 88 97 17 -77 99 7 93 -49 -31 18 -74 30 48 96 10 -71 -29 72 -80 10 80 49
88 -98 45 -13 -28 -81 24 65 -11 59 -9 28 -97 31 -91 99 20 -67 99 -52 81 40 53 31 -81 7 -50 53 9 52 31 44 -54 -84 -19 -32 -51 -26 -92 -72 23 31 15 99 47 47 -98 52 -76 -43 -37 93 -92 10 -67 79 0 5 -73 24 33 8 3 -22 -70 -87 -71 -13 97 -59 -24 14 55 5 2 -16 -15 -87 -47 27 34 -92 -94 35 53 96 8 18 77 12 76 -65 -76 -46 -5 -66 -75 0 23 -34
8 -28 -31 -97 -4 -33 -34 -95 60 -88 -68 -100 14 -52 45 -33 -39 15 -21 -3 -8 -17 84 -59 28 86 72 -45 44 64 71 -35 5 19 -35 87 -33 -83 28 -37 71 7 -57 67 76 9 58 95 5 -63 -39 -69 72 27 5 11 -42 6 -20 -67 -3 48 -93 93 -55 41 -47 -12 31 89 81 52 -7 7 -67 96 -39 60 -72 -2 -8 68 -92 49 2 62 15 -32 -69 93 -28 -80 -51 67 -53 98 52 75 53 21
43 14 -68 37 39 -15 -34 56 29 -3 8 51 -31 19 11 74 91 -68 12 43 -62 -54 -93 -54 -26 -66 88 31 14 43 19 70 12 76 -73 30 13 -95 -47 -84 63 53 -31 48 9 63 56 -24 -51 17 26 -15 -93 -70 27 1 -97 73 -55 -32 56 -44 66 55 -64 38 -66 -29 3 -93 -8 7 65 -11 77 33 69 87 48 -2 -30 38 -23 39 13 23 24 -36 -45 91 -36 22 -13 29 -76 -34 34 -23 -35 37
54 -3 93 38 -80 7 86 -38 -44 -29 -57 32 44 -48 46 28 19 7 -7 85 -41 -28 -35 -55 62 76 -50 1 -42 -61 -100 59 -95 21 43 47 -70 -24 34 -85 -99 98 65 49 84 57 -11 96 -30 82 30 41 -41 98 90 41 8 -58 98 -44 -34 -88 1 20 98 -2 -90 -42 -33 20 48 16 69 -85 -78 -21 -24 77 28 0 -5 -67 68 81 -89 -27 64 19 -97 -18 39 65 43 -94 -40 -83 4 -35 -88 33
-18 -48 25 -29 91 63 -72 -18 -46 79 10 37 80 -62 79 83 -47 -30 90 23 -20 19 -24 -50 -75 36 -67 -29 19 11 31 -67 66 -94 38 -82 -50 -59 -75 -76 42 -23 -93 14 -76 -10 78 44 59 -53 -56 60 -32 -87 95 59 67 35 81 -56 5 -6 75 9 -50 97 -48 -84 -28 -90 -3 -100 97 76 -45 29 93 -46 -30 -31 -74 89 -63 -25 98 35 65 -54 12 94 44 -72 -77 -75 82 99 -15 7 7 46
80 -53 -79 -48 -50 -11 69 53 89 59 -34 71 -94 -36 -92 49 15 -80 -94 -31 -21 41 31 -57 -33 -73 53 83 2 -46 -67 -9 55 -56 87 -53 52 66 -40 12 71 4 -61 -27 -32 88 -63 -40 -20 75 -29 52 45 58 -26 -72 35 24 -73 61 30 22 -18 80 -36 53 61 -59 -94 -84 -88 39 89 -40 16 -6 -29 -42 41 -10 -31 -87 6 -31 -38 8 -17 71 -51 42 -91 10 -58 24 25 25 35 23 69 -89
34 -45 -25 -75 -74 99 -30 62 32 29 -53 -75 94 -47 -43 -10 -3 92 94 88 42 -94 25 59 75 48 56 3 -92 -30 -19 77 -93 -65 31 -2 -54 -46 87 26 77 -38 68 -80 37 -12 -97 24 34 1 25 -33 -100 67 10 28 -75 -35 31 -45 -55 -1 -36 24 27 -57 18 -84 90 -39 78 2 -71 18 88 -52 35 -53 92 -45 -43 -37 -79 81 14 -5 47 -72 -4 37 93 -56 6 52 -47 52 24 -21 -56 -96
34 -40 -32 14 89 45 97 -52 -10 -7 -21 75 -5 -2 -97 35 -28 35 10 73 56 -56 -51 34 5 79 73 85 66 -61 -81 -54 2 -8 31 29 1 82 -39 2 47 8 32 -48 58 83 94 -61 83 -16 -99 -23 -39 66 45 -47 -58 -63 -12 67 56 -75 45 11 -48 -32 -87 -84 61 -77 51 -64 -5 -90 5 39 16 -84 43 40 80 -19 -86 -94 81 -4 -27 84 40 91 48 32 -59 -49 84 41 -79 -88 13 62
-56 4 -2 -35 94 48 45 -62 99 -3 -97 -41 -29 -4 81 94 96 78 -6 8 -91 -23 -81 -71 -70 -8 -27 42 4 3 -53 -66 87 -10 -80 -51 91 -74 79 -78 -22 87 60 67 17 -22 -76 38 -38 -100 58 7 65 47 -94 -99 23 60 97 94 -13 73 -85 -20 -74 58 80 26 46 10 92 -88 22 41 55 84 72 34 -38 94 -58 9 34 -59 -72 12 43 -78 43 26 28 -25 -85 53 81 -27 32 -32 -100 -82
-56 -53 -58 94 -46 -74 -22 39 11 90 5 56 46 23 -5 -56 -94 -43 -12 4 39 31 -3 46 -97 67 -47 -18 -40 -76 6 95 23 -50 -94 -21 9 55 51 -11 27 37 22 -51 -77 -92 -10 13 24 -30 53 -44 82 -5 69 -15 -96 10 27 78 -59 2 -19 29 -30 -80 -67 -84 27 -30 29 71 -3 -26 92 -23 -90 -70 57 -45 46 -69 -78 -43 -41 -69 -81 -41 52 -88 -17 -2 1 0 -32 53 25 -82 -69 27
54 -35 43 11 -51 -51 84 88 86 -8 18 -17 -34 -53 71 52 29 73 -92 58 96 88 -79 48 -73 -68 -1 50 42 62 -31 -4 -62 30 25 -20 57 63 89 -13 -49 44 -8 15 -8 -52 89 -77 64 -22 -86 38 -3 -24 12 36 -38 72 91 -64 75 -48 -17 56 -15 44 -92 46 95 98 57 -19 -9 -21 -56 -79 51 8 -72 -23 -100 83 19 -6 34 -3 -96 9 14 -27 -21 96 16 78 -56 67 85 -25 -60 26
-9 -72 -22 81 -9 70 -19 -73 10 13 86 27 16 -7 -40 -52 -68 -2 19 85 -57 31 44 -34 -70 36 97 42 -62 70 -11 26 -48 -80 78 -33 0 -56 17 79 99 62 -76 -37 -37 97 89 98 78 71 86 -49 -73 -33 74 -77 -67 -45 53 -85 -53 27 -14 99 -26 -59 50 -40 -20 32 -30 1 46 74 36 76 -33 -39 -63 96 65 20 -25 59 19 -94 -49 64 -82 30 85 -26 -53 -81 76 92 93 -68 3 -23
63 -94 63 30 -8 -43 36 -93 96 18 67 85 -56 -83 -4 49 79 -5 45 -54 -29 97 30 -64 -50 -67 -92 37 -28 -13 -20 -9 12 -47 36 -44 -85 35 -54 -62 48 82 -36 34 -12 -21 -77 -79 46 -53 81 78 67 -46 59 30 -62 40 14 -29 -21 2 20 67 -76 32 -68 71 64 -4 11 -59 3 -70 -96 -71 -70 93 62 36 53 25 -34 53 -53 74 60 -13 -24 27 -98 -35 93 -42 -71 84 -78 -36 -61 20
-42 -29 58 -95 37 93 -96 -80 45 75 -78 -19 -92 -91 9 -95 39 -71 31 -50 -30 64 -4 40 75 43 34 -7 -39 18 -100 -86 81 83 48 -13 -24 -2 -46 26 -19 -37 28 1 -11 -35 38 15 23 3 -60 -39 -93 18 60 3 74 -25 90 -95 -96 41 10 -55 -95 -47 50 90 18 40 -4 40 -58 26 -53 2 66 12 -74 38 -60 -95 -78 38 -88 -37 -77 -30 -68 75 -89 26 -54 -45 -94 83 -50 -12 63 -6
-34 54 -75 -55 11 -33 -91 38 12 -28 72 97 15 -13 -62 51 20 -18 -80 55 -16 70 -43 2 21 -5 3 82 24 50 58 -72 -18 19 15 -77 51 -2 -83 96 53 -10 60 -17 25 -41 26 50 6 -29 10 26 72 -58 18 -93 -10 44 33 -56 41 47 -32 86 -8 51 26 -92 22 41 14 13 -32 62 35 39 90 -40 -47 -86 67 -4 86 -45 50 1 29 -81 -81 98 -20 87 50 -42 -67 50 76 34 74 22
22 -17 -43 14 -31 66 -30 -38 -43 73 -6 -19 -39 28 35 -42 -97 38 -56 -98 22 6 45 -6 -12 92 61 -20 -51 35 47 -78 30 -61 48 16 12 -9 -51 -75 35 61 11 -5 59 -6 -47 -88 56 -60 77 53 51 91 83 13 -43 94 62 -6 -16 -31 -22 -9 -29 -4 41 79 -32 -36 -27 -61 59 9 41 -61 -11 -89 70 93 86 -39 10 -42 23 -31 -86 -82 88 -97 -11 85 -60 -76 -24 12 71 30 -64 32
27 73 -79 89 -82 -47 71 -98 34 10 30 -82 9 -35 64 -90 -42 62 -48 9 91 -53 -65 -54 71 69 -63 4 15 -49 91 74 -2 -30 23 85 68 -93 -35 73 -59 25 -34 49 35 92 74 -75 -25 -49 34 11 18 -28 45 30 -7 -88 -26 -71 46 86 51 -39 4 -93 -45 -70 -95 90 15 64 62 -31 -58 97 -57 78 67 4 -74 5 48 68 63 -81 6 -74 -40 -27 -44 82 52 -92 -15 86 -71 18 94 -76
5 -5 83 25 -36 33 -55 -7 7 -60 -57 -58 70 -77 -9 -15 35 -15 13 64 -30 80 -44 3 -2 2 48 -86 -85 -41 75 -92 -57 -9 -92 92 8 -53 92 -39 89 56 -6 15 -85 31 -4 77 -99 58 69 -30 30 -49 -73 46 -57 -89 -51 77 -69 -52 8 16 38 -61 62 71 42 75 59 28 31 -59 -98 6 50 66 73 -67 61 -28 95 -41 -50 -39 42 40 -22 -88 -62 -26 95 -94 86 -15 95 -30 -15 -58
-83 56 -90 64 -20 4 37 -90 -18 13 -41 91 -2 52 48 -43 -80 -91 78 -40 -94 94 -97 84 -48 -77 82 75 77 -10 4 -6 41 92 -98 -51 -44 -99 12 -17 35 -22 -7 -74 -29 69 69 49 52 -98 -61 26 -90 53 89 60 -67 -42 -49 29 98 52 13 45 13 43 -87 -97 85 -4 17 -14 -71 -89 -5 85 72 -83 -89 47 14 -94 -17 9 -67 98 95 -73 -94 -71 79 83 -73 95 86 85 -28 -10 29 -48
84 -21 37 -39 89 52 40 11 77 -92 1 -69 12 57 -59 -16 -19 55 -14 -6 -63 -70 22 -93 -19 -67 30 73 -6 -23 8 -3 66 -2 -4 -52 74 -47 -10 -35 -47 59 -97 6 64 44 88 -55 87 -99 -96 82 86 -61 -94 22 6 -13 -15 -13 1 98 8 -80 8 -34 47 -5 6 -58 94 -70 -50 45 -61 72 -98 -58 -75 -49 96 31 37 -23 -8 -91 -61 71 68 -38 -14 83 -82 -48 71 -2 -5 43 29 -12
32 -37 -95 54 16 -47 -81 -26 -56 75 -76 88 65 -5 25 -11 4 -89 -79 -45 -56 58 -77 -62 -30 1 -51 74 -36 -76 23 16 -31 -13 23 98 -12 2 87 -71 28 -20 -6 92 33 6 89 -84 -61 96 -94 -71 1 88 53 -99 82 69 -24 -96 -100 -86 -13 -33 23 28 -97 54 -38 -79 39 -27 -48 19 -20 -68 95 47 -15 29 -69 15 -21 -41 23 -45 -9 16 -56 82 -38 41 -50 -48 48 -4 44 5 -95 93
3 80 21 58 -63 38 -41 14 -7 -10 95 25 68 74 26 -81 -16 -50 -45 40 10 -29 8 -69 -30 -7 95 11 -93 73 31 81 53 91 11 20 -77 31 99 16 80 -79 -72 -76 11 33 -52 54 -76 -79 37 -87 -43 1 -17 95 66 91 -7 42 37 87 -31 26 40 93 -58 7 94 -84 23 57 -45 -31 -27 -60 -32 85 31 -28 3 39 94 12 43 -8 12 -33 75 12 36 -30 50 46 31 -13 48 81 62 60
94 67 3 28 63 -56 -99 -11 44 -8 53 38 13 -92 40 67 -59 -15 -41 -86 -69 -20 -22 -41 52 54 41 -58 -20 -60 59 46 95 56 32 69 16 -37 -83 36 75 -54 -11 -2 63 -52 -51 91 90 -91 -34 11 -52 7 1 -99 -92 92 -39 -26 -54 -30 68 -20 14 98 -92 3 -44 72 -89 33 -39 40 86 -25 -36 25 30 -44 -65 -17 98 -45 86 44 -77 -28 -95 -80 -11 -10 -46 -21 -17 73 -87 55 -76 55
-81 -37 16 70 -35 -8 7 -80 42 69 53 69 -88 -89 77 -67 -69 47 -80 -91 -69 72 86 91 -26 71 94 76 -71 -83 10 23 39 69 36 77 -46 -94 -80 89 43 58 9 -40 -11 89 -38 -27 -100 7 -38 27 96 -94 59 -5 31 75 -10 2 73 32 -5 -39 -65 -74 -83 -25 62 73 -84 54 36 94 -94 -74 -45 56 53 74 88 39 -1 -39 -14 93 -67 51 10 85 -1 2 -57 60 -38 14 75 -37 -54 -74
85 3 -23 -46 -78 77 -5 32 -54 -36 -80 3 -38 97 -32 59 -12 -64 -42 -56 -77 -78 -54 -59 -59 -64 -63 35 -82 -75 -70 -10 74 -95 -90 -82 81 99 -34 -58 19 -67 -37 -88 -11 25 80 70 -15 -59 -15 -5 -52 -54 48 -87 -58 -51 -62 86 -24 -36 -48 -6 38 4 -18 71 -84 94 -39 -84 81 24 -39 4 34 18 -59 37 -58 -44 -1 -76 10 12 -84 -28 27 -87 -45 59 -10 48 -44 55 -98 -95 -98 -65
