-22 59 79 -44 -27 30 -75 -62 -83 -37 -40 63 -73 -10 10 -17 -60 -93 45 -33 79 -54 11 80 -25 -2 -13 78 32 31 -96 -64 -67 -18 62 51 -57 27 61 26 71 7 -93 -39 -81 16 73 -26 -32 78 61 -37 9 75 -90 -38 74 -36 96 29 58 -30 -26 -93 46 12 37 -78 -59 3 78 57 55 -83 95 -27 -80 47 97 -77 -19 22 -96 -66 97 7 -31 -9 54 50 -78 -58 -81 -19 -87 -38 34 -19 -5 90
28 -70 80 21 74 -70 96 16 21 -16 94 -100 45 -32 -11 79 -52 90 24 60 32 82 97 77 -41 -83 -98 87 27 -31 51 -70 32 -16 32 -51 73 -70 37 -21 -56 -31 -80 -45 -39 17 76 52 17 75 -18 85 -95 21 -54 -91 -68 97 92 -5 91 -65 76 -71 91 -48 40 29 -18 -3 -24 44 -68 58 -4 47 31 81 86 -13 -54 75 41 -16 -57 68 -20 79 37 -1 -98 47 80 78 0 91 -74 -12 11 43
1 -58 -50 -93 64 -39 95 80 -3 -68 -5 -8 -6 2 78 75 -30 -81 76 -64 -18 -89 -100 9 -36 -63 55 46 31 -23 34 18 -95 34 -57 0 1 -10 39 53 6 70 -80 91 -34 -82 -10 15 55 73 59 -100 -85 -14 97 -90 3 -75 -31 -74 -57 -60 -12 -15 89 91 40 -67 -80 -64 32 -82 -11 -76 -15 22 -46 -2 23 50 -35 -31 81 -99 68 -24 -82 -3 54 52 12 72 27 58 -30 65 -41 -41 87 45
-14 -21 -16 85 -71 -35 -45 52 31 26 78 -22 -38 -78 7 47 -13 13 -6 -87 -2 -27 20 -1 51 90 30 -76 19 64 -53 -33 -80 48 85 -76 40 -98 19 -36 -54 -69 -9 -40 -55 0 -69 -60 97 -45 -59 96 36 -31 -13 83 -79 74 37 87 78 67 -7 84 41 -34 -32 -41 -6 -7 -71 47 50 50 50 61 -34 -34 -15 53 73 69 -52 9 -1 -73 19 74 -59 90 -38 42 -82 -2 -1 -7 -17 76 -45 7
-56 -60 71 -26 21 -25 -34 -62 26 -25 26 -79 36 41 -14 -1 -41 -64 -84 -82 -36 54 -56 -28 -26 -10 9 -65 -56 -58 -43 18 94 -63 -73 15 -51 2 62 81 -51 76 -94 33 57 8 2 -61 -81 16 24 -60 97 5 7 88 77 59 32 96 38 22 -96 -4 11 4 45 -50 -6 54 76 -95 -2 -38 -42 64 -76 -100 -17 -52 -38 84 53 -83 32 -22 81 94 53 56 80 27 47 62 53 -61 90 -47 -18 11
23 -74 2 9 25 89 29 50 -56 69 53 76 84 98 -97 -62 53 96 96 19 25 36 -95 -37 -83 74 -97 1 -53 43 2 93 -32 -92 -57 44 -80 87 29 -79 -29 -18 -65 76 -36 -45 -64 -94 15 24 31 10 4 52 13 -96 30 36 56 6 -75 -41 87 -55 -93 -80 -70 -2 -6 -76 -19 11 27 34 71 -92 16 25 33 -76 -84 76 -85 -2 75 -36 5 -35 12 -21 49 88 -98 -1 -18 -22 -37 -12 73 -26
23 73 85 3 -77 -22 88 -98 94 -49 48 9 74 12 46 25 -89 -13 70 -3 73 41 23 58 -61 -74 -1 -73 41 -86 -53 69 98 25 97 -93 26 22 -25 -16 83 84 60 54 29 -83 72 -33 -67 -25 -71 64 -86 -71 21 26 -16 -7 59 14 -21 24 49 -56 -90 43 -100 30 -83 87 34 -40 -89 93 -16 -77 -52 -80 53 18 -6 45 -32 -74 -34 -22 -1 -77 -44 -60 -74 53 -45 -46 23 63 -80 37 32 -19
-59 -4 72 72 -78 10 45 33 2 57 86 -90 -89 -23 78 65 -96 -3 53 -77 45 -33 62 91 99 -65 -9 93 66 -70 -44 82 36 -91 -44 30 -49 40 86 66 10 -12 73 -82 88 -47 -32 91 36 -8 -3 -55 -76 -49 75 16 -97 71 93 -96 53 -24 -44 -7 38 58 39 39 -3 97 92 15 -79 50 69 53 -20 -57 -45 -21 53 -2 -97 -63 -34 -22 87 8 89 10 72 -73 -68 13 -84 93 96 45 89 -8
-24 13 77 -43 84 -99 17 -59 -93 25 -37 -81 83 84 -17 -18 -34 -72 -84 50 -19 17 -67 20 -64 -90 15 -98 -56 -32 71 -84 28 -50 -57 91 91 21 -76 -58 97 89 18 -52 -94 48 71 -2 30 29 -77 -27 21 -10 40 0 30 -18 -88 -40 -99 -39 92 -35 34 -23 27 48 -91 19 94 -55 -9 57 0 -82 -58 96 88 75 -1 -71 -65 21 1 -23 59 78 -95 -23 54 -47 35 -83 55 69 -68 51 49 -66
-87 -83 -23 -62 96 57 -54 41 42 44 86 -16 34 -53 49 71 47 -41 -27 -43 -81 15 -73 -89 12 -97 -62 13 -55 28 -59 -14 38 95 -37 43 -87 -26 -24 69 -39 -24 -26 -83 -26 -1 83 68 54 -30 58 78 -50 -22 88 -2 11 76 -5 -68 6 47 92 14 63 -39 63 -94 -81 1 70 -34 55 -20 6 -46 0 -14 13 -64 66 52 -19 21 -55 99 1 79 -10 50 40 -86 -14 36 -88 -37 -72 -89 -9 70
-56 73 -60 -4 74 15 0 -8 13 11 -18 93 22 2 64 64 99 2 30 -85 19 77 61 69 73 -82 46 -27 43 2 2 1 -89 -49 -58 82 -35 42 51 96 -31 -24 53 -99 40 -53 3 -72 26 98 -64 6 -1 83 97 -14 -16 47 52 7 -25 22 -45 -29 -1 33 77 -66 -67 86 20 -96 -22 -71 49 -47 -45 -20 -100 -12 34 75 -3 -94 -45 85 -80 -31 33 31 51 -61 5 -93 -89 71 -40 -27 -55 36
77 -21 -45 91 -91 -43 13 74 -84 2 -16 -58 46 73 93 99 -7 64 63 0 -77 95 92 -11 91 -43 55 40 21 41 -13 -22 -68 48 -53 -48 92 1 3 10 -44 23 65 63 -14 -91 10 87 72 -26 63 -93 58 77 6 -54 -21 -16 -53 -34 -46 -62 -64 77 -53 -61 81 -98 -100 -87 -85 86 -76 -70 -35 -8 -9 91 71 -95 -76 91 71 61 -54 -61 -64 -40 -54 -68 -49 -65 37 35 -10 -52 -59 60 -24 -61
-3 65 41 53 49 36 -80 -35 25 -78 25 61 85 48 93 68 35 86 -58 10 -22 -8 27 -65 -11 -17 49 80 62 -65 -16 -15 -20 -71 -51 -83 82 72 50 7 39 93 -91 -17 11 54 -90 49 -93 54 -51 97 -43 -99 -94 18 -18 -21 -57 68 70 72 88 -43 -31 45 -76 62 23 -48 -50 -46 -22 70 49 90 53 -61 -33 4 -22 23 52 92 23 -42 80 30 -47 -59 48 -34 58 54 55 68 -29 -68 -75 51
-82 -67 -99 21 -23 39 -83 86 -48 -93 61 -14 45 -16 -37 43 -79 -72 -23 11 59 28 23 1 69 -80 63 -45 36 -23 44 84 -20 -26 -97 -7 -35 64 -53 -8 -74 68 -27 -17 -23 -85 79 -26 -29 18 6 -28 -67 95 16 19 38 99 54 60 -52 -25 -29 -68 -68 41 -49 -20 47 53 -19 46 8 -64 24 -20 -89 -62 58 81 -93 32 38 -65 -56 -65 73 96 -23 62 21 -96 -58 92 -45 24 65 -1 -16 -20
56 1 63 43 -19 61 -10 -86 12 -56 -27 -85 32 28 -26 88 18 -23 69 -23 28 74 -57 22 59 -87 -99 -2 -10 54 -100 4 -68 -65 -41 64 -8 -50 -5 98 12 -79 -20 -8 -64 -73 -79 56 -73 -39 0 -58 -15 -21 84 -79 44 69 60 30 32 -86 -41 19 -94 26 -24 9 -61 -42 2 80 36 -64 14 -43 41 -29 -32 44 -16 -5 -51 -9 -96 49 81 -64 -38 62 10 11 -13 59 -17 42 19 54 -40 25
-87 -45 9 -73 -62 -41 37 -8 -21 -99 0 46 -44 42 94 -6 -84 85 -46 32 -82 -3 74 42 -13 -97 -7 -87 84 -83 -21 18 45 92 64 28 -84 -10 -28 60 -48 -65 -26 -35 56 -80 0 -11 30 -51 62 -51 90 14 -83 -82 -87 -21 73 -21 85 36 51 -18 80 64 -61 95 6 49 -23 -37 6 -9 -67 74 60 -9 -12 73 33 -53 44 98 0 14 34 -94 -64 -15 -79 34 81 -78 63 -35 -39 -61 40 -56
33 95 74 -6 91 -6 34 -14 47 13 26 93 4 49 -43 -94 -23 -77 10 49 -34 -16 6 -9 -37 39 7 -40 37 70 -11 84 -25 -71 -83 57 61 -85 -84 41 39 55 86 -61 5 -90 -25 -76 52 -51 85 73 6 84 -35 -45 16 29 -56 -72 74 -84 -92 57 -62 85 -94 3 68 -17 -72 -24 71 -23 -70 -45 87 15 2 26 39 -7 -45 -19 -32 96 10 -59 -53 6 79 -80 -11 73 -26 -20 93 52 43 -54
-91 -93 51 -84 84 -17 37 69 -35 51 -11 -22 50 -59 -6 96 81 -97 15 -27 -1 9 22 -33 4 -29 55 10 -14 44 48 -9 21 -64 61 93 -7 -93 96 56 17 66 98 3 86 -64 13 40 -70 53 10 33 3 -29 -98 86 60 72 77 4 11 4 -90 -72 53 45 97 -63 41 -17 37 0 -25 -19 18 48 -93 -45 61 -56 -15 60 27 75 77 29 78 27 49 46 51 31 53 34 -37 94 -92 4 23 -1
-60 89 -30 14 -98 -97 37 -9 76 -66 -52 50 69 -58 -77 -61 -18 16 -54 -91 -80 -50 58 31 54 16 -42 85 -97 -49 -99 29 69 56 -60 -72 -78 7 -25 0 45 -45 11 71 67 66 69 -62 51 -63 73 -85 63 40 -91 97 55 -16 52 -88 89 -25 91 -60 6 -85 23 -13 -50 67 33 56 12 84 99 70 -67 60 -89 45 -29 -87 20 48 75 -37 68 97 -95 94 7 57 -9 -8 -71 20 67 -57 -22 85
-48 -63 -98 62 -32 -32 -79 -17 -9 -62 17 -85 -60 54 -62 34 75 12 -30 9 99 15 81 -67 -6 -21 87 -45 -20 70 -21 -93 -83 71 -94 -46 -79 57 51 -42 33 25 65 -79 21 -87 72 21 -70 -93 -82 6 -26 50 -73 -25 -85 53 46 21 -40 -28 65 -9 40 -8 -92 93 -4 96 15 67 -21 38 -22 -71 17 57 -7 -5 -91 -49 11 72 -39 -60 80 73 -64 65 -73 -25 46 59 11 44 4 73 2 35
-50 98 82 -92 -25 54 -22 56 -72 59 -9 -30 49 83 79 -19 -88 -10 1 -63 48 49 -83 -51 -53 -8 -8 -43 -79 6 49 58 67 30 -96 81 42 76 20 57 3 77 -96 53 44 -72 -49 81 67 -74 -93 14 74 -45 58 10 -27 93 6 82 -14 15 -27 66 55 -8 -69 73 99 -51 -87 -2 -46 -67 96 -68 -44 78 -1 74 -23 76 1 24 85 46 -34 38 42 -2 -47 44 -34 -7 46 -3 -75 34 78 -79
61 -94 8 -87 -42 -15 34 -41 3 2 44 -46 -24 -28 8 -15 -49 86 -51 -87 99 -81 -68 48 -45 -65 -95 66 76 -18 96 -70 -35 62 -26 48 -91 -26 62 -39 -52 -100 -22 -33 -1 -39 24 -9 27 70 -40 49 -38 -28 -45 35 -66 22 36 1 -90 12 -96 73 14 -7 -74 52 31 70 -96 44 8 -15 -16 10 65 -15 -7 71 27 -58 -14 -18 4 -28 -97 -12 -7 -82 -56 -39 28 -89 -96 35 32 -70 88 31
-14 -61 86 6 12 -57 -3 54 -54 -38 -22 -11 -93 88 59 -90 27 -44 -55 -35 -38 52 -43 -35 -38 51 -4 -72 47 -76 -69 20 -76 25 -96 -27 -89 56 -100 -74 -28 -90 -30 -1 -88 -58 67 -22 47 45 4 69 -41 20 -14 -98 37 25 77 -14 -18 -97 71 76 16 -44 -8 -24 24 -87 23 42 -9 -25 82 -45 48 -46 36 -48 21 -44 -97 12 61 -38 4 -67 -45 -31 1 -61 56 -83 47 -12 -18 -34 8 79
-26 8 85 13 87 14 -94 80 70 0 68 31 19 -27 -9 7 -37 19 -45 -9 22 66 -41 -71 27 -24 -72 90 0 68 -62 -82 36 85 -89 73 -51 -13 86 95 -18 3 49 54 79 -35 -29 43 34 -29 34 31 45 69 -50 67 45 -30 -96 -80 65 -79 36 -53 93 82 -67 -10 -57 67 96 69 -94 -43 25 -87 -75 -36 65 -82 -32 66 -56 -65 -50 -50 -57 -29 86 -23 -1 -23 47 47 -72 55 85 61 3 86
-77 -52 48 85 -86 -61 -19 -18 25 -61 59 -44 85 2 3 27 -71 3 33 12 54 -74 -63 -23 37 -27 50 -57 38 52 0 62 1 -99 -20 -53 -16 -58 92 73 -58 -95 94 57 23 -79 -2 -48 -16 69 1 65 64 -56 81 -26 -93 73 -8 71 67 -96 -74 70 89 89 13 -62 -24 -11 87 -86 -2 -51 -82 77 -9 -88 -39 80 -88 -7 33 59 50 32 -98 74 -30 -85 24 39 -88 -51 16 -47 -12 51 -52 -69
-83 -42 52 49 92 73 56 96 22 58 79 12 94 -23 -17 -47 -78 21 -11 -37 -46 60 21 2 65 -75 -58 97 44 -78 -40 -24 50 -58 1 50 -21 89 -42 -86 31 55 -23 79 76 -67 87 77 13 -30 -55 -1 -5 -83 56 -38 -27 -79 -20 -2 -80 -78 71 -44 -60 3 54 16 24 8 74 -13 79 54 -99 -87 47 66 -49 81 -17 -93 -40 -18 -8 23 41 -28 79 57 -69 -12 -15 -1 -36 -43 -51 13 12 -29
-5 42 25 74 -73 -36 -20 -60 -51 72 -30 12 -99 -94 -54 38 74 -6 60 91 -92 61 4 75 -15 -98 12 47 -33 -63 -60 -7 -54 -95 -91 -84 94 -91 18 -88 56 63 -97 77 56 -27 91 -28 -41 -44 60 -76 25 -59 78 -55 67 -70 81 -35 -68 -92 25 -85 -74 78 -96 -8 46 -39 94 60 -91 57 -87 59 11 -82 44 -24 -16 10 41 -23 -31 69 -77 64 50 -47 -24 48 -94 -11 33 -25 54 -26 13 -43
-18 -10 -33 -70 -96 96 -73 -48 76 -47 30 43 92 -59 59 3 13 98 -59 -97 -100 -62 -51 -9 4 -13 -67 22 -34 60 -11 66 -80 55 42 -37 2 -21 -52 -44 48 -4 -89 17 -37 75 -54 -56 39 -8 -55 53 -17 70 -41 -41 41 14 82 -41 -42 62 -60 71 -63 -27 -72 77 -28 68 63 24 -95 8 57 -91 -94 -41 75 -69 -39 -56 -49 -23 -60 92 38 -44 44 7 11 -13 13 90 33 53 -94 33 -10 82
-30 -43 56 -33 55 41 -54 94 -88 -77 -71 82 -69 -85 41 0 -43 -88 59 -59 -76 22 -80 -79 -7 -85 -49 -78 -43 15 93 -36 5 -28 -56 -57 34 -1 -98 79 28 59 57 -40 -75 -40 97 -43 26 -3 91 73 -36 -12 -50 75 52 -60 23 77 35 -25 -65 -45 -46 -83 -76 -25 -13 -70 48 -90 33 -41 -58 -74 -24 -15 66 -16 1 24 -75 83 11 -5 -66 -52 -61 64 -11 33 24 39 -77 -42 91 99 -70 85
9 24 81 39 67 -41 -85 -38 -47 70 -24 6 38 91 -76 58 20 -17 -42 31 25 86 66 12 -90 60 -40 -33 76 3 -63 28 -47 -21 39 -92 -63 -93 -69 -90 -46 -24 -53 -59 77 -81 87 -89 75 -85 6 -48 22 -72 -12 -58 57 85 63 27 81 33 30 37 2 -100 -95 -71 -53 -93 67 -59 50 45 75 46 14 -98 -86 14 86 -5 -47 -64 -32 1 87 -2 6 15 36 -41 2 -45 72 -100 -27 -53 -47 40
67 -73 33 89 25 -52 50 6 22 -54 -56 -25 -75 13 36 40 23 62 41 -94 62 -79 -21 85 27 19 -73 77 -8 -34 -19 -47 -85 92 90 -65 -51 87 48 96 -40 83 -67 20 94 -85 82 74 38 -78 36 94 -34 11 -83 29 41 85 17 -50 53 -57 11 21 11 28 31 98 -38 -51 -98 -75 30 41 25 -37 11 -5 -39 -69 73 -87 -87 49 -67 -74 -25 41 -59 53 46 -62 -61 66 97 52 95 87 43 62
29 20 -34 26 21 97 23 -97 -23 82 -92 73 -7 -55 -41 -51 -62 66 53 44 -61 -92 57 19 -8 -41 92 -22 -3 -90 36 -10 41 18 -22 -47 -65 30 -92 88 -98 -32 -9 6 96 -21 25 -98 9 -89 -96 -25 -5 -39 -11 -55 62 29 -66 -41 54 -80 -40 27 61 15 -100 -27 20 -51 -1 -84 -48 59 97 63 86 -59 -29 89 -90 -46 56 5 -28 -7 -9 77 17 54 37 -5 23 -73 -76 -31 40 -50 37 72
68 -66 -89 74 4 -50 96 34 58 -46 -76 -43 -80 -2 -58 61 -27 -24 44 9 -84 3 -42 -10 -75 -56 -63 -93 -51 82 -2 90 -34 -6 -15 13 -45 85 -21 -62 91 -76 -80 20 -94 -43 93 71 50 -31 -49 92 79 -75 -72 -74 18 35 50 -37 -3 -71 -82 51 72 -28 -47 26 13 31 22 -51 0 -34 24 -80 31 -4 35 70 44 -55 -76 -31 -26 6 87 -43 63 85 -72 -84 89 70 11 96 -80 72 -72 48
63 88 -79 -89 -2 -19 -46 -34 -45 -22 33 -41 40 -86 39 29 -24 60 30 99 -23 78 85 86 -20 81 -50 96 77 -38 -25 -29 94 84 -14 93 75 -97 95 24 -53 -24 5 16 44 29 78 -67 51 53 -12 -72 -52 -99 -91 -57 97 22 -10 6 62 -55 1 -77 -12 -84 -2 46 -45 -6 48 45 86 58 -28 27 44 78 83 29 -62 -19 -13 -9 65 18 33 42 6 30 46 -48 60 32 -100 -47 -10 -48 9 63
-29 -60 -44 -61 84 -74 -34 0 93 65 97 -80 78 32 3 -31 -94 80 -67 -84 -77 -53 94 2 55 37 -62 -11 -40 -33 53 39 86 26 -48 -11 -100 -21 -30 42 -11 -17 -20 -99 31 71 20 -84 -18 -13 -80 74 38 17 -64 -79 81 49 -26 -29 -75 -79 -33 -15 50 -87 -96 -23 43 22 70 65 -20 5 92 -49 -1 -36 -82 -6 -13 88 -66 34 20 -93 59 -30 -5 0 38 -11 -92 10 -33 -11 -57 -38 1 57
11 7 -71 35 -81 42 -35 -96 -10 76 -54 -27 -71 47 -43 15 38 -54 25 -83 -66 -80 24 52 27 10 -50 65 61 -24 -22 24 17 99 67 -24 -67 48 -13 -74 -41 43 92 -88 48 84 27 -12 90 24 -81 80 -2 32 4 89 93 -38 -66 89 85 94 -30 -56 -93 -68 90 -48 51 -82 40 -56 -61 36 -33 95 56 7 -41 -84 -30 27 -25 10 85 -40 -54 56 60 19 -42 59 -59 74 -21 -69 0 -66 -97 95
-73 19 59 -88 -59 -96 -32 -24 44 -16 -53 20 -73 -44 -64 92 55 89 71 -24 -23 -94 94 -39 -92 61 -11 39 61 46 82 69 -95 8 27 -78 -34 -80 56 -78 -46 39 54 53 78 -81 64 -3 24 5 -99 -46 62 -31 -1 -55 26 53 76 -27 -99 68 86 73 12 20 -20 -28 -1 -42 15 27 -91 -56 -55 -21 -21 -31 -99 80 -65 -8 67 -58 -46 83 -34 -70 -4 71 9 -10 29 45 26 -97 -69 61 12 60
-25 -5 -63 -73 53 23 56 43 -73 51 -23 -92 -92 54 55 44 -5 -50 24 -43 -95 8 -84 35 -18 81 -95 40 36 3 -65 -73 62 11 31 -35 84 89 -67 74 -73 37 49 -12 -61 57 17 -5 -66 44 20 -3 14 51 77 93 59 21 -51 -40 -34 -47 -10 -73 -29 -33 -60 -5 88 55 -50 -92 39 -79 71 -88 -96 55 -85 -66 -82 85 81 0 5 -10 -91 -10 -54 -44 -47 85 20 -3 66 -39 -83 30 98 25
90 25 10 97 -56 -48 99 -87 -49 -85 50 -61 -52 75 -9 63 -55 -83 29 10 20 -67 21 49 31 -15 63 -51 83 -93 -92 -32 -53 -9 40 21 69 1 -11 34 84 24 76 -64 -35 29 6 -70 -8 -88 -25 -39 99 -20 -90 33 75 -77 38 99 -17 -28 -23 3 85 -45 -64 40 -63 -98 -95 79 -44 -67 5 -98 -37 -30 25 -78 45 52 -100 -58 55 -28 9 -19 90 -62 6 15 21 27 5 95 40 33 -90 66
-66 91 19 -47 3 -59 -21 -9 -53 43 -67 36 4 6 -68 72 -72 73 59 -27 -43 -80 -50 72 -57 89 -64 -67 95 60 54 -87 55 -34 -23 90 -3 -5 1 61 12 5 -69 15 -83 -97 82 61 -81 -69 14 -98 76 -13 56 -65 -60 -74 44 65 34 -83 -4 -21 28 -82 -72 -96 72 39 -35 9 -71 -99 -29 -66 -13 -36 67 -3 -84 15 99 17 -55 39 -59 -87 69 -1 -6 51 20 40 -46 -56 27 -48 -65 63
61 -89 -11 -98 -1 56 2 31 -73 -5 97 86 5 -3 -97 -75 23 -48 -1 17 -81 31 -23 -58 -58 18 64 20 98 -25 -100 6 91 71 -91 77 5 -8 -52 49 -63 -36 -32 27 68 -56 -8 13 87 -66 -47 91 -22 -9 -65 43 22 -100 -30 -43 -87 71 80 -17 36 78 74 87 94 3 -73 -47 31 -51 31 -10 37 -94 -25 17 -31 -85 29 21 35 37 -27 94 39 61 66 -99 52 11 -70 84 43 -79 37 -53
75 -55 90 -8 -54 -47 14 41 -28 15 63 -71 60 -43 54 -62 -77 -54 58 80 75 52 -100 89 -65 -47 -86 6 68 -22 -24 47 -51 -21 -94 -76 8 -84 -53 90 68 -24 -19 -41 87 0 0 -80 -44 -15 28 -52 3 -34 -12 -31 -78 69 -61 24 -8 -74 11 -49 -84 88 -8 -99 -60 -47 -17 87 -84 3 -41 35 -42 -70 61 71 -16 57 25 -63 82 19 24 -81 -56 -39 80 -24 46 -12 29 -40 81 -58 29 -85
11 41 -91 -23 -45 -3 47 -9 -68 -87 28 34 20 66 -95 -61 86 47 95 28 -65 -85 17 81 46 -36 -70 28 42 -17 51 48 -70 45 -93 41 -95 -82 -65 -67 9 71 -100 56 -91 -87 55 -38 -54 -91 61 -6 23 11 73 -69 11 94 39 -54 54 94 78 35 81 -15 7 11 26 -75 -77 -60 -42 -66 43 99 -55 71 -71 -23 25 -67 -2 -96 -72 47 52 98 -45 -30 49 48 64 30 -39 -11 43 -16 88 -39
53 11 51 50 20 14 -17 -77 -21 -57 6 62 79 51 -5 -23 -58 20 -88 -21 99 5 2 -72 82 -53 -84 87 -68 -80 -58 74 -73 -47 89 -78 -57 -41 -61 -91 11 92 62 51 -71 -20 -17 -2 -91 -92 10 12 -16 -69 67 73 17 -5 -95 68 -87 54 -67 -14 63 -38 19 -89 -63 43 7 58 -54 -38 30 23 21 9 55 92 -16 -22 -42 29 -84 -99 -19 61 -32 -44 76 51 -79 21 7 8 -54 76 49 -45
-79 55 47 83 39 -31 -89 4 19 -83 49 6 97 -76 -95 -91 -43 -42 -13 20 20 -1 45 -86 68 -79 -22 -9 -83 -48 85 65 99 61 -69 53 -74 -67 43 8 -54 -45 -47 -39 -1 -28 -94 -78 -80 28 -59 -25 -52 -93 -8 -12 39 -50 5 71 86 -93 -77 12 -48 -60 35 -20 64 -59 85 -49 32 -49 -74 55 -95 27 -91 -39 -100 -39 93 -31 59 -83 -49 12 27 59 87 -28 10 21 -38 -69 4 -70 64 -67
82 -68 2 -41 83 -54 89 38 -32 5 -10 -54 9 -20 -97 17 -23 -80 -6 -53 35 82 -72 26 66 46 -18 -18 84 -2 27 -86 21 -68 -28 -42 -82 -62 -35 78 -9 -28 82 74 -3 -16 -84 -99 7 69 -12 8 24 -42 -70 26 -72 -4 55 29 -27 -98 90 -50 -4 34 -46 22 67 -83 -93 -60 -30 82 -67 -2 -67 38 35 -82 10 55 24 68 -33 56 44 12 71 73 -24 69 15 10 52 -92 -66 -41 -97 13
-35 74 80 28 82 38 -81 -69 86 44 -8 23 34 67 -83 43 26 25 -32 -83 -33 76 61 -54 -22 97 -12 -91 58 52 76 -57 35 -69 46 7 -23 48 -71 -74 -65 -14 -24 0 52 -46 -83 37 -72 -31 -79 -76 39 -25 88 34 -37 -79 -15 90 -62 -17 20 49 -22 -73 86 -63 80 -20 32 -36 22 -66 -47 66 -64 28 -43 45 21 74 -37 66 74 -87 -84 14 46 -34 69 18 -16 -84 76 51 -46 80 -6 -44
76 39 62 -39 -69 -53 73 -28 77 -77 62 85 -8 -90 76 28 -100 37 -29 -71 73 5 40 -39 -29 52 95 -65 43 -98 45 40 77 83 -31 -20 -81 -62 -24 -82 97 65 -19 -44 -40 0 -86 83 -5 -73 1 67 -67 3 82 28 16 48 -21 87 -18 7 42 57 33 -46 98 49 57 -45 -6 -93 -80 22 -74 -69 -30 73 -48 78 53 42 25 85 77 88 -11 40 -43 -6 -91 34 -31 45 81 -55 -76 85 14 65
33 -75 25 24 7 -30 24 -25 8 -46 51 -57 7 17 57 -54 -51 -38 20 53 21 66 -56 -10 73 -83 81 37 -76 53 48 -44 -1 79 -72 -77 -27 67 6 73 79 -89 19 64 34 28 -71 53 -70 9 -72 -44 60 96 41 -52 -45 43 27 43 -99 -32 43 -59 49 69 89 13 -24 -91 -71 -31 -7 83 9 89 -86 -95 81 -49 -34 -34 -23 59 48 65 -88 -92 22 42 -58 20 27 -22 -73 -15 -64 20 -25 57
45 4 37 -64 -57 -64 43 -21 27 88 -31 -75 86 -29 80 -11 -11 -44 34 97 -53 81 -49 71 -39 3 -41 -100 87 64 36 26 -70 -94 -82 -83 2 74 -22 -94 -8 44 -98 6 96 -94 -12 -17 -21 -14 36 -84 -100 -75 -70 -94 -46 -11 -99 -71 -76 -5 -36 -47 80 16 -81 -61 -10 -19 47 45 18 2 27 -2 -29 -73 -16 -91 31 82 -66 -74 -59 -72 -15 26 40 -29 -54 45 -86 72 -68 -28 89 -88 -31 96
82 -71 84 -78 70 -42 58 -27 -38 2 -87 6 72 24 -73 -29 -77 26 22 -93 -3 1 66 73 -62 -9 -40 0 20 -28 79 -88 52 -75 -91 -93 -3 41 3 2 -61 6 0 -6 55 1 -76 23 -73 -22 73 29 -52 -35 -32 -18 10 28 67 68 -71 -20 -49 -85 19 79 66 -97 -89 -91 -82 22 -14 -17 -34 -14 74 -6 6 -98 40 -76 64 57 -76 -68 -93 -48 -32 -72 -28 95 0 20 57 30 80 31 -17 91
8 -88 57 1 -79 -93 38 -56 -4 -61 -34 -58 65 -12 -57 -15 90 42 -90 -68 -83 43 99 5 88 83 9 21 19 10 -89 -19 51 -79 7 34 -53 -76 18 72 -46 15 -65 -3 17 -37 4 58 59 3 -93 69 -69 -56 14 -90 48 12 60 69 74 90 -1 -83 -46 83 29 -28 3 -89 70 -32 38 -96 9 -47 63 -100 33 38 -67 81 67 10 -33 -38 -2 30 -30 72 99 61 -94 -90 -32 -91 -94 -96 -78 -31
21 44 -26 50 -10 -5 -39 -10 -3 -39 61 24 -62 57 82 -51 61 33 -49 71 2 -45 -41 55 83 36 17 92 54 78 27 77 -23 61 5 48 96 99 65 -98 43 -16 62 -34 -87 43 32 -84 12 -88 -20 61 54 -20 29 -20 93 75 73 -4 -38 -48 12 14 -13 49 24 65 -84 26 -94 -42 49 -60 78 -40 -13 -14 -4 96 96 85 8 -29 32 73 45 -81 43 -34 -70 89 -22 -74 -83 47 77 -29 80 45
34 -95 -37 -9 -35 74 21 7 78 -22 -97 99 48 43 -98 90 -70 -42 69 -96 9 37 25 -99 53 -25 -43 -37 8 63 -7 51 65 -28 36 3 -59 5 -51 97 -53 88 -69 46 -38 81 -65 -46 -49 13 34 -44 -45 -85 -35 13 54 -59 40 0 -91 69 87 -42 32 -84 -28 80 -16 81 -70 72 46 16 -99 91 -31 60 -26 42 -29 -16 17 34 -63 -36 -28 -5 -89 43 29 71 -33 -24 12 8 23 -10 68 85
-71 -7 -88 14 90 -19 -68 -2 45 31 -23 -38 -61 -39 12 58 -37 33 -29 37 -45 59 -80 11 5 -19 6 39 -35 11 -97 82 -23 -87 12 3 -79 54 94 -67 58 78 -37 67 88 -47 82 -77 -96 50 1 93 -11 -19 12 -83 89 -14 55 10 -38 78 -33 68 -19 1 71 55 78 76 -56 -33 98 -20 74 -34 75 55 46 38 70 33 49 12 11 -44 62 82 -88 55 14 -20 30 20 -59 -78 -55 -49 -42 -40
88 63 -96 18 91 70 -61 -13 91 -65 -66 -12 -29 28 -47 61 -53 -44 19 47 -33 -50 50 16 89 -96 41 -36 3 -56 25 -66 12 -18 -100 56 74 -37 33 24 -10 -86 87 -74 27 95 8 43 -86 79 8 98 26 3 53 59 -64 -4 87 27 33 45 -7 94 70 38 32 -69 -72 85 -68 -55 -44 19 72 12 35 -36 82 21 -86 80 77 26 88 28 18 -50 -26 31 2 55 33 -79 48 78 79 -53 95 -63
55 95 -71 19 14 -16 -68 70 21 -8 -74 -97 35 -93 -95 -33 -16 -79 -45 57 93 77 99 -65 -94 -71 -98 -28 -48 -27 10 -67 93 95 38 80 -51 86 -54 66 44 -44 -69 -89 -20 39 -55 18 0 58 -35 -34 67 -19 9 78 80 -2 -52 -11 56 90 15 60 48 -13 -76 79 -28 17 -11 66 -26 33 32 6 -37 63 -57 -33 58 -95 -28 18 58 -89 -94 1 76 -51 -46 73 7 4 46 65 41 11 -19 51
-31 85 -51 45 44 7 -64 -17 -32 17 86 18 73 -3 41 -95 -25 12 -94 -96 -60 27 -23 34 -17 84 92 25 29 10 62 16 67 -88 -28 -79 89 29 83 47 -13 86 72 -45 39 -98 -41 -56 5 71 -76 -14 33 -69 -16 -19 -95 -32 -56 17 95 -43 -72 -75 22 -9 -78 7 93 80 48 -96 -16 43 80 8 44 -64 -46 -55 -34 -39 -95 -44 65 74 81 -33 29 81 -26 -79 -52 12 -81 -9 -40 -81 42 62
-76 -67 92 -97 54 77 -65 -69 48 -76 -17 35 -24 -78 -6 -13 -76 -4 17 92 -45 4 97 -9 63 60 46 75 -79 -2 24 10 3 -99 -35 -89 -67 -44 -1 63 -53 -72 -92 -100 67 -57 67 3 -54 81 68 -56 -30 27 53 89 -28 73 34 68 34 88 68 33 -69 29 -33 64 49 -3 -25 51 40 -45 25 -98 -61 -72 -20 87 -25 -78 -6 -76 -88 25 77 -9 79 98 -47 36 -15 98 -51 43 -65 33 -4 -53
-80 -11 7 -13 -97 -48 83 -17 -20 -40 -25 -33 99 10 -3 49 75 -41 -55 -5 13 -9 71 -25 -74 -89 20 42 99 10 -76 26 64 44 -67 -22 -35 -83 39 -97 75 16 32 -80 1 30 -51 -45 -60 -53 -83 -82 92 -50 55 -55 70 -31 -50 -92 -29 40 30 29 73 -56 -40 53 59 -99 81 35 -50 70 55 -89 30 44 48 15 -76 89 -98 -95 76 91 -95 -25 -100 62 -15 30 21 -27 -99 -73 91 58 -40 -62
97 -13 86 -8 16 -15 81 21 -10 -57 35 -52 -48 -26 -84 30 69 67 -49 -4 94 15 16 91 94 -7 14 64 81 47 -26 56 34 30 -29 -55 -56 -12 87 -61 87 -71 13 0 -82 -97 -60 -55 87 -48 38 79 -45 -8 74 57 56 21 -16 -49 26 33 95 41 65 49 18 -51 -54 -71 -22 -63 -30 -41 78 -72 -66 89 6 63 -81 62 16 -13 24 75 15 36 84 -28 -21 -61 38 -70 -39 -9 78 17 -82 -3
22 33 17 -91 -43 -39 -27 -48 -96 0 90 68 -2 -45 -86 -92 -28 -11 94 -9 -27 10 92 56 -50 92 -38 26 7 -10 -54 55 -48 49 97 -94 -26 -17 -9 55 -61 -51 -23 65 98 36 70 -76 89 9 20 90 -92 46 83 45 -19 -64 -64 -32 -68 85 -25 27 45 62 29 -11 83 56 0 -58 -70 77 -53 70 -41 18 10 -92 45 -83 24 49 -64 -67 6 -21 97 -93 6 68 26 -37 89 -78 10 33 68 85
-61 26 38 -50 47 -22 -22 -44 -28 52 99 83 -88 -4 6 91 -40 -79 -85 -11 -45 63 -65 -2 2 53 -81 3 -22 -85 1 96 -60 -51 45 4 7 -91 84 -38 -87 -29 -65 -37 -9 -9 -61 37 -41 96 -10 -50 -99 -69 64 93 56 35 31 -4 -15 6 73 63 -87 70 90 -31 -79 -11 67 -8 -28 8 49 -85 64 18 -91 22 -93 -76 38 55 -22 -42 58 28 42 39 84 -89 59 38 51 59 86 -93 27 -4
35 77 -37 34 -62 29 -89 5 59 -97 -21 -17 50 29 -54 42 10 -98 -83 -95 87 -95 -34 57 82 91 75 -43 -26 -13 54 33 -98 36 38 -1 55 -67 93 -98 55 13 62 29 -18 62 91 16 -83 -79 16 72 -45 -29 62 -62 76 -30 1 -81 38 14 -89 68 21 69 -12 -18 -52 -11 52 -85 51 -58 -76 -40 -55 -13 96 -99 -21 -49 74 92 -99 -60 -31 55 7 -73 -32 5 47 -12 72 13 3 39 -9 72
-50 -30 -11 66 -69 -54 83 -43 -77 62 34 5 26 82 -30 -17 -63 -80 37 -37 -73 -96 79 86 -7 -35 -19 -57 -41 -39 -93 -34 65 -3 43 -9 27 5 50 55 -53 -17 29 -45 89 93 65 87 15 -73 55 42 32 -76 -60 60 29 -54 42 21 -33 -8 42 -61 86 -18 -2 6 23 21 -69 -20 47 91 82 46 -9 -27 10 -66 97 16 38 -52 83 46 43 -5 -72 -49 -56 -58 59 78 0 -95 24 -26 -88 -46
-45 5 -41 -98 -91 -4 -93 -6 -42 87 -53 -16 -92 21 -88 26 -84 8 87 -84 -73 -68 69 -18 -26 -7 9 24 -44 -54 -29 23 96 76 -21 10 84 -37 46 13 -49 -99 -48 89 6 19 79 14 1 22 -41 34 21 -100 -70 -87 -47 85 22 8 -90 0 -18 -49 84 -78 41 -51 -63 -18 -7 0 -42 36 26 35 3 -44 81 -32 -27 94 96 86 -61 -71 79 -25 10 -32 30 -89 -14 2 -44 -28 -90 -60 -43 69
-74 -73 -86 -84 -12 64 6 49 75 -59 -21 -23 96 2 -94 -13 11 13 42 2 -44 -37 97 -53 -65 -5 -17 -24 83 -76 65 85 14 75 -67 -21 38 -87 -17 -19 56 59 23 72 -21 -75 -30 -7 -52 -91 -30 -22 -92 7 -42 -62 -44 10 -76 -67 59 66 -45 3 18 54 -9 21 20 -77 -78 19 26 46 -40 -61 59 -94 57 26 44 10 -3 -63 -16 4 37 -41 31 59 22 -95 25 -92 -29 -31 -46 -94 85 49
-94 71 -62 -67 6 39 83 10 85 -13 87 -89 43 10 -67 -1 -30 -84 25 4 -27 -16 -47 93 -32 2 44 -83 -47 72 93 88 -90 4 48 -14 80 -91 -70 8 -80 49 2 -76 -17 77 40 80 -51 -38 82 74 86 18 43 -79 -17 -10 -20 28 93 -12 93 64 -25 -26 -87 -33 -33 -73 66 83 70 84 -90 -88 94 -60 91 -40 -28 -15 -2 -22 -9 20 27 62 24 -97 -59 40 47 -53 64 -70 56 -12 -52 41
-91 36 -40 31 85 -75 -20 50 -80 -81 53 54 -66 -87 -70 -52 27 -36 -24 71 -95 10 -54 8 -80 58 -43 -27 -36 -47 -52 -67 69 67 23 -67 -96 -63 -20 84 -5 -95 -61 16 -22 50 -77 -84 65 -56 53 28 -36 89 66 -73 1 63 -57 83 84 -98 -56 -13 -17 50 -14 -75 -16 -1 -74 -46 44 71 82 -81 -83 60 48 1 62 60 72 -39 12 2 -70 72 8 75 70 -95 -46 -41 -4 30 -67 -45 -71 -32
-45 57 38 50 33 31 65 84 -11 -3 77 28 -83 -29 58 32 -83 7 79 -2 67 -16 29 -66 58 67 -40 -26 33 19 -82 -53 73 -42 72 30 30 -20 37 -52 51 36 66 -58 -4 33 12 7 -98 -63 -62 42 21 -73 -18 24 -68 17 -14 -48 30 88 94 -55 -48 -32 -55 -75 -93 18 -57 1 -63 -69 -59 16 -97 85 81 79 -68 -100 99 -58 -80 80 -85 11 18 42 -57 -85 81 70 69 57 -63 -81 16 -88
-25 -28 -89 42 -5 80 -19 -98 -51 -9 -9 -66 71 -3 76 54 -60 -7 -1 25 92 74 33 -40 -29 86 88 42 -12 -83 -48 87 -48 -51 47 62 -93 74 -81 -46 -69 -76 -20 30 94 16 -75 -68 79 -79 38 55 -59 82 -22 -24 -64 -44 37 -90 -19 44 -42 -79 27 76 -41 -89 -72 51 43 23 -58 11 -31 -17 -16 51 92 32 92 16 49 -36 -6 -22 -3 91 81 59 -6 -60 -38 25 -57 69 94 94 -30 89
72 -46 -28 43 91 20 13 39 11 6 -50 40 -44 81 53 -15 28 66 62 28 -1 -17 -58 4 36 -16 -71 -65 -10 -83 -5 -21 -8 82 -4 -99 97 54 -32 -81 -93 14 93 21 -74 -2 50 -50 -27 -5 -90 -56 -70 -75 26 -51 28 -91 -72 29 -96 5 36 25 -57 12 32 18 73 30 -73 -14 -11 -52 -90 -2 46 -20 88 -85 50 53 -43 -52 28 -82 94 93 -45 -40 -23 10 22 72 -15 -47 5 40 -37 -95
51 -18 -78 73 5 18 -36 62 -34 -43 -31 -47 -39 76 -26 -5 -77 63 -60 -38 -27 -66 24 -61 26 -76 -2 -7 75 -16 61 92 -96 40 -14 -11 88 -65 -50 -18 47 -88 72 44 -20 -27 -37 -18 23 8 48 -85 24 -70 52 27 43 65 -5 51 25 64 -25 31 -90 -27 -13 61 74 -10 56 54 58 93 -60 -18 39 -9 -3 -70 90 47 -58 -80 -56 47 50 67 71 79 -51 4 -50 39 65 17 -59 -48 -17 47
-34 84 -29 11 -84 64 33 -17 -98 -39 35 19 -65 61 84 -45 96 -64 -86 63 -71 -70 76 69 31 -6 70 -22 -76 88 -75 -66 -100 60 98 72 -74 6 61 -64 32 95 17 -80 11 -25 -33 63 -35 -72 65 31 21 94 76 74 -55 13 43 11 -21 -55 32 -48 -89 23 -85 -37 -41 23 26 -20 -73 92 55 -8 -14 -10 -24 33 56 93 -72 -51 -86 44 92 -1 53 -81 48 97 -12 -79 -56 54 -90 -65 -53 36
-40 -67 30 -91 62 82 22 11 92 -27 77 14 -96 37 93 4 5 -13 73 -44 -42 48 72 98 78 -52 -88 -61 -92 55 37 31 -69 -33 45 95 57 21 -41 63 -72 5 -52 88 58 24 84 25 63 -10 36 -7 74 73 32 27 -18 23 23 -90 -10 40 -13 -33 -33 -55 82 70 47 62 81 22 52 25 -76 -53 45 83 -81 56 -17 26 -28 -92 -53 -96 18 -85 -34 47 -36 -53 30 91 50 -1 38 -81 97 9
40 40 6 -93 -47 0 64 52 9 32 15 28 -63 7 -51 -94 -45 62 -72 45 -55 8 -68 9 -15 38 -74 -96 45 -25 73 68 -79 97 -49 15 -69 9 -39 -25 36 22 90 -36 65 -14 -73 80 -93 39 -64 -70 4 87 34 -50 37 -40 65 34 -61 8 -47 -40 55 83 -54 43 -72 22 95 98 7 40 10 9 -1 -4 48 -1 71 81 77 -17 -48 -14 -63 86 83 88 87 -72 -29 59 97 56 -19 -16 -17 -72
4 7 -12 -65 -47 -72 -19 -57 83 -38 -92 -76 -70 10 44 81 37 15 -51 98 66 -82 5 48 11 -86 4 -23 57 -49 -76 -14 -10 -90 -53 -59 -44 0 36 -16 -26 39 -35 -85 -78 -4 -68 34 24 15 -86 -43 64 64 64 -4 22 16 93 83 -49 -74 -26 -42 -84 73 -21 -58 93 85 -71 -33 56 -83 71 -32 24 79 -84 -30 92 46 -81 56 66 -19 -26 28 98 59 1 -7 -57 -1 46 -7 -30 -65 -41 -78
35 41 10 -55 -3 -72 -65 -42 -35 -37 -46 -86 93 -77 -15 41 57 -16 -99 13 -23 37 -98 61 80 -65 0 -47 -33 76 67 13 27 -87 84 59 40 24 -43 -50 20 42 -100 -30 -93 99 -64 -39 -76 -74 56 -43 -9 -88 -77 29 53 -70 -26 16 99 -39 82 68 -5 -71 -5 -36 67 -9 -28 54 -98 79 31 -84 6 -57 91 -57 81 -85 -90 72 -15 -73 -41 -48 -49 28 51 56 -33 40 39 19 -75 -50 -74 75
75 57 -56 -28 -36 58 -63 -69 31 -4 25 -82 8 -37 7 -27 0 17 -46 5 38 -75 58 -62 99 -45 -76 -25 -91 13 -73 18 1 -18 -2 78 -45 -42 30 -37 -57 65 47 -62 79 -28 71 21 -77 94 98 72 19 -13 -9 -63 -78 -36 -70 32 85 70 -49 -40 -23 -57 46 -85 -50 47 16 -85 34 52 91 71 -36 27 54 -7 -76 46 88 52 -97 72 -72 4 67 -36 24 1 -23 47 -1 -71 -83 16 -8 -17
70 -76 -36 2 41 -61 -75 -82 -18 -13 93 -83 50 39 22 -26 5 15 -49 5 0 -85 10 -82 -33 -97 -14 51 -37 -27 33 64 -28 10 -38 35 -50 64 45 46 49 -49 -7 -19 10 -31 -43 -11 47 3 -92 -39 93 -16 -18 -45 -51 12 -63 47 -60 70 -16 -56 96 52 4 -19 -43 80 -29 75 -48 -72 -47 30 96 -64 63 -54 62 -93 92 44 62 -80 -51 89 20 49 -29 67 45 47 77 68 -8 85 -17 44
29 -96 70 -4 33 -80 -36 33 56 12 -33 96 61 32 15 80 24 38 -13 -39 -49 78 67 -48 -53 39 -4 18 -23 90 5 -4 79 -1 -4 -55 90 78 -17 -37 18 -36 33 16 -27 53 -84 -52 72 -75 78 91 -20 42 -63 -5 87 28 -55 50 -89 -92 -34 -60 7 -74 -30 -22 89 -70 -30 -74 -64 64 -79 -93 70 66 3 56 -64 -64 -8 99 90 27 -80 -17 98 -52 -65 94 80 -30 -24 48 -13 15 -22 79
7 -7 -70 53 45 14 88 62 1 -64 -30 -70 7 19 47 -32 -78 5 18 -26 29 -78 -98 -94 55 80 -24 -71 68 51 -35 -82 19 -31 79 64 47 2 98 82 54 -87 -90 -47 -94 -70 32 -60 -41 74 64 41 -41 -23 -51 -78 5 89 87 48 -9 51 43 40 -30 -63 -90 50 -57 -24 80 18 44 13 -44 97 35 67 6 56 -3 90 14 -33 6 90 -7 -38 17 73 32 59 37 -70 -99 49 -90 17 16 9
-31 1 34 55 -23 11 -45 92 -29 17 22 -69 19 -74 -85 51 -45 -91 45 62 -40 75 71 -44 -28 57 -14 -57 50 59 -5 85 90 74 15 -18 98 -22 -82 94 -83 -35 -88 98 -45 -56 -77 62 -55 -82 76 -14 -11 72 50 -67 -60 -63 -10 15 -88 31 -89 -98 -96 -58 80 25 31 -13 13 -45 -78 -26 42 -79 54 75 60 -71 -92 93 55 -97 23 72 -36 -66 90 20 -70 -2 -16 86 74 -74 70 -64 8 -20
-66 38 56 9 0 35 34 -35 -4 -64 97 -99 79 -77 -77 32 28 -60 45 -7 17 94 71 -77 92 -60 -41 -38 -31 -2 -32 49 -61 -60 -43 45 32 11 -16 6 18 -11 -62 -55 -80 18 -78 -85 73 -53 -54 -94 -56 6 -8 -53 -70 51 -14 0 -76 39 -91 -8 -64 67 15 -9 11 72 70 -48 -48 -24 24 4 80 20 -29 -93 88 -39 -26 -24 -57 30 52 7 18 18 -13 3 30 -26 -94 -100 -49 -52 -98 -94
54 70 -59 2 79 70 0 -51 93 60 52 -100 19 12 -60 -85 87 -7 89 12 -29 -62 64 -92 94 23 83 -31 -28 32 -22 -46 -47 4 32 -74 62 70 -24 -26 -55 -94 57 4 -35 30 59 7 40 55 69 -79 31 91 -56 53 31 -77 9 -67 36 97 34 33 9 -63 -54 49 87 10 -44 -29 -30 86 -70 59 80 57 80 78 86 45 -100 -33 -11 43 -76 14 78 -67 -2 -15 52 -57 -75 17 -82 4 22 54
-92 -13 -87 -70 -85 -68 -15 -13 25 32 -67 -41 65 -89 88 -45 82 -46 -98 -19 36 -63 -11 -45 -4 95 34 27 64 -90 29 -90 63 -57 69 -90 77 28 -28 11 -30 58 -57 76 -55 -52 91 -33 -70 54 73 81 98 36 -87 85 40 27 75 58 -32 46 60 -76 -5 -2 -42 43 -69 16 7 38 13 53 -61 56 60 -84 -99 74 44 27 -64 -45 94 75 -49 -62 -47 -6 -66 -70 76 28 63 80 -88 -64 -94 41
-36 -8 -20 42 20 -38 -49 -14 -15 -47 5 11 68 -17 30 39 17 -71 29 -10 43 32 31 -52 -24 54 46 26 -99 -21 -69 52 66 -43 51 -65 -98 68 -10 70 76 55 39 49 -31 -31 -62 49 21 -93 83 64 73 15 -93 38 30 59 17 25 77 65 -16 -53 4 89 -86 0 -18 -97 46 65 30 40 -89 -45 33 -99 12 -1 -48 75 68 -5 58 74 -61 31 13 -70 -23 -42 93 -35 54 55 -4 28 -39 91
-59 24 46 -76 -20 65 31 75 -2 99 -99 -35 -61 46 35 -73 -77 -66 -33 -45 89 70 -79 84 82 71 -2 -58 95 93 -25 -59 78 2 9 -68 24 -78 -17 -42 89 -49 44 93 -65 68 9 -31 -100 83 2 85 40 -48 -93 94 58 -13 15 -76 -23 -19 -71 -63 -10 47 30 65 -27 0 -53 10 -61 -51 -64 -27 -44 -13 7 -24 -83 85 48 44 16 5 25 -72 66 49 36 91 32 -56 94 13 -58 -12 82 -78
79 -17 -59 7 -6 57 -54 -73 -93 65 -35 -87 -42 -50 -52 -31 -49 -17 -46 18 -97 94 -61 -44 93 -57 -31 56 76 -83 -23 66 -12 77 -63 -36 -5 -75 44 98 -93 -74 -12 -52 48 62 -5 -94 5 -82 87 73 -56 54 -52 18 62 -62 6 90 72 -19 21 40 -82 -38 -87 7 12 -13 -90 -19 18 80 -73 33 -71 -8 37 97 -8 -73 26 15 -10 -63 99 -65 96 -93 69 31 21 47 -100 73 12 63 57 55
-94 51 20 17 -18 -83 -32 -62 -65 73 79 0 -89 -86 -79 -41 -14 -27 79 5 48 90 -69 -60 21 3 92 66 90 18 -21 -87 -8 -54 26 68 46 -24 -35 -93 85 95 -1 34 -37 2 -86 47 -77 41 3 -84 56 -58 -6 -63 51 82 61 74 -78 40 22 -16 -44 92 -61 60 30 34 -84 -49 71 -19 26 -18 -54 -41 95 -76 -96 21 -9 -40 28 0 64 67 -83 63 -57 -66 -3 94 51 -74 75 -33 76 -9
-81 -20 -71 90 72 -99 1 47 -6 -5 -36 -19 -5 -34 85 96 7 59 61 -19 -84 -30 -58 -37 28 -35 59 51 -30 -80 -79 -43 -42 -75 -91 -81 -70 22 85 8 4 -62 -5 -33 62 -48 -75 -88 -48 7 -77 -3 -24 6 -76 -52 -72 -30 53 5 -49 -75 -6 99 -36 -69 -26 -100 -4 25 97 -69 3 96 65 -57 86 95 -99 32 30 -6 51 -4 35 35 -73 18 -50 98 -84 20 -37 -16 -54 -1 -80 -3 -14 -23
-97 54 26 96 23 37 -60 -81 -21 6 -75 -41 64 -14 14 44 30 82 -40 42 22 -35 -29 -3 -25 -51 73 13 -73 41 -66 -100 71 -4 -27 -4 -42 87 47 -77 66 -45 -69 16 74 90 -52 -20 -23 -90 -8 -94 -12 53 11 -50 -27 -74 35 -84 62 -18 -31 -50 29 6 -67 70 -13 -7 6 16 71 42 -27 -64 56 26 -5 80 61 -33 70 12 -35 10 -64 -16 -25 46 68 90 5 12 79 -3 72 58 -71 45
24 60 79 -32 -53 -74 68 43 -49 92 8 -90 58 -90 39 -5 38 59 -40 -58 5 -33 -61 3 -47 -79 65 43 36 78 71 -50 50 -58 -5 -84 -68 40 -47 5 -59 -72 -19 61 -47 -95 -18 -16 -90 61 -74 -85 -98 -12 63 85 29 -63 -40 31 -65 -51 17 60 33 -98 87 44 58 -25 54 70 -49 -55 97 97 -68 -70 -76 -11 -88 45 42 -64 -46 -93 -55 -1 45 -87 -9 -34 58 -75 31 92 82 6 2 4
69 90 -18 -14 -49 -10 -45 -11 12 35 99 -42 62 98 -83 47 -43 63 -53 -76 -72 51 29 47 -52 88 72 56 -12 66 85 82 39 85 99 -88 -40 10 11 2 33 -31 16 80 -56 -61 -66 -43 96 24 54 -52 89 -37 39 -2 -97 -5 77 -75 -37 -79 -67 -54 -5 39 26 -32 -88 -98 54 41 -19 14 -90 5 -40 8 -24 -71 11 -80 42 -28 69 -16 1 7 -91 -44 -93 -43 91 59 -72 65 28 46 38 90
-100 -100 -77 8 -92 53 -59 86 -68 95 10 -87 -92 26 -48 -64 3 91 -96 11 69 42 40 -98 -33 77 67 59 34 52 -66 76 -68 -69 81 -18 -74 -1 84 -83 -82 23 10 -11 74 -100 -61 90 -72 51 -59 -80 -98 -8 -63 56 78 -28 -40 -48 58 -80 -24 25 -78 -83 55 36 28 52 66 44 23 77 88 -28 -50 -57 25 -32 91 21 22 16 1 -46 -67 -8 35 -38 -10 -19 -100 96 -27 -28 -67 -71 -43 12
-58 29 72 17 -47 -12 72 -91 -77 -36 39 82 -50 42 67 11 0 -76 -50 81 15 -88 72 -54 -90 -40 -5 86 -59 73 97 -38 12 -28 19 -90 -44 61 -89 6 29 12 19 96 -90 -58 -72 4 -50 -10 0 87 67 84 10 2 -45 56 -20 21 24 -21 -79 -6 64 90 45 -8 -90 -63 -71 -1 -41 -76 9 38 -60 -83 31 46 -66 -66 -93 -61 -94 42 -37 76 69 27 -92 51 -38 42 46 20 34 19 -15 -76
10 79 13 -6 -62 62 -62 -66 36 -24 -87 -69 -27 40 -15 -2 60 78 -43 1 31 -4 89 -13 26 -17 -57 6 -99 -38 -50 -25 -97 40 -68 -87 -54 -45 86 56 22 63 49 19 39 30 68 -77 33 1 -97 -63 21 -59 -96 65 5 -83 30 -62 -77 -67 36 59 30 42 -24 5 -4 17 41 87 -22 23 -53 -28 76 -77 58 2 44 -58 -48 -56 -7 48 -32 99 30 -39 -22 -75 13 43 -5 17 -51 -88 -93 18
-88 8 -97 46 -65 -51 76 91 89 77 -80 18 46 91 94 -12 -71 3 -8 -8 -68 -61 -68 -38 20 73 2 92 62 -84 66 -73 29 11 -80 96 55 -5 44 43 -89 40 -77 -31 3 -33 -89 59 -55 78 -11 75 -46 27 -11 58 30 95 17 50 -67 47 59 71 38 -54 41 2 -43 36 23 4 48 56 -93 -5 -30 19 8 77 -86 -56 1 -13 -99 -78 -4 73 -79 -44 18 55 -25 -75 -66 69 19 -98 -24 -17
11 45 -74 99 -45 48 -15 -72 -65 -16 -1 64 2 -28 -67 -10 -59 -80 -5 45 64 -64 -11 -94 -27 -95 -45 29 -73 -19 96 -72 -71 65 58 77 49 39 -3 41 2 -86 5 -53 -97 77 81 55 95 -21 -90 76 22 -68 94 -71 -14 -11 28 94 45 27 -54 75 53 -97 39 6 77 -71 -69 -89 28 82 -43 -71 36 -73 -98 -48 37 57 -65 31 55 -15 64 -92 -36 -26 73 -67 0 87 77 35 25 44 -20 -14
-19 66 39 67 -2 -45 -24 12 92 28 11 -59 -40 -11 -26 20 -32 -23 96 -42 -51 -51 -48 -11 -82 20 40 -87 -80 95 -47 76 97 -16 -45 -45 -38 88 -1 88 26 -24 5 -32 58 43 -86 -48 -98 -44 76 47 -59 95 41 30 -33 -90 -88 65 93 79 43 60 -96 49 7 9 61 -90 80 76 -45 -52 47 92 -57 -73 69 65 -93 15 -35 -28 78 48 -50 36 73 -28 -88 -99 67 -38 67 11 -82 10 -21 -85
