-2 36 23 -99 -10 -26 -19 96 68 -25 99 90 -1 52 -90 15 99 -79 -84 -64 53 -32 2 -79 -47 74 21 23 -23 -43 -16 -79 46 59 -34 3 -23 86 52 67 -85 -5 -21 -16 -54 25 38 66 73 7 62 98 -99 -4 2 13 -50 -1 65 -1 -24 -10 42 72 58 -84 2 -90 -70 35 -44 -19 50 -41 -42 -42 -46 -42 -43 19 6 -7 51 -99 -53 -84 -55 -11 58 69 72 -24 -98 -24 -36 -88 -36 62 -44 77
6 -40 46 97 52 -12 -100 32 29 81 12 51 31 -66 30 41 -70 81 64 -84 -6 -69 -87 99 36 -53 86 8 68 -87 -26 -70 -9 -1 -20 62 67 16 -22 44 -58 -19 -16 41 -70 -33 99 11 -81 -10 -85 14 -28 65 -67 -35 47 -100 -17 78 41 -34 87 89 80 20 1 -96 -10 -11 16 -20 60 61 16 -12 -28 -68 -12 22 -66 -29 -70 15 -78 -20 66 -84 13 35 53 -66 -58 -31 -51 -63 -44 -64 29 -55
-48 -56 -60 -37 11 -4 -12 -51 27 -92 58 -32 84 7 -94 -75 34 65 42 -17 84 83 20 -75 29 -66 -17 -44 22 7 -88 83 -43 -92 -11 32 58 -85 -74 -37 -83 82 68 -84 14 66 86 93 97 -16 -67 -13 52 -77 47 46 -68 47 -65 81 -42 65 -87 85 43 73 12 24 3 -97 -28 -21 -49 -97 -27 -31 -23 -89 -49 -16 -85 -4 28 27 65 -8 53 -98 -28 -51 35 -46 0 25 20 -17 7 -68 79 -3
-63 -87 78 61 59 -63 -74 6 30 -51 -46 -38 96 82 54 95 -9 85 89 -16 -85 -24 -3 9 -52 -36 -98 70 97 -9 -2 70 50 19 37 -12 -10 -28 -93 -82 31 -12 -44 76 9 22 -96 75 -9 22 84 45 31 18 -10 -89 30 -16 28 -52 -64 -35 -66 -62 -84 56 -39 29 64 -23 -52 29 69 -28 -60 21 -4 -3 -83 -98 33 -26 83 84 51 -14 -17 -75 99 5 19 48 -46 67 43 59 91 81 61 -44
-74 16 -20 -7 -89 26 84 -24 51 -18 -24 83 -85 -26 0 -53 54 4 78 85 -64 94 -43 10 91 15 -73 43 -1 46 69 77 88 37 90 -45 -6 36 -57 -24 34 -70 43 -22 -72 15 -41 3 -85 34 -21 23 57 86 -31 -26 -55 -78 29 -23 51 -43 84 52 -46 0 -6 52 -24 -43 -63 -2 -64 -13 -75 -1 35 -99 17 -21 85 -15 -43 -85 47 82 36 44 66 76 -47 8 25 -95 29 30 17 -40 -40 -51
57 24 -32 31 -47 -28 57 81 -41 20 6 1 -57 -25 56 90 45 -28 -15 1 -95 -19 -16 26 -45 17 7 -52 64 -45 -48 -14 -41 -13 73 -45 44 72 77 -30 21 -84 -61 30 52 54 -28 43 -68 -77 -35 -9 6 51 95 98 -79 73 -65 -21 84 -91 -30 76 -16 77 -100 -73 96 -23 -91 40 48 1 17 -78 -86 95 58 -79 87 -16 84 -80 2 -50 -88 61 -11 25 63 24 -20 -25 92 -49 -77 -75 -85 68
-77 94 -49 -1 12 -19 19 -61 26 7 -57 49 -87 -7 -48 -78 96 50 -85 24 23 77 -42 99 -4 25 -45 91 -93 44 -40 71 -51 -8 -30 39 -22 -91 90 31 -84 -93 35 -62 6 30 -70 26 -47 24 30 -78 -59 -99 -63 30 -99 19 -98 -4 -69 -67 -56 86 77 -49 63 -46 -14 15 -35 56 -71 65 -69 90 -75 -41 -39 71 -4 -34 19 -24 -54 71 -35 79 28 88 92 -45 -85 45 -21 89 -50 -7 54 -16
92 1 -3 1 -4 75 6 -36 -50 12 -1 -1 1 -42 -66 -21 -53 -86 -51 -98 37 77 4 -14 -15 20 0 4 86 -50 62 87 3 10 -86 -68 99 3 -65 70 -93 -49 -7 -95 -54 15 38 -42 9 29 21 -52 2 -53 -40 -36 5 -5 59 31 -22 51 -20 -52 -8 62 -15 -46 -78 -66 -28 -40 -77 89 50 25 33 64 -37 57 -1 91 17 -5 -60 -56 34 98 -92 86 0 -79 -19 4 -20 1 12 -50 -63 35
-52 8 -33 -2 -7 -20 -55 77 -31 8 71 -28 58 30 -23 -22 29 -82 -6 -30 25 -100 -14 -61 75 -44 27 -76 73 -71 77 -20 -74 -30 -76 -73 -36 38 82 64 -53 34 46 3 86 77 -15 97 -29 -46 -59 -93 -21 -91 79 46 -15 41 -61 29 -68 -28 -80 -68 -3 61 38 2 -96 0 61 -37 83 -60 -67 5 9 56 55 -46 95 59 13 -46 -93 14 12 -37 26 -69 34 84 71 63 79 -10 43 -65 6 -63
93 68 -92 -25 48 -40 37 -29 -58 17 -21 47 60 70 37 -18 30 -32 -11 -59 -100 -12 64 -32 -44 -14 19 31 0 66 -68 17 19 -16 12 13 57 -5 64 -72 53 -25 -76 -87 -85 -63 99 81 57 -19 -29 26 28 79 34 57 91 59 12 -28 23 -11 -17 -69 -71 44 -87 -57 -94 49 64 -73 -47 74 -89 -68 62 96 -54 21 -33 61 -27 94 -63 -92 40 31 58 61 -17 47 15 35 69 -21 93 -36 -48 -45
73 68 4 -13 55 13 59 -91 -36 -64 81 16 71 -47 16 -24 91 -86 -98 -39 -7 34 -90 62 75 -23 -38 19 -65 41 -6 -59 -12 47 -60 -22 56 -26 76 82 -75 45 -59 -43 54 0 8 73 -63 -36 -83 -98 52 -66 62 -2 -4 -16 -81 9 74 81 96 40 34 4 -14 40 -20 -39 -60 -80 83 68 -4 64 48 -8 81 85 -43 18 34 68 -84 -6 -42 -81 -58 -97 11 -1 0 41 61 87 75 39 -10 -13
12 53 -45 -71 70 14 87 88 -5 81 12 24 -7 55 84 -53 47 -42 -48 -82 42 -74 -32 90 16 -94 78 -65 -28 37 -50 10 -85 -11 9 68 -35 -81 -22 93 -87 23 -63 45 87 -16 3 -17 50 87 -1 80 -38 62 -72 -3 39 71 -30 -80 -22 16 -91 -2 0 92 90 -2 -92 -35 -38 -8 -98 -81 -79 45 53 -37 10 32 -21 54 -47 -34 33 -73 -22 93 1 35 12 95 56 22 97 55 19 -62 -92 -30
-12 60 -42 66 -76 -24 -32 14 36 -52 -83 -96 24 64 -37 94 86 81 60 71 31 91 -31 2 -33 41 80 16 -87 -34 -90 -55 39 67 22 9 9 90 68 -52 61 31 71 -26 87 52 -89 20 87 -31 -93 -26 -3 22 -59 26 -90 22 36 36 -83 -89 -44 -16 95 -2 -88 71 4 -84 -7 -12 -45 83 -10 61 29 50 -61 63 28 -49 -48 6 81 -57 57 -9 80 -77 -71 23 81 12 14 -59 -2 -25 -25 4
-28 6 -27 6 -26 50 4 -24 87 80 42 -47 42 78 -28 32 44 -31 -33 -79 -53 -9 -11 -93 -42 84 36 23 -53 36 -84 82 61 36 -38 9 9 48 38 91 9 -3 -12 -76 6 -10 83 -47 32 84 -97 -31 -90 49 -16 23 -65 59 86 67 91 53 16 -63 -83 19 -63 -71 -67 78 10 -66 6 -86 59 64 -66 -13 89 -36 -72 17 -21 -82 -16 41 72 -33 31 33 60 29 -77 11 78 -16 39 73 15 49
-53 58 -57 -73 22 46 14 33 69 -94 -48 47 -83 -19 75 -32 -16 -89 -3 22 -82 -79 99 -32 42 62 5 -20 69 1 -3 -60 -62 82 -88 12 54 -75 15 55 -6 23 6 87 -65 -34 -95 -97 -50 -73 -68 94 -78 25 -31 -41 -99 1 -56 89 43 37 -77 80 -54 26 16 53 14 -39 -84 -15 -66 0 68 -7 70 32 -40 44 79 -11 -38 -61 51 94 -75 -29 -23 42 -56 38 29 77 42 77 7 71 -65 30
-39 -19 87 35 9 43 -79 -46 12 36 -5 -53 -64 44 -93 -16 -15 34 -11 67 -21 45 -17 -70 -3 -18 25 -24 39 -22 -6 -10 -3 -88 -26 -78 16 37 57 -7 -84 -62 -82 -62 -66 -4 -15 47 8 88 66 83 -61 -33 -22 -2 86 -29 -30 41 88 -6 -33 12 -88 -52 -33 -65 4 6 53 7 91 -29 76 -99 15 -79 -47 -81 -92 -76 98 -39 88 62 -20 -34 45 66 87 -90 -99 51 -36 -3 31 -32 7 56
-90 46 -57 -12 -68 -28 18 -70 15 1 -56 -89 90 -66 9 -75 -27 16 -51 -14 31 -3 27 -59 -90 -63 78 -63 11 46 73 -17 67 45 12 -48 3 84 -39 -31 -24 1 -56 70 96 36 -89 -43 -4 31 68 -17 -26 -8 13 -21 16 -25 -36 63 26 89 -28 98 45 51 -26 -39 -90 -30 -53 55 18 62 -33 -11 -46 -2 -19 7 -67 14 57 40 37 10 -65 -84 9 -46 12 27 -3 -24 -20 36 98 -56 -22 56
-35 86 80 40 24 87 15 -83 71 71 -85 98 75 -18 51 -61 14 -47 -80 -82 -32 -4 -64 -93 60 35 -40 -54 -13 21 -11 -96 -100 -53 20 -36 7 78 -64 -30 -81 -14 -90 20 -82 -16 65 8 80 65 8 -57 -32 3 -53 5 -72 25 -77 87 98 63 24 -64 -100 26 -2 -56 -28 64 44 -55 25 51 72 -53 -57 6 22 -88 -58 94 -9 47 47 50 -17 -75 76 -100 59 2 47 18 -85 -42 -37 -69 -83 -86
-54 40 -7 82 19 99 81 -47 87 -3 58 -37 -22 75 7 -15 15 36 21 49 54 -91 -37 91 -91 -98 -99 74 -31 -37 71 54 87 -98 50 -29 -58 -77 23 13 -42 3 87 54 15 41 45 1 49 48 7 -86 48 63 98 7 -79 -40 -80 30 -68 -63 87 -100 -66 -73 -13 -100 -6 86 -39 -94 97 -33 -99 -70 -80 -31 -53 -66 10 -19 -73 11 -36 -56 -7 97 -28 35 -60 77 -39 59 -96 48 -35 30 91 -62
44 -43 -65 37 -39 -84 13 7 -64 13 28 -19 8 57 62 -83 -98 37 99 29 -23 41 -17 4 36 -53 86 -41 16 21 92 -10 -14 53 -25 19 21 70 11 -9 43 96 5 -96 50 -31 -77 -83 -81 -66 55 -37 -34 63 77 -29 51 -31 -58 -39 -82 96 96 87 -27 -43 75 -57 -91 11 -95 89 6 50 55 -10 -1 47 -26 -22 -75 41 53 -79 -51 29 -12 76 63 -64 20 -10 -33 14 11 -45 -48 6 -55 -23
-48 40 -5 52 -14 50 90 -100 -21 25 -68 36 14 31 -59 98 -17 -38 -67 28 61 -88 94 7 -31 -75 19 -24 56 -16 -26 24 -25 79 -33 18 16 73 90 60 45 -13 -96 -4 -70 10 -8 10 63 -53 47 -38 55 91 -62 -48 -64 -92 43 -100 -78 57 17 93 -63 -76 -72 48 -100 -27 -73 44 78 87 -70 -17 41 53 -8 -2 46 86 -6 34 -41 32 -42 50 -9 98 25 66 -42 -24 81 91 -50 -32 -11 -12
51 52 22 -92 95 90 -71 17 72 -12 -57 66 67 -51 12 31 -9 95 17 -1 -13 11 64 32 -65 -92 12 96 -74 26 -45 32 26 -97 -46 -19 -95 27 57 -58 98 -64 38 68 -52 -44 -13 -85 14 -53 -77 42 -4 -89 -93 -25 3 -94 10 -44 -5 94 73 60 -3 77 47 68 -53 78 -12 98 90 54 -29 -94 63 -91 -52 88 62 72 -59 77 -3 9 -14 79 50 63 -19 66 13 -64 61 63 43 -54 -81 37
15 -71 -52 81 -34 -80 26 71 70 -10 -27 68 -10 -66 -45 20 73 83 2 18 -46 -53 -42 -79 62 28 -5 -56 -95 -26 13 93 -17 48 -85 -1 -45 -23 -50 -33 72 8 69 84 -32 52 -22 -46 -59 88 24 46 -50 -59 96 -56 4 -82 85 -16 -66 94 -87 76 30 87 -9 -3 -5 9 94 -32 29 0 -32 79 -56 -60 88 88 40 -81 15 -2 -22 33 32 72 56 1 7 -94 -12 84 -86 43 -38 -54 -61 71
59 -13 -16 -95 -29 -79 -85 -15 29 25 -66 -91 5 50 80 6 38 11 -33 -93 25 54 -29 71 -67 34 41 -2 -62 82 28 -85 -45 -8 -71 -94 -10 70 45 -77 92 -93 57 -75 -15 -65 77 26 37 -94 -68 -56 -90 -19 -82 4 92 46 -80 -71 -17 -93 -91 -84 -19 88 29 74 30 45 -85 -81 22 -89 37 2 -36 81 39 -68 -70 97 -1 98 98 -37 -85 17 -34 20 66 -22 -30 -35 16 11 62 32 -9 90
59 92 42 43 76 46 -54 -3 -63 64 22 21 -52 9 42 -38 35 51 1 99 50 98 -14 68 41 54 -74 64 36 8 22 24 9 80 -91 58 -13 -2 24 -72 -98 40 1 -62 -50 73 17 74 92 -60 -13 3 33 94 59 10 -17 46 2 -53 13 73 81 -79 -85 86 55 0 -4 -42 -76 -19 92 -2 58 -42 76 -45 31 -26 11 -77 81 -76 2 -62 48 -3 -2 -26 -6 32 51 8 85 95 -79 63 87 -91
-57 76 64 -52 51 28 61 -33 -43 -62 -47 -88 4 -91 -3 39 50 -43 -42 4 -39 28 -68 -21 90 66 -54 -6 -59 19 -35 15 27 73 22 71 -43 58 47 -62 29 6 25 1 -50 92 -10 -38 48 -2 -73 -26 -28 -70 73 -54 -52 -43 65 -6 49 -88 -99 58 16 0 -29 34 -46 55 25 59 24 -21 -81 89 9 -71 -8 2 67 11 96 97 43 15 51 -13 -76 95 83 74 25 -7 -80 -23 -85 -64 7 42
28 29 -86 -70 -68 70 22 -13 -35 -64 48 47 -30 -26 4 63 75 73 97 -10 -11 93 -4 -22 77 -17 65 -78 -13 74 -42 80 -48 86 -6 89 -68 -36 -38 -22 -18 -22 -2 -62 14 -27 -62 -60 -23 20 34 -11 -5 -45 91 86 -66 67 -49 11 4 68 -40 -65 56 -50 69 29 -69 8 -16 57 39 -23 63 16 78 -92 -2 -33 53 -35 6 12 -40 29 34 -95 -41 -22 -18 20 -20 -91 35 39 0 -93 -26 5
87 41 -34 94 -37 -16 11 55 -15 -37 71 -79 -11 -38 -55 17 -78 -96 94 72 -92 -27 -34 8 48 72 34 80 78 -21 -3 -10 23 14 68 30 90 -78 -99 -88 -4 14 55 -81 66 47 30 -69 63 6 -93 52 -67 82 -29 -88 -93 -92 -74 -18 28 -90 -19 -67 -19 -62 -23 48 -60 -57 17 47 43 -55 -66 -7 60 8 -71 -39 -88 91 72 -84 -96 -84 -66 -23 70 -41 -98 -32 9 -92 32 -42 51 49 27 22
79 -15 68 33 -66 9 -42 -57 -59 -85 -80 9 -86 4 -39 74 -64 -15 -28 75 25 -37 -32 61 -39 -98 -2 -9 93 72 -89 27 84 -93 -59 11 69 9 -99 71 -100 92 -3 34 89 0 -78 38 -12 -72 40 -80 -33 -13 -19 -44 -54 -11 -72 -98 -96 44 16 -93 -85 -16 34 -63 27 -92 -86 -44 1 75 33 -24 33 16 64 -11 40 -27 26 -1 -49 98 -65 48 -64 27 4 -21 -100 -100 18 -95 -67 90 -83 -77
-61 -32 -96 97 76 -12 -89 -67 62 27 13 86 46 -5 65 -97 -16 -15 -16 -81 -30 94 -34 42 7 48 -32 82 41 85 -76 86 52 -86 82 -12 -88 -10 34 62 -12 91 -53 41 -69 -82 -98 -93 -32 22 -74 65 0 38 36 52 -61 -64 -66 -34 -95 14 42 -45 -93 28 -86 31 57 27 27 90 90 62 98 51 -30 67 71 -5 1 -15 -9 -16 -17 -34 82 -49 54 2 -87 75 40 -96 -65 -57 -1 59 24 -54
-8 -42 -44 94 0 -51 18 4 18 -36 -99 -74 -23 -39 -40 -69 24 99 79 25 81 51 55 97 -49 54 -9 82 -51 -33 7 -27 37 -36 -3 -25 -12 46 -66 3 5 -53 -73 14 -35 49 4 -20 -48 -78 24 -61 21 -24 -24 -62 -64 -62 85 34 98 -83 -100 18 -88 -89 -18 -69 -92 -84 -21 10 15 51 -75 69 -49 -1 -4 -90 -20 32 -50 -29 -2 82 -35 75 86 -79 -92 -52 42 92 10 13 -54 23 11 49
85 -4 -14 88 -70 -59 -38 75 41 -60 -53 37 -4 22 96 53 90 -99 -87 69 -84 -73 34 -84 -34 19 7 -58 16 -83 14 46 69 -73 65 -60 58 41 -66 51 -61 -57 21 -10 50 -5 -78 -79 45 -21 -29 -45 -81 -77 -83 52 50 -91 -96 63 -95 63 15 58 -99 99 -56 -91 35 -28 -22 -91 76 86 25 -9 66 -80 60 -34 2 80 51 -72 -50 50 29 -5 -77 30 -4 -1 56 -52 51 85 -71 90 30 -91
-11 -9 -34 35 62 72 -16 -42 -45 72 71 -30 29 19 7 55 47 -19 86 71 58 -33 32 46 60 23 -22 -5 80 -12 60 10 -37 -71 30 -28 34 -53 -1 -51 29 -83 0 -30 -79 -17 -27 -86 60 -43 -98 0 34 -82 98 23 -66 -54 68 56 59 -69 62 61 -21 78 54 -25 -20 66 -50 25 84 57 61 -30 92 88 -8 17 39 -96 54 -26 6 -79 10 41 -14 -33 -14 -90 63 98 63 -10 -54 -32 6 -48
-88 -89 66 84 72 53 47 48 -94 -63 55 -74 -69 4 43 -43 -48 -61 65 -16 26 -95 -58 48 26 -32 -4 -38 -86 -65 23 79 -36 -88 -79 93 44 -81 -55 19 8 -61 -27 49 -99 -46 -10 82 31 -23 -32 92 -37 4 13 57 2 0 -100 47 -81 55 -17 94 -6 -25 -5 83 32 45 39 -12 64 -81 77 97 11 40 -70 62 45 -93 -89 -46 79 -2 12 49 74 -15 88 84 -76 -71 -74 -66 -67 90 46 -11
2 13 17 -1 57 -52 -4 -78 63 -5 -73 89 10 93 6 -99 -89 -66 5 -64 -27 -27 -16 -66 2 -20 38 -80 9 15 74 -29 -35 94 -36 -95 60 8 18 -2 53 92 -33 63 91 87 -3 -13 -83 85 24 -8 86 42 22 87 85 19 64 5 -36 -41 -39 -16 1 33 44 22 -81 -60 -80 -90 49 29 -59 73 -62 -30 6 78 57 21 -95 33 -22 38 60 77 -85 38 -11 -36 -71 -23 -10 42 85 65 22 27
-52 22 7 -96 2 -89 -8 -86 -1 93 67 -86 42 66 -51 84 -84 -58 59 33 -60 -87 18 -80 30 -72 38 83 95 95 47 77 -32 -65 -36 64 67 28 -65 -6 -60 65 -13 31 -85 77 -50 -97 93 -59 15 -25 -19 9 -42 -73 -28 81 10 -90 16 -48 -68 31 -43 -96 47 14 -61 90 -97 -46 8 66 64 -50 -96 17 -30 52 7 13 -49 73 3 -42 -15 63 -28 90 77 -25 27 -84 -48 -4 60 48 -17 -93
33 51 -30 -38 -28 -96 -100 74 -32 -64 36 27 -27 -18 35 79 18 -79 -90 -64 66 31 -60 -21 -78 23 7 40 -39 0 2 94 -36 -17 -68 81 89 33 -37 25 -23 -82 -66 -6 -32 -20 -98 -62 -93 -37 -36 73 8 51 -7 51 41 20 44 -34 -69 60 -83 79 -78 40 -68 34 -8 26 -76 -49 -18 82 92 -7 -41 -24 -35 -82 -14 -84 -58 -80 -94 -90 24 -25 -13 -46 55 30 35 55 -46 -33 -48 91 -46 57
30 -35 88 -66 -19 -11 96 -16 -45 84 51 71 -77 82 -75 -53 73 32 1 6 79 -78 7 -78 3 -78 60 -49 -4 42 -52 -52 -23 50 -20 -94 57 -1 -21 0 1 71 96 -1 -28 13 -10 -95 95 -3 -81 4 -29 22 -63 -40 -72 36 -73 25 23 -57 25 -13 -10 67 -49 -25 -7 2 14 81 62 -50 57 -98 27 13 -99 4 75 -72 -64 -7 -57 -61 -1 72 60 -75 41 44 36 -53 -22 94 97 -33 -29 32
-68 -66 -46 -7 43 -92 47 -75 -44 -74 -57 -74 -92 0 74 50 -73 91 -82 -80 5 67 94 -58 50 19 59 -42 -35 -79 -60 17 -4 -69 -18 -58 -20 -53 -50 -18 -50 -43 -84 27 35 -9 -37 -31 -84 -6 50 58 1 -15 0 -2 59 -71 -18 -35 71 60 -27 84 -20 -56 50 70 39 30 -67 2 -86 -83 10 46 92 -36 34 -76 89 73 -58 -92 57 12 88 -86 -67 70 22 12 59 -11 -100 41 -45 -16 79 58
46 80 -6 -80 -6 -63 -64 -100 60 31 94 35 62 66 -85 -100 -1 3 41 47 -100 41 -15 17 78 1 -4 92 21 -17 91 -4 43 99 -21 -5 84 48 97 -12 61 19 -36 -88 -36 -85 -64 73 -38 -74 76 14 98 72 29 -14 -59 7 -36 90 -19 -44 -30 -64 94 -84 21 8 -71 -94 19 54 -91 24 -72 80 71 -55 92 -19 94 53 43 -77 42 18 38 -34 64 -3 28 -8 -76 5 50 71 -27 -6 -59 53
12 -15 -23 -55 51 4 82 94 -81 -15 -6 26 42 -95 -11 22 30 -46 55 -89 -75 -83 9 -26 -46 27 80 -90 84 -95 45 -3 -44 55 12 -37 59 66 6 -31 -100 -13 50 -91 -62 41 -93 -94 57 -28 27 -40 -32 77 7 62 1 93 -43 -74 52 -84 -78 -38 13 70 -58 23 -62 85 -84 -41 -96 -71 -79 64 43 38 -98 -44 47 -62 14 -10 -10 28 -24 -64 -9 10 -80 -67 -5 -62 -24 83 -46 95 82 39
-94 -13 -55 97 -98 -41 -64 57 17 -29 -37 -32 -27 16 -45 -11 -44 38 -68 48 50 77 81 -2 22 -89 -92 -52 -21 13 -74 -50 -28 -78 -29 -55 7 -89 66 -99 69 9 -35 -15 -56 -50 28 48 84 -15 -21 -66 -57 -47 11 -81 9 -2 -31 -23 -39 -69 42 -56 78 -48 -75 -33 -1 42 -95 -84 22 37 -48 -10 11 -64 -50 -92 -35 -95 -67 -98 -25 -50 -44 91 -3 -1 13 -99 -59 -41 50 -19 -57 92 13 -4
-7 -57 46 90 61 -75 40 47 92 -85 -81 31 32 38 71 1 79 -70 43 -59 -72 -79 11 -99 74 37 -78 -53 27 -21 85 -5 7 27 -87 61 23 61 -57 4 -58 35 19 -91 -45 -39 90 -11 76 58 -94 79 -64 54 -32 35 94 10 55 34 -8 31 11 60 -73 22 65 45 -18 -35 -12 -65 48 -39 67 -19 -69 15 -29 51 -74 81 47 66 -23 62 7 -63 27 97 -78 -55 98 -83 -78 1 74 67 99 -70
-31 -96 -32 -52 37 7 -24 -13 -59 63 44 -75 -73 -22 85 -72 -11 68 58 -66 -6 -55 -44 52 -31 74 -56 -96 -33 1 -63 -93 -75 -72 -15 -2 70 26 -40 -90 48 47 20 -22 -99 -43 91 17 -64 -100 -59 -19 18 -83 -88 -16 30 67 42 -43 9 95 -86 45 -92 56 50 -94 50 -89 86 25 7 -99 -98 -32 -26 58 92 -55 0 91 -68 -48 -62 77 95 54 16 56 75 37 -11 71 -42 -22 -88 13 -30 4
-76 -17 98 74 99 35 -72 35 -60 -44 8 -26 -36 -90 -61 -9 -12 58 -19 63 -65 6 -20 95 -32 -43 4 -49 24 -59 52 -21 -18 77 -84 -74 -24 -23 -35 -6 -24 6 -25 74 35 -19 92 62 75 38 -32 -34 32 87 50 9 -78 50 90 71 -94 -72 70 14 -79 -12 -35 14 -88 -48 48 -81 30 23 55 69 46 8 -20 61 9 99 49 -87 43 -37 -31 -15 -62 49 -15 -6 -47 30 -74 -86 36 31 38 -87
-2 -34 18 33 6 -48 44 72 -33 44 -29 -47 -89 -61 -3 18 49 97 -35 -97 94 11 11 97 -60 -18 -46 2 -28 -66 88 -79 95 80 50 -50 67 -37 5 12 -38 -17 -73 -58 -7 70 82 69 -95 -56 -20 91 99 -95 -73 -38 53 83 -60 -79 32 74 -67 -83 16 58 63 96 62 26 -11 -69 -28 28 -23 -58 -84 -1 76 99 -18 9 49 -52 -82 43 21 14 -66 4 -38 -96 -83 -59 2 90 21 -95 3 13
-97 49 -20 -25 -5 11 63 -37 57 90 -59 -44 -11 -90 -77 -5 -44 52 -20 79 -1 -43 -60 68 63 -29 -51 49 -83 -1 -37 -71 -19 -52 36 -86 6 0 -77 -53 54 -22 -65 -24 14 68 -82 -99 -8 -41 12 68 -48 -95 -55 89 -3 -49 18 -65 73 9 27 -11 -16 69 -67 49 28 -40 -100 51 2 99 -6 -40 54 -39 3 -30 -98 -50 -39 -36 -62 95 5 30 -72 -81 -48 34 -2 -25 -79 24 -67 7 85 56
-17 -46 -47 48 19 -20 -53 -66 81 -6 0 47 84 46 94 -9 -46 -88 -25 0 93 -36 -64 -42 -10 80 -63 83 -8 68 54 -39 -82 -74 -70 -53 82 -97 -75 -71 -36 35 32 -32 -23 -30 -39 -29 91 0 89 -35 51 -65 22 -98 -69 84 36 25 -55 73 -93 24 29 -8 48 52 -2 -31 -54 24 12 14 -82 -31 -29 -96 -79 -68 58 -87 -25 74 -40 72 57 -63 -40 -14 -23 -69 -47 -46 99 -77 76 88 56 99
0 88 -69 40 95 61 -5 86 -16 54 -56 -80 56 88 -35 8 -9 -67 -90 30 -49 28 -5 75 74 -74 35 96 -49 -51 -2 -24 49 -29 19 63 -36 -89 93 -16 52 -68 36 -43 -39 -34 42 47 -17 28 -12 -63 -20 -76 40 97 82 -31 82 15 -3 -62 24 -43 8 -49 -2 74 -46 28 -22 43 -72 -93 -11 -89 -47 87 84 23 14 -97 65 -11 10 -52 47 -72 39 -20 -54 50 16 -1 -61 -42 77 63 -5 61
94 -77 -100 -15 24 -51 -60 -76 -18 15 -54 43 -99 -43 72 -68 -52 -99 -62 -81 0 -2 84 -32 -99 -65 76 -2 -76 29 -50 30 79 38 58 -93 79 3 34 -91 56 -51 34 86 16 6 8 75 52 12 78 -61 95 20 -10 -98 -8 -28 21 -45 -55 2 -54 -32 97 -13 92 -55 -70 74 95 24 -41 -92 42 -78 -51 -21 28 -84 -94 -80 10 33 56 -80 -43 -92 -23 -47 13 -34 77 -68 57 36 82 99 92 -30
-22 65 -78 31 24 96 -69 11 72 -69 -66 29 71 -69 63 30 -39 60 -24 89 36 -64 -24 24 -5 -63 -9 70 -42 -31 89 -68 -97 -36 57 83 29 -41 -34 16 -50 97 57 56 77 -59 -47 -50 38 66 41 91 38 54 -9 -8 -82 4 83 -13 4 75 74 32 -18 -4 62 -82 26 81 19 -25 -52 -77 59 5 -85 95 44 58 -6 -19 -47 9 -61 -62 12 23 51 -34 -37 -40 43 -99 48 37 69 63 -59 14
28 7 -49 1 -75 4 -56 -33 -53 -88 12 -88 73 30 -7 -72 83 -90 -71 -76 60 -45 -93 97 -88 9 -88 -11 62 39 66 -12 -36 38 25 -53 -62 99 -90 -13 73 21 57 49 98 -48 -52 -19 -4 98 87 40 84 82 32 -38 -80 -43 -48 -47 98 -33 -71 -58 52 -12 78 54 5 -42 28 -19 -16 10 35 85 14 -7 -64 43 46 -45 17 71 55 -78 -19 88 -66 78 3 -49 -94 -51 -19 99 -8 -14 -66 -99
-55 -72 58 -50 48 -35 72 47 23 -82 -67 -83 -96 -88 13 -41 36 37 33 -37 -88 -72 -45 48 53 79 -30 -22 -38 -90 -85 52 40 99 98 12 18 -2 51 63 24 -68 14 -49 -44 -68 59 75 24 4 -98 -42 -99 65 -63 -21 84 60 73 -52 -72 3 -65 -93 94 -36 8 32 -65 -32 -58 -28 22 90 -16 -33 79 -8 82 -19 15 -75 -10 84 10 -61 -37 -82 17 -12 -79 70 56 -6 67 -37 -1 -29 96 -24
44 49 53 -18 6 76 -74 76 -75 -13 -54 -51 4 -42 86 40 -88 59 -34 -78 -71 0 -75 -19 1 74 49 -66 29 84 -56 95 -5 -53 1 -84 -40 77 -36 -44 -93 -45 -85 59 -85 -69 -36 9 15 4 56 78 -88 41 -99 72 54 -86 63 22 6 -83 49 7 21 47 37 -78 70 -10 -49 99 83 -23 42 -76 -35 6 80 -70 -47 -70 74 -22 61 34 -26 95 -40 24 2 -73 18 -32 -24 -87 98 94 33 -50
-88 74 81 36 -13 4 71 7 48 -87 10 95 -82 -2 59 93 -42 59 -29 -61 -83 -92 14 -42 37 -22 -60 61 -75 -20 32 -2 24 76 -90 35 -61 23 57 97 11 -1 -83 61 -16 -14 -69 -51 61 26 -29 60 -87 46 -11 44 2 2 -46 -85 -82 9 70 45 87 91 54 0 79 84 -51 90 -91 73 32 -52 24 28 65 95 -97 -85 88 -68 61 38 12 76 54 47 -98 62 50 -13 44 51 27 -37 32 2
-27 8 17 -69 13 -19 -26 -21 -10 -99 -41 -95 21 65 -84 0 -9 85 13 -10 37 12 -18 -9 -79 26 -11 93 -59 -49 76 -34 -49 3 -11 -90 65 -1 -55 74 88 -4 -10 3 -19 17 17 96 -39 -86 -50 -13 21 -58 22 9 -90 79 89 -48 19 52 72 13 -70 85 -80 -47 25 -69 -24 87 -65 35 -4 -4 9 35 -12 -67 69 -47 -88 -7 -72 69 -89 -16 -56 -32 -28 -86 42 33 -72 -17 -73 -51 40 -5
-68 -23 0 -42 53 -93 -44 41 14 -8 -76 42 -21 -74 -92 -69 -31 17 -14 -11 -23 -45 -7 -7 96 -78 -77 -48 -12 -44 -32 -48 -47 -36 30 -55 45 -72 76 59 -10 80 46 52 43 -35 69 -94 65 10 50 90 -4 42 89 -19 59 79 -85 -8 -14 -41 -23 34 29 44 -72 -38 -83 -20 -49 54 56 -47 -86 -10 -45 -89 -54 79 1 59 -28 -61 93 -38 -49 74 -51 -33 -43 65 -87 40 -27 -11 55 -45 -33 -24
-27 -83 -97 -93 -27 51 53 44 -30 -35 -18 26 -12 -28 60 -50 10 -99 89 -43 -5 -80 -13 -9 81 -41 -58 65 -38 79 8 34 -20 -60 -44 -81 49 27 -21 55 88 40 99 -79 51 92 -23 -82 -56 55 -76 -92 31 -67 59 56 98 72 -71 88 45 -18 -50 54 -3 -88 -63 17 -23 72 -65 76 28 -46 35 68 -60 -88 -29 96 -97 -57 -94 98 2 -25 -89 -72 -31 25 21 93 9 -62 -49 -75 -51 22 -39 -86
-32 -41 -35 23 -70 91 70 -31 94 71 41 36 68 -68 -60 51 -48 31 -89 -70 -39 33 30 40 8 -50 -23 -17 86 11 7 67 -72 79 -64 -99 31 -37 -56 90 -38 63 63 61 -49 -39 -77 21 98 44 -96 -69 -12 76 -30 -67 64 85 -53 34 -71 -7 -59 80 41 -33 -96 -84 -21 -7 87 67 -76 -89 -48 -26 67 35 -100 -22 9 -11 -17 98 74 -24 43 -88 28 4 58 31 98 -75 97 -31 -13 31 13 -30
-54 -84 -12 -36 21 87 -99 99 1 67 -17 36 92 72 92 -41 -28 -63 -42 -87 -49 81 -95 25 13 37 -86 55 -41 -10 18 -86 -36 -89 85 -90 59 -35 -3 -63 12 -30 91 -76 -11 67 68 -48 -35 24 26 -55 1 -64 -5 22 62 -68 81 29 -22 71 29 -46 -96 -8 95 -70 18 84 -45 84 56 -64 -77 30 -68 -3 97 -94 -64 52 -5 17 -86 -38 6 71 -70 -22 -38 88 4 93 -87 -84 -14 63 73 -76
46 -72 12 10 -13 -10 -25 91 -75 -39 -87 43 -7 84 64 -92 44 49 -53 -6 -91 -11 -42 -26 -76 -48 39 88 95 48 83 -69 -7 -95 30 -94 15 -52 10 -42 51 -61 57 87 -2 -32 87 3 -59 -12 -22 -90 -41 -15 24 -15 82 -64 9 -96 78 -100 23 71 73 15 -63 19 56 -56 60 -18 -58 -54 -66 50 -89 -25 49 52 81 40 98 36 60 -42 -24 8 -28 82 74 52 -80 -92 34 61 67 -69 20 80
36 -15 1 -92 -42 83 81 -23 -21 93 55 -28 50 62 31 48 -65 38 -4 7 63 20 55 -82 -62 36 25 -86 -94 73 11 26 86 23 91 37 -13 35 -1 -85 33 51 85 -65 -58 -27 17 90 15 76 -42 -49 -97 -47 -22 -63 -40 45 48 -6 -74 79 8 -58 14 62 75 65 -75 -85 91 65 34 34 98 -72 -93 30 -90 -16 -95 -94 88 75 7 -13 23 27 -95 28 -5 -20 -89 90 -45 66 -9 25 -84 -46
58 -39 93 41 60 -48 12 -15 -65 23 -48 -39 84 -17 -82 -39 97 -85 27 82 62 53 -1 -56 35 -3 48 -88 36 -88 -6 13 5 70 -13 62 96 3 -98 9 -91 -71 -50 11 -89 33 -72 -75 44 -83 25 59 34 -41 22 -5 -31 -92 -37 -53 63 -34 14 35 -87 70 32 48 -50 -23 -74 56 24 -15 -40 97 -23 -65 -10 -93 88 -31 37 54 2 -66 0 -33 9 -67 -17 77 -6 62 -57 85 -10 15 -34 62
-29 -80 -56 16 -51 -3 27 -54 94 -62 88 5 -61 18 9 -52 -100 93 -51 -90 -80 -86 -64 -18 -25 40 97 -92 38 49 24 -46 81 0 86 89 -87 -19 -62 3 34 22 -18 9 59 -17 67 15 -37 -49 6 -57 56 -77 -36 56 75 -64 75 45 -77 -29 94 26 71 28 0 47 70 48 -68 -79 92 -64 89 21 -23 18 21 -56 -97 -61 14 -11 76 -36 50 -58 -26 -92 -66 -23 90 -67 -13 68 -26 20 71 -31
23 76 -73 -45 49 -56 55 13 -97 76 -58 57 82 -57 -65 54 -52 -18 -39 86 78 -11 28 -40 -2 87 18 60 -27 -87 -37 -44 55 60 -45 -41 -94 -65 -95 6 42 -58 -52 83 -90 95 -79 -40 -13 31 -7 -91 -70 64 -81 76 67 -53 81 -32 57 85 -17 59 81 -97 -82 -18 96 8 -10 -95 40 -40 -49 96 5 56 59 93 -95 41 33 -19 -34 -96 28 -64 84 70 -69 66 -96 -84 -68 54 -41 22 22 40
42 -80 87 77 61 -48 54 -41 63 23 -83 15 -96 -75 23 -24 33 9 -58 -21 -11 70 -49 -27 -30 -97 61 12 97 32 -33 -40 9 -40 30 -79 40 25 -15 -60 98 -2 -100 64 -87 -13 85 92 92 96 39 -35 91 65 -64 -87 -90 62 -44 71 44 -32 59 -58 51 55 -72 72 96 -14 87 -20 21 58 52 -7 -12 86 76 -55 -99 88 59 62 -40 -98 33 10 8 21 -12 34 -53 -47 -40 -99 47 8 50 -97
-77 -13 65 -64 -82 83 -99 -59 -79 21 -89 -56 81 -61 41 -85 90 86 -31 -62 -64 -4 12 -91 -46 -61 -20 -80 89 12 -84 -99 96 -94 5 72 -51 11 -86 -12 99 13 -89 -53 -99 17 -43 69 47 57 32 11 -1 58 -13 36 26 -72 86 -23 40 -56 47 -12 -40 48 64 66 11 43 -17 -71 1 -59 -96 -25 -58 75 89 -24 -23 -23 39 87 74 81 -79 23 -39 -87 -92 3 -83 17 -89 -74 6 -78 -52 47
-59 33 -3 53 -80 3 -77 83 -51 -62 20 -88 33 -68 -40 28 -8 53 44 79 -60 7 28 81 -49 36 -87 -28 -47 74 -54 -21 87 95 47 24 -61 -63 -83 -58 -22 -40 54 28 -78 -42 -80 90 -3 81 61 -50 -83 11 -78 26 83 -17 -88 -77 -71 7 40 -19 -6 -98 71 -3 44 -49 -33 -46 3 83 96 48 73 -9 0 -19 -9 25 -60 28 -84 75 17 -14 12 49 56 47 -56 38 -31 -12 -93 75 96 64
-86 -80 8 -10 -47 93 -41 25 -61 -79 43 -77 83 -43 67 44 1 24 14 43 -1 80 93 -35 -56 77 -58 9 -53 30 -43 -23 67 -69 37 -89 -87 -24 35 7 -77 94 98 -73 52 0 -33 7 71 70 -49 -52 76 -79 -67 -27 -89 72 -17 -12 -65 -86 -15 -8 50 -6 60 30 -45 71 -32 9 41 -7 79 69 -1 -14 -5 -13 -96 -36 -92 90 -24 -73 33 -42 -85 72 -90 53 -45 -71 37 -31 77 17 -56 -58
90 -63 -50 83 1 46 -48 -9 -69 28 42 -24 -71 22 -6 8 -75 -89 52 27 -23 -83 60 -30 -66 -60 26 -18 -4 15 -67 84 -88 -78 -62 87 13 83 16 37 10 -65 -42 84 -26 -6 89 21 53 95 27 61 30 -20 -35 -74 10 -95 -98 93 -86 -69 56 81 9 -56 -94 -53 28 5 35 32 33 -7 0 20 34 18 -26 16 -12 -11 -73 24 -21 -23 -83 6 43 78 59 25 11 -86 58 -1 4 -71 21 16
-80 -25 45 -23 -94 -91 31 -79 2 34 40 12 29 -64 72 -84 -48 12 -35 -88 -50 -67 88 -78 76 -39 58 -66 -27 -79 -78 90 17 -99 -95 -19 -31 -9 -85 12 29 86 20 4 -32 60 -29 -64 -51 -83 -95 6 -50 50 69 68 -39 -39 -72 -72 16 13 37 -12 -88 -53 29 -96 -70 -88 38 95 -44 -4 98 -61 8 -88 -26 -56 40 64 9 -10 66 -29 -30 89 -1 18 17 -49 7 6 -64 51 73 -40 14 -51
-22 93 35 47 -46 -76 -35 -48 8 -8 72 76 -74 -76 7 48 -30 -45 -85 -40 66 21 58 -65 62 -18 -60 22 -66 25 -96 34 -89 34 42 71 74 71 20 -3 59 -5 -100 -90 -40 -22 -7 -6 -1 50 -16 25 -25 57 -97 -60 6 13 -2 70 90 -75 59 -4 -63 -36 85 -79 79 24 -83 37 20 42 -77 -78 81 91 88 -94 57 -26 -22 51 -96 52 12 25 -84 19 -73 -21 -77 -36 69 12 12 72 87 55
86 41 6 -10 77 -81 99 -30 37 -52 -90 18 -78 -32 -31 70 22 17 96 -20 -60 -52 26 -36 88 -44 48 -28 37 95 97 85 59 -6 69 -85 -24 -80 70 81 -47 46 9 9 -7 12 -54 86 50 -35 34 -38 46 -90 -39 88 72 86 -92 -37 -10 78 -33 -48 -73 94 -92 -54 -33 13 56 15 19 75 -66 60 63 91 -34 60 77 13 45 -89 46 -81 18 -93 20 -53 -52 -86 -75 43 49 81 -65 33 -77 -76
30 0 98 -95 -31 -11 69 -85 61 88 -90 -40 -62 52 -20 -22 -21 -69 -84 -20 39 56 52 -26 34 26 56 -89 -21 68 -77 60 20 -3 -90 0 42 26 -77 40 67 27 61 29 64 37 -75 77 -50 -70 -64 -22 55 82 -14 -75 -38 52 31 34 -60 37 42 -1 -2 58 58 7 -55 -3 28 -18 -71 -26 -30 30 -37 40 -11 13 76 -61 -32 -94 -37 0 16 -20 -43 35 -71 -61 -61 40 9 71 56 -89 -2 -4
31 -35 -34 43 65 -9 27 80 0 -81 -2 43 85 -31 62 28 56 -19 -91 36 -78 -61 -35 37 86 20 38 -1 -69 -25 -80 27 -69 -78 6 67 -82 36 68 94 -39 -55 -73 6 -94 84 -53 -40 -53 98 -34 -44 23 74 -76 -97 -19 57 33 52 23 47 -70 -72 -69 10 33 12 54 73 78 3 -74 79 -52 35 97 2 11 -99 -16 -83 37 90 0 -85 -64 -31 19 68 71 -35 -77 -21 40 -15 -73 86 -10 48
-80 -5 94 -81 58 76 55 55 65 99 -85 15 -81 -64 89 -51 -98 -35 23 -51 -23 -75 8 -96 26 -93 44 35 96 60 -17 -60 81 15 3 84 81 82 59 72 13 96 89 84 -95 39 67 27 34 66 -79 74 -91 -67 -66 21 -19 -9 -67 -36 66 -5 -92 48 -69 99 98 0 8 -72 28 19 -78 -44 -3 -2 76 22 -82 -33 -98 61 -41 -100 -28 -31 -16 19 -97 -26 55 -95 -53 -3 -98 25 -66 4 -80 62
90 -42 -50 57 5 -7 -90 23 26 -72 -20 46 -79 14 -47 -60 81 -49 -36 -100 55 -80 7 -48 -76 -44 42 -30 32 -64 9 -68 -47 80 -6 -87 -11 10 61 4 85 -15 -20 62 -36 -29 -48 7 -29 61 26 -73 -45 29 92 33 -13 -100 98 -26 -84 36 -4 -85 8 -9 -24 12 58 -52 -93 -20 -23 -29 -99 84 -84 44 90 95 -25 47 -76 0 20 38 -46 10 -55 56 -28 78 20 91 -43 14 12 -63 -70 -80
49 -72 -10 -77 95 -80 -77 -77 18 -87 36 80 -63 78 -24 52 27 -96 71 29 -48 87 46 35 93 90 -32 33 70 -97 -71 -33 40 -54 -96 70 -90 -30 -42 -17 -93 82 -46 84 -66 49 69 39 94 75 40 -62 -85 54 94 0 25 -30 -56 58 92 14 43 25 49 -55 27 -81 30 -26 91 16 -72 35 -25 -36 -81 90 35 -3 -1 40 2 53 11 -34 51 -31 10 27 -80 43 -87 76 86 -4 -47 10 -6 -82
-31 24 -54 -65 29 72 21 16 1 -66 36 -25 97 -50 -83 -76 -20 32 -89 -27 -17 22 57 -54 -4 63 -98 -22 32 -5 29 -46 -32 -81 -84 48 66 -2 21 91 23 -1 -72 75 68 -52 -71 60 -24 -77 -98 15 -3 -88 91 33 38 47 -20 -57 37 -97 -12 -34 44 -76 -13 -8 -96 -44 67 -15 -31 -78 -79 44 -25 -49 73 1 -14 -21 -16 33 -74 86 81 15 -98 32 0 -65 36 35 -11 -96 61 59 73 -19
56 -85 45 26 -57 -40 -100 68 13 80 -33 -82 7 -18 -41 -38 -38 -44 42 -22 66 -4 43 -73 -11 -29 48 74 25 78 58 -95 -95 98 -73 -30 46 -94 -72 15 82 24 43 -6 -20 -89 -5 73 -15 -45 81 71 33 -13 -52 27 75 -40 33 8 56 -68 -34 52 84 -83 40 -58 -57 -4 26 34 69 92 -10 -51 -42 -40 -69 -98 76 -37 -54 16 15 78 13 66 -96 4 -70 -7 -78 -75 -29 -55 32 -54 69 80
14 -39 -42 -80 -86 47 53 12 -44 23 -64 -23 -23 -34 71 10 -52 -72 -89 -74 16 -52 26 -4 -91 -5 59 49 -73 29 -85 -70 -77 17 -48 -54 -63 14 86 5 85 5 -55 -53 66 24 56 78 39 57 52 -85 -43 8 -25 53 19 -16 -51 -20 48 -14 19 -88 88 -13 -43 -53 -83 14 24 -18 36 -84 -40 -30 12 90 -49 53 -9 -15 29 -23 -77 6 95 -10 -81 -14 49 91 33 72 54 -53 14 -70 57 -69
45 27 -16 94 6 -34 -8 -87 -39 -80 90 9 58 71 12 18 -63 17 -88 18 76 -16 19 -15 -63 -31 -52 -15 -61 -13 52 98 -48 67 61 -63 -88 -62 7 81 93 -91 -62 -41 -54 36 -34 67 7 93 -93 75 -57 -95 41 2 78 -8 40 94 7 85 -21 -74 59 -98 -32 89 -7 -81 -56 -27 -21 53 -15 29 -6 -47 99 -31 -13 70 20 32 -26 48 -14 22 84 -67 -75 76 71 95 -58 -92 21 -21 4 10
42 65 -80 -20 -55 68 -40 87 30 -80 -67 27 -82 -51 -36 -24 79 2 27 -22 48 47 95 -34 -12 27 65 -99 86 -14 -51 91 81 -21 -93 -87 -2 72 70 -14 -70 -61 15 -48 -56 56 -23 10 94 34 -79 90 -69 24 -16 46 51 -15 -34 37 -95 -88 66 -54 -1 -100 -8 -10 -8 27 28 93 68 48 -44 27 -23 53 2 -45 64 -31 41 58 41 -74 -89 -83 -94 38 56 -51 -41 2 95 -83 56 -3 -19 29
38 97 43 83 89 14 30 -50 79 53 -62 -84 31 74 2 -10 -73 64 -73 -4 4 -40 12 7 50 -78 -69 60 -40 70 -89 -76 64 43 -18 -31 38 97 -38 -34 95 -19 -58 -2 82 86 -14 72 -49 -15 89 -70 95 -26 27 -57 -46 -11 26 28 58 -8 84 64 93 66 68 49 -6 49 94 17 -25 65 -79 -57 35 -30 78 44 25 -21 -93 18 38 11 -78 31 2 95 64 -10 -33 -30 26 -83 75 42 -17 76
11 -79 94 -84 -57 -45 40 -32 -12 -63 89 -59 13 20 40 -50 99 23 -83 40 -79 43 -78 69 20 -76 90 -1 64 43 -17 53 87 -85 -10 36 93 -5 -15 -57 -13 95 -65 -41 -37 34 -42 8 -30 10 -7 36 -76 27 43 83 -37 20 43 -12 43 22 -7 -59 37 -83 1 -24 -63 13 97 -50 -51 5 92 -38 -95 84 95 -61 -5 13 83 58 89 14 -82 -12 61 -36 35 -25 -75 89 -69 16 -30 2 -11 -83
69 -96 88 -60 30 15 24 7 64 -68 -33 32 -88 -74 -91 -58 -25 89 -65 13 -45 -64 -73 79 14 -63 49 -11 -12 -15 2 52 -22 33 1 49 -19 72 21 -31 76 -78 -60 6 25 -3 68 47 -50 -29 -18 -15 75 70 -86 -32 -17 -11 -28 39 1 29 26 -34 38 -69 -73 70 -38 -44 32 -98 -24 -47 -26 51 30 -80 5 -89 15 43 -14 -61 -79 57 51 -60 96 -97 -39 -21 -61 95 80 -59 -1 94 63 -3
80 19 20 -25 -26 1 -69 95 80 -63 97 41 6 20 41 -88 5 -96 -92 20 87 -15 -7 -78 63 -76 -9 -26 53 -95 30 -74 29 -76 -72 73 11 -29 54 -33 -22 6 -6 55 99 -89 -77 -71 27 -37 -41 86 55 30 -81 -40 12 -64 26 -3 3 -11 3 32 94 99 -35 -69 42 -53 55 -69 -54 56 -8 6 -48 72 73 12 64 -85 -38 -41 -44 -100 -50 -94 -58 12 30 10 15 88 48 5 43 87 -7 84
-83 64 -96 -64 -47 76 -54 -40 25 99 -15 4 -82 -88 -66 68 12 -96 50 16 -89 4 10 5 34 18 -89 75 26 -46 83 60 -73 -80 -26 53 -52 -20 1 -24 -1 46 -1 1 85 45 -34 -40 -42 -15 -21 57 59 40 -87 26 -13 73 -28 -73 -54 21 55 -89 -54 -100 45 -2 -89 29 -42 36 -94 -77 -80 92 -43 22 -17 89 98 66 5 83 -92 51 32 -55 13 -50 54 92 -98 67 -91 -61 69 -70 -80 -23
-21 -97 -49 -94 34 71 19 -74 6 15 -98 -30 -11 53 77 -36 -20 78 -36 -65 -87 -82 -81 87 -52 -74 46 80 -2 45 66 62 -38 15 42 9 61 60 8 28 -96 -56 60 -49 -7 -90 -5 33 45 -24 75 -45 13 12 -23 -1 50 -99 0 6 -7 -73 65 -7 29 -29 13 94 -26 6 41 68 -73 -2 5 34 -59 -28 57 -10 -55 -50 82 27 6 33 10 87 47 -1 86 73 -21 -72 -59 -71 39 -8 -71 -84
34 55 32 -80 60 0 85 -15 -60 -37 62 -8 -46 -90 -77 -36 -28 -69 16 79 -27 -95 83 47 -96 -45 0 -1 72 61 20 23 -24 92 -73 -32 64 34 16 -88 72 84 -16 -37 16 62 -42 33 -51 88 -39 85 6 26 -70 -49 21 -24 58 -52 90 -100 72 33 53 80 12 11 -47 21 64 -87 -85 -21 -88 95 -8 92 25 -2 41 19 -24 50 59 -50 -34 -20 -68 53 -95 37 -33 44 80 -94 -93 39 -7 -34
-80 24 -7 -55 95 38 32 -62 -46 84 -45 -90 62 95 -15 -10 26 90 -26 23 -7 -73 -86 53 -57 -81 -21 86 48 -48 28 15 31 -97 36 -48 76 -68 87 -48 72 -22 62 36 9 85 43 -20 -71 -58 55 66 -88 -82 63 -20 25 66 90 -82 -40 60 -28 42 -18 -66 -10 -31 74 33 70 47 75 75 14 10 97 32 -14 -27 -56 9 -43 56 -92 41 -49 -72 72 90 -77 -12 -81 -82 43 -70 12 97 90 -41
-3 -79 -57 22 79 -96 36 -39 -93 78 17 -81 93 -50 -58 59 96 30 9 -48 3 -53 93 -60 51 52 48 22 91 95 -18 -93 30 -87 -52 -84 2 61 62 17 -73 -69 35 -58 -68 -8 60 11 -67 60 -83 -34 -89 -7 -73 -46 69 -66 81 93 93 89 21 -78 -16 87 50 -52 -42 -18 99 -25 95 95 -50 44 -55 -69 -72 -51 3 40 19 48 83 90 -76 -62 -53 90 34 52 87 -15 88 -13 -84 54 -39 -81
70 -99 15 63 -54 12 67 26 -49 27 -62 52 92 73 -37 34 -57 0 38 13 -1 11 80 -64 -55 91 50 -53 65 -34 -54 70 73 44 -72 97 -69 -69 93 53 49 -37 4 76 20 52 -3 29 51 37 79 61 77 -95 -92 -28 -53 62 -57 24 -15 52 74 -29 55 28 29 3 52 -90 50 72 50 26 -63 -17 40 -55 98 -38 33 -81 53 -78 -76 56 -92 -2 32 -47 -45 -51 -100 58 58 51 38 30 55 -63
33 -82 -61 -13 93 29 -32 -7 34 26 3 93 -23 -56 73 85 -92 -96 50 97 43 -34 -84 -65 85 -87 2 -95 -33 -90 40 -44 -64 51 -63 -21 -24 -58 33 -98 97 -82 29 85 -57 -46 98 -72 73 80 2 -96 49 32 35 -82 -17 -70 65 3 3 -38 -53 20 88 11 -48 59 30 81 77 98 -76 69 1 53 16 -24 51 17 34 -42 52 -34 -41 61 95 66 55 95 92 17 72 -45 33 -62 -46 -88 83 60
-86 -11 87 6 -45 -63 -25 46 -79 -18 -36 -10 3 66 -33 95 -96 -61 -72 -17 -100 36 -38 -92 71 64 26 -30 -68 9 -30 -16 -61 55 26 5 -88 16 -81 -3 -51 -70 31 84 -54 14 2 87 -52 58 -100 22 -94 -87 56 -98 -80 -25 -37 47 20 -43 -46 61 -94 69 99 5 50 -89 -63 -38 34 24 12 62 69 64 -40 -58 -58 -48 -7 60 55 98 99 55 -69 81 -72 37 19 -29 5 -61 76 -42 97 -81
-95 -6 -48 45 28 86 88 -58 -54 43 28 -96 49 90 -87 39 -55 80 -13 -85 -72 18 -59 -86 6 -29 77 -20 58 98 35 1 23 -59 -67 83 -9 -99 -63 82 -43 89 -11 -77 -10 85 -30 -56 -75 -2 -90 -88 -25 -27 -5 -71 8 -30 -97 -67 62 -32 77 -100 47 26 80 -78 -99 -63 -2 76 -41 59 -61 18 61 -61 -32 76 -55 -72 -18 27 -67 -59 -85 86 -86 90 -42 72 5 -69 -58 37 -100 -51 14 47
32 86 -92 -54 -94 -63 62 -64 -39 19 22 -71 -23 -35 -65 -40 26 -87 90 57 -78 16 85 56 10 82 29 8 -72 -31 -40 77 -75 -31 -20 4 12 -53 76 72 38 -3 49 -4 71 -96 4 56 -13 -89 49 -84 29 47 -73 -4 24 -30 -16 72 10 -92 27 -95 21 63 24 -78 99 1 8 67 -97 29 7 18 85 48 96 12 -85 88 -47 -72 17 -71 20 -96 55 80 43 94 90 79 69 -81 93 -45 26 44
15 -38 -29 -14 6 60 -44 -51 -23 62 98 -18 -32 74 14 41 48 -49 4 -98 85 17 -6 -73 64 -14 26 24 23 -95 -2 32 23 -87 -4 90 48 -89 60 -59 8 -35 23 68 7 -34 -80 67 -74 -5 -44 -93 2 -88 -88 71 36 3 -51 -21 99 77 28 -93 -1 24 -67 -82 -36 41 -80 53 -36 -23 15 48 16 -39 61 15 -23 57 31 14 19 49 -50 24 -8 -55 92 21 -39 -67 60 35 -15 14 87 -35
19 31 35 96 82 -42 60 77 -38 -48 55 -39 0 20 -58 32 -13 -88 64 81 24 69 41 24 88 -80 -75 -1 -93 -76 48 12 97 64 55 98 53 -23 79 -50 -36 68 93 -11 -5 39 39 57 26 -99 3 -18 -51 56 62 -20 1 -4 55 11 53 -54 58 -99 -72 -10 -2 -76 -6 -76 -34 15 -70 33 -71 18 -66 33 -75 -74 1 -83 89 -44 -87 -35 -63 80 30 97 9 69 69 -12 79 -74 3 54 -11 -39
-40 -15 1 6 -45 30 24 -2 0 -56 23 -87 -29 -19 56 36 85 -48 17 -77 -40 -56 36 60 53 51 -30 -58 -75 65 66 -82 49 61 -3 27 -21 69 -90 67 46 -100 -1 -64 -27 -67 -6 -20 -60 58 -74 -31 10 -70 31 73 -18 53 79 68 26 -40 -2 -74 -8 72 -50 -44 66 -57 58 79 -18 35 15 73 70 63 37 -29 -34 -28 33 -26 53 73 92 70 53 2 75 83 -10 21 -72 0 46 -85 -20 76
