-43 28 -28 -28 37 -61 95 95 -48 -12 85 -37 94 -86 -73 -10 65 44 97 73 -5 22 45 -33 -11 29 -10 37 -85 -10 49 51 -2 -9 23 -35 -3 -17 99 15 -46 -32 22 -41 56 92 -63 -53 -7 14 -40 52 -42 1 -25 -23 86 -40 58 -57 84 -86 -14 33 -29 40 -95 -28 36 -61 -81 -15 61 12 -93 -21 39 -43 -37 -94 50 -91 -2 3 36 -11 86 60 89 -3 51 24 27 31 -43 41 44 -9 54 -80
-50 -38 -96 31 -15 3 -73 -41 -45 -62 58 22 -71 -14 -13 24 -46 -96 -78 -14 -72 -72 -17 96 -58 -51 -20 57 -97 -10 41 72 -69 -51 65 -81 -80 -11 -4 -22 0 -6 71 64 67 74 -23 39 67 -33 95 -14 -39 -91 -66 -34 31 -19 -47 -20 57 -88 -88 44 -72 -54 -15 -18 -14 76 -32 0 2 -26 7 48 -32 -32 64 98 -13 79 26 -11 25 34 45 -12 74 60 -71 62 -83 -14 -35 -51 -99 -99 60 -71
-62 62 1 -3 7 60 19 31 -61 -93 86 17 71 -19 -29 62 95 93 -68 50 29 -44 -61 -69 -6 24 13 96 -24 19 -95 26 -28 71 -19 73 -17 -25 70 -85 55 -75 93 93 94 -43 -31 34 86 95 10 -22 -5 0 -96 -63 -58 63 15 -72 79 -35 -4 23 24 93 -99 21 -73 90 18 71 43 -16 -45 -20 -75 -67 54 -78 -58 52 10 8 94 64 -51 -25 -13 -69 -29 24 -48 15 58 -97 -95 -89 30 40
-47 -26 23 97 40 -57 -46 34 -18 31 99 -12 -51 56 -53 -95 -32 -57 81 86 19 69 -29 90 9 -42 -62 98 -7 -58 69 -55 51 -55 14 38 -74 -60 84 13 -80 -96 -50 75 -38 2 -31 -22 -14 -79 -37 77 88 49 2 55 -80 68 77 -6 -68 68 9 28 -52 78 46 -82 -4 -69 -30 -19 62 -54 -69 73 98 -63 -28 41 -4 4 48 -63 87 -45 -25 41 -81 -69 1 -6 32 -28 -8 -64 41 8 75 15
3 93 -39 90 97 -22 48 99 -85 -52 -78 -37 -2 -52 12 -32 -59 -87 -76 -47 73 -52 16 -46 -37 49 -50 64 52 6 -13 79 48 -66 23 -69 -46 -22 -19 46 -34 -23 86 25 25 -77 74 -47 46 -48 65 86 93 32 20 55 31 -37 21 -8 -94 71 -71 -93 29 9 -22 -13 -94 56 67 97 -97 27 -51 64 -57 -11 -74 94 -1 -6 -49 -98 52 64 -20 -57 -60 4 -68 -89 -16 -19 25 4 -1 88 44 -91
12 90 -79 8 -41 39 -55 38 -52 -67 -59 -16 65 56 5 -67 -46 91 -87 -99 -88 26 45 24 26 39 -41 -91 -53 -27 -17 -48 -62 -26 3 -95 -45 -94 -21 -24 75 -76 -99 0 70 -97 8 -77 97 48 74 -74 -44 10 45 48 -41 -41 -31 -23 -92 65 72 19 20 -33 87 88 -47 28 34 -73 -55 59 -16 -86 92 -13 80 84 17 -88 87 67 35 79 69 -100 -33 35 87 32 -70 31 91 -47 -94 2 59 -33
-82 12 94 18 -97 23 47 70 -67 7 82 20 74 60 12 17 97 61 -24 43 -91 80 -53 62 95 -80 6 -53 29 52 1 -93 39 -44 60 22 -56 -74 56 15 85 -92 17 -68 -28 -87 45 -6 -12 66 2 66 9 24 -70 42 -23 99 17 40 -41 25 -71 64 33 9 -77 42 52 -74 90 28 67 78 -87 89 -43 -62 -68 35 34 -68 88 1 32 73 76 63 -47 -19 -41 34 21 65 51 66 83 71 -20 5
37 41 -53 22 12 44 -42 -51 -26 60 -97 27 71 -86 -79 72 56 -52 -16 -48 94 99 21 75 42 -60 31 -75 28 -80 44 -59 30 39 95 -65 44 -36 -4 59 42 32 -15 -23 -17 72 -35 80 -15 -1 -92 92 22 -23 -98 -81 9 -41 -62 -47 81 13 -89 -56 -89 7 76 -57 37 80 -20 -39 -69 59 -88 40 -20 34 0 -95 62 -16 -73 65 17 -1 -81 -85 81 33 4 -14 76 -84 -35 40 -92 -23 49 77
-84 -32 -58 14 -94 -90 -21 15 68 55 -42 36 -18 89 85 -20 13 -39 -20 48 -77 66 -32 -79 -85 86 -6 -24 -31 35 -2 -80 -14 61 84 48 -8 -27 -98 -37 -35 55 80 -99 -66 27 -47 -82 -86 -5 71 6 -12 82 -90 -8 -12 -38 86 -54 9 -80 -18 -29 -88 -80 -77 -91 34 -52 23 -27 53 72 21 78 49 93 -34 -98 -13 -20 -95 -80 -92 0 -68 -15 36 -25 67 -79 -50 94 -37 -88 83 16 69 67
-81 -16 4 -24 67 17 -1 -90 92 19 -67 90 -82 -72 5 -48 -40 93 -72 -55 17 68 30 95 35 -89 17 57 -47 -11 25 -93 74 21 -51 67 55 86 -60 -83 -86 60 -73 34 -87 84 85 24 9 44 -20 -85 -94 32 87 -100 7 24 13 90 3 -12 57 -62 91 31 -51 -45 -65 -47 -68 48 -48 1 54 88 12 24 88 49 66 -54 -21 -2 -9 16 -60 12 50 -78 26 67 -64 -96 -83 -70 -83 -54 17 -91
5 10 -96 27 -69 23 17 -53 -44 -63 78 13 67 -56 91 -90 33 -3 -73 -62 81 -43 64 -58 67 74 89 18 -91 -5 -21 -72 -66 66 -72 25 -43 99 17 98 26 -45 -12 -87 60 7 -47 -1 33 -30 43 88 24 84 10 76 -6 -74 30 48 62 -35 -71 -62 -60 -26 -100 -64 47 -42 -5 82 -77 53 76 -100 -90 -69 69 -40 -89 79 92 92 -32 17 24 -82 -4 70 71 3 -44 -14 77 4 78 59 -9 62
-20 15 94 -89 -70 -57 75 -69 6 3 67 2 97 10 82 -49 15 -29 35 -64 -86 15 -70 87 10 63 -90 -100 -62 30 5 -82 -5 -100 -55 -63 -63 -90 -55 74 95 -99 -99 40 72 8 53 -15 37 0 7 -57 -22 53 55 37 -41 72 61 -9 58 -70 -2 43 82 -44 -23 -39 -24 -28 80 -58 -19 -21 -66 -56 -13 -39 25 28 -96 -50 65 75 85 -24 -81 -47 88 89 -55 47 -86 23 51 -95 -50 -40 18 26
-18 83 -90 -75 -85 28 15 35 28 -87 -25 2 -83 83 -88 -90 33 98 -82 28 -55 64 -50 -84 89 -27 5 -54 18 87 97 71 -35 29 31 -1 -53 68 68 -30 57 -8 25 54 99 37 -27 47 -61 94 -51 8 26 -74 96 -64 -95 -22 15 33 -63 53 -34 20 -3 -74 -79 -68 43 5 -10 27 -78 20 29 -46 5 -16 68 -46 78 81 -76 7 39 92 -56 76 28 41 72 -31 27 93 0 78 12 -56 47 42
78 30 -55 5 -43 -87 -30 -56 94 34 -4 -98 -2 -15 1 -61 75 84 55 -16 64 22 -78 -63 93 57 -63 15 -89 17 -9 -57 -72 98 -71 -90 2 -89 -64 -30 88 85 54 -46 55 61 76 -51 -38 36 -42 -26 26 2 35 72 -88 64 54 -39 28 75 -41 -99 40 -32 -40 61 50 -21 -18 77 1 -13 -53 37 -12 -41 14 37 51 -97 15 24 -92 38 -23 -22 88 98 70 -44 23 -3 10 22 31 3 14 -56
-82 -3 -14 -40 -23 -31 -21 -48 -28 -93 70 62 29 -27 74 2 -18 89 21 58 52 -12 -86 -21 56 57 41 33 55 85 58 -48 -89 25 -25 -96 64 57 -85 22 97 82 -57 -6 -87 13 51 30 -58 82 75 -65 40 86 -13 7 -84 27 -73 -89 40 -58 -2 -53 98 24 56 -27 -62 -3 26 -24 5 19 -23 -31 -62 85 91 77 -33 -93 23 -45 -61 17 51 -31 -68 -9 -38 94 22 75 28 25 -38 -22 99 55
-19 -66 -13 -20 -89 -52 -51 -18 -21 -13 -34 36 55 -75 -70 -97 -21 51 34 91 -53 85 12 38 -95 90 80 86 32 -5 -77 31 85 57 -42 -33 -96 1 85 -85 65 -94 8 19 8 -90 29 -98 -22 49 22 77 -3 15 -60 -7 89 -83 22 -46 -69 -70 4 27 -21 98 24 72 55 2 67 8 -59 -91 -34 36 83 39 -99 53 80 10 -1 -52 93 21 -53 -31 -49 -27 12 -91 65 -16 34 -27 92 -88 54 -33
-83 67 93 65 -42 -86 40 56 92 -61 47 -95 -30 -32 -65 28 12 49 86 -100 -100 -69 -91 -1 74 -5 75 -12 -39 42 71 51 -86 69 96 -65 16 41 -59 44 56 85 -100 -24 -36 -97 -74 -100 -49 53 1 17 67 0 80 -55 41 -48 18 8 -47 86 95 -69 -74 9 -94 1 53 -97 -36 38 -20 27 46 54 95 -80 -91 62 67 -34 53 -40 72 -66 82 -38 78 -91 -28 64 63 -67 -46 32 -61 84 -19 -84
-55 16 72 -7 -70 30 17 -83 -59 25 77 53 -28 26 -24 -85 36 -14 52 -84 -77 -48 -56 -32 -20 -47 42 60 50 -16 -81 2 -84 -7 -37 21 23 -35 58 37 86 44 63 -37 42 83 -68 -69 35 4 20 20 -15 -37 47 58 93 70 -63 -36 -92 31 5 15 89 -38 -47 40 -96 50 89 -81 78 -8 -19 -50 -79 21 -24 7 -33 -5 23 39 -59 49 18 1 -38 14 39 55 53 -70 -22 -49 67 -57 -31 30
-62 -16 -23 59 35 78 73 -32 -49 -70 49 21 30 45 35 9 -24 -82 88 -78 59 -97 -33 -65 -37 -37 54 -85 83 -36 -58 -68 4 83 -11 39 -29 -50 12 -64 61 38 85 -35 93 83 -37 27 -61 -39 -20 -9 37 69 29 18 75 -79 -87 34 -69 49 11 37 -12 1 94 -100 -80 79 -87 -66 64 -57 -5 -39 -65 6 45 95 -3 -93 -96 -90 45 -76 21 -34 25 -24 93 69 -31 34 -69 -7 81 -16 -75 -96
-89 -37 52 71 -27 21 47 58 -14 30 91 64 -44 34 -39 6 47 74 -98 63 43 92 -53 19 -95 -21 -35 96 24 -73 71 -76 82 -62 -13 -63 -47 -27 47 67 -18 -14 -90 98 -84 -2 -62 83 62 73 27 69 -61 99 69 23 -58 62 55 94 -29 -31 10 75 -35 -46 -45 -28 89 -83 61 80 40 -38 0 -51 -63 -38 53 -40 -72 27 89 -10 -68 -32 64 96 -49 -17 -33 -17 41 56 -38 59 -10 17 -91 83
11 99 -42 32 -47 -26 -65 76 -87 -56 -49 5 80 88 65 -34 -21 -43 74 -97 -72 -19 -33 26 -6 -51 -58 -19 -26 92 -90 93 99 -89 -35 6 62 -69 -91 -11 -2 34 35 46 -28 62 40 79 -17 -84 90 51 -22 69 -90 -46 22 -26 33 47 6 35 -35 37 -16 26 79 -78 63 30 -24 -89 -36 -17 -25 27 -21 0 50 92 -32 52 -39 41 -75 -32 -52 -90 49 -68 96 -57 48 -99 45 -18 29 -90 -11 -26
53 -77 11 85 10 -90 89 -5 -1 -36 53 -75 -5 21 36 -40 -4 -79 -36 36 69 90 -11 -97 -62 30 -31 -51 47 -18 -71 -24 -54 72 -82 21 -2 -78 87 -51 82 57 48 29 24 82 -29 -85 89 -99 65 64 -13 7 -27 97 6 57 -32 54 35 -72 55 -27 63 34 -64 77 -6 -83 12 27 47 45 -85 -91 62 -27 27 -23 -26 37 34 -3 -66 33 80 -88 -78 -61 -55 -25 11 -97 -92 25 -49 -2 -81 -9
31 71 65 98 -66 23 -94 16 -27 -60 24 -76 86 -30 -20 -29 83 -13 50 -41 -55 -33 64 70 75 22 -51 -2 95 4 -87 -19 -62 20 36 -53 31 -22 11 98 93 -5 -8 -70 97 14 -30 -48 16 -29 -32 18 1 -28 -29 72 -51 52 78 95 -99 -22 8 -71 -43 -95 4 13 1 26 19 71 -83 -50 -61 -23 72 65 -26 84 -36 -100 60 50 47 71 -29 60 43 -76 -52 -42 90 -77 -32 87 -17 -75 -94 -15
-18 85 2 -58 2 -50 -78 -57 -5 -36 -80 -41 -95 67 -98 11 80 87 31 -73 25 -49 10 91 58 -79 -84 -49 61 -2 38 -33 30 -10 4 -35 64 37 34 -99 -19 32 0 47 47 14 44 -89 60 14 -64 28 75 24 -36 -13 -63 66 62 99 -25 -82 -65 89 -89 81 -95 -73 -43 53 89 -62 -12 64 97 54 -87 20 78 33 -35 98 83 62 -77 -16 89 -89 39 75 -7 -72 36 -44 -15 -85 58 -57 -98 86
21 12 -32 30 -63 3 15 -65 92 -78 94 12 29 -12 -96 18 -94 90 28 -27 82 1 -83 45 51 51 -58 70 44 21 20 -8 -64 21 -90 43 -12 -86 9 52 -58 -10 -81 64 21 -35 57 9 -42 29 77 37 -36 -99 15 97 -73 64 83 55 73 33 41 -14 24 -80 2 97 74 -46 31 -1 -81 74 78 24 11 -41 -54 0 73 29 -21 -15 77 21 97 -7 -87 9 -81 -56 69 -54 50 -80 89 36 86 77
-97 8 55 10 1 36 -13 41 22 32 -13 -55 18 -59 -88 93 98 -41 23 80 25 92 80 57 -40 -28 78 -25 -28 74 64 68 50 -67 -85 -80 8 -68 11 75 74 81 -3 86 -82 -79 24 -58 -7 -95 5 -29 99 -28 -54 37 9 62 98 -42 -1 -97 56 -10 -68 3 24 44 -39 -66 22 -13 -26 -42 -38 -50 7 -74 -94 72 88 76 33 6 -94 -15 -56 80 -12 -89 -80 19 -99 -20 -5 98 27 65 -99 21
77 83 -35 -30 26 -87 -97 1 53 49 -19 -91 89 -78 71 54 -27 69 17 38 -96 -23 -84 21 94 63 85 -100 72 1 24 -72 54 36 -71 58 89 33 42 63 76 35 7 74 49 13 34 49 7 8 -100 44 29 -80 55 -85 4 76 -73 16 17 -53 54 16 -61 67 92 36 63 93 -82 -51 -53 -17 84 28 49 22 -60 -92 16 -38 -45 79 -52 63 87 58 18 -40 -40 46 -45 -75 -74 -41 98 -99 -25 -29
-25 39 -93 -27 50 61 -70 28 21 -68 -98 -84 82 -11 -94 -77 68 -77 53 -61 19 91 41 -65 81 -78 -92 -75 99 -8 -75 -74 76 -15 64 -86 8 -99 1 -32 25 -38 4 90 37 88 -47 -26 -40 26 21 82 -54 -40 -53 -34 -18 13 -93 -69 -62 88 -39 59 78 14 30 -73 6 -24 81 85 69 52 -36 91 -81 -13 -2 99 96 27 97 85 -43 90 87 -52 -50 30 -41 -34 63 78 -50 32 -39 -40 -60 37
76 -4 26 62 -27 62 -45 -27 -76 31 63 -25 -75 -62 44 82 1 39 -22 -1 -9 76 -88 85 -76 -28 20 -73 46 -16 34 88 39 -96 7 -18 -60 41 -33 -46 75 -6 -51 -74 -81 75 66 -21 -58 -34 39 -30 -8 42 28 -95 -4 -50 -33 24 -46 -1 42 -49 -82 30 53 6 66 14 3 -63 90 89 29 -42 -22 -55 41 -60 -99 77 18 -10 47 85 -5 -62 -98 88 -52 -71 76 -95 -28 59 -89 92 81 -38
56 -24 -86 62 -29 25 -75 54 -54 -11 70 -55 -39 48 15 -16 98 5 68 -42 -44 -13 -79 0 -16 -46 -47 -10 -65 -65 -63 -29 -65 -18 42 39 58 18 -27 43 -6 70 -62 64 -76 87 32 -56 36 85 23 59 22 -81 -10 50 7 -74 -78 31 24 -63 -67 -77 9 86 -51 19 -37 -41 56 -62 34 -60 -4 70 49 34 24 -20 -77 -80 -55 -72 47 99 -85 -99 9 -36 -20 -45 41 14 59 -36 9 -22 36 82
17 -10 -16 -86 -74 23 -2 -60 11 -22 -97 -86 86 -30 -95 14 -11 57 71 -15 -22 -24 58 -66 -71 80 -10 -99 89 50 6 21 -30 37 -25 -92 -50 -36 54 19 30 82 -61 29 0 60 39 -30 3 26 74 70 91 97 -69 -49 24 -42 -100 28 -1 94 32 73 -43 -76 -51 71 96 15 23 -5 6 -95 7 85 -84 35 83 57 -28 8 45 75 39 -56 66 93 -77 -54 92 -99 -4 -48 -8 57 -53 -27 32 78
-10 19 -82 0 -4 -21 91 94 -45 -68 38 -88 74 -43 -12 -49 -28 -48 -65 -53 -62 -50 81 -12 2 -27 60 76 -17 7 9 -92 65 -94 56 87 28 57 -70 -53 -59 -16 44 -35 62 -58 -80 -7 58 96 1 43 3 -18 89 -21 47 -48 61 20 60 21 -33 -2 -25 -31 -76 -94 54 69 33 -51 93 76 -4 -54 -74 76 47 22 97 13 34 -5 -69 66 -94 9 -83 79 35 11 -15 58 -39 3 -62 -29 64 13
39 -11 -88 17 -22 27 69 12 50 83 -64 -30 -70 98 9 -23 70 -64 -79 9 -72 -3 -99 16 -66 74 -8 -85 72 -86 -67 40 -78 -25 64 64 -10 49 35 10 -84 66 0 76 -26 83 -61 85 -50 5 47 -49 88 -49 82 -2 50 -2 -48 79 -21 -6 24 85 43 -7 58 -53 33 78 87 -75 24 85 79 -11 53 -33 83 -13 -85 21 -96 50 -4 15 -2 78 76 13 39 62 -52 -29 45 14 -66 -28 9 -48
39 -36 31 10 -16 8 46 80 -47 41 -94 -100 -43 -64 93 51 -4 78 95 61 -34 -40 -80 52 -75 -45 -52 97 -90 -97 43 -77 -48 49 28 24 -24 80 -78 49 43 -9 77 35 92 88 53 -52 -8 92 98 88 31 43 11 29 69 -8 91 68 -90 4 49 71 -46 -92 -93 -33 17 35 10 90 -59 -9 8 -53 -69 55 -8 21 -93 -91 79 80 49 -47 34 77 -56 -82 73 90 -100 -47 -60 32 87 -50 -46 -25
41 78 -2 -21 -15 53 -39 86 -22 1 -9 95 15 76 -48 30 65 66 9 63 40 -78 -1 -12 34 -44 94 -92 -97 -32 85 31 94 -69 53 80 40 -29 -44 91 46 3 7 74 -39 -99 15 -90 -58 80 65 82 88 52 -42 -63 14 -57 38 -11 35 -7 -41 8 -35 34 -21 72 94 90 30 5 -74 3 25 -76 -77 4 -47 23 33 -90 32 -67 -23 4 98 99 -25 -2 -55 -55 11 11 39 91 27 82 11 -15
81 -70 63 -32 -6 99 -100 -44 -80 65 -39 -32 -9 -93 -93 -98 48 -87 48 -22 -40 39 75 -1 29 -77 -73 -48 -16 29 4 30 -10 57 -35 85 -78 23 16 -76 75 76 -65 46 63 -54 47 45 -43 22 2 58 -69 -75 -14 25 1 10 -98 31 -69 -64 -16 84 78 -20 -49 -28 56 -40 90 -66 -27 88 -32 -54 -81 76 15 3 -43 -73 -37 -55 14 -42 37 -7 -18 25 -74 -35 -84 -67 -99 32 0 -30 56 -35
-65 -69 -82 29 56 -57 35 -75 -38 -45 67 32 36 -70 67 29 7 37 64 -97 -46 -49 26 61 -40 44 67 93 72 -86 -74 3 23 28 3 25 69 -49 -21 9 -61 -54 5 69 -89 -53 -72 -71 34 -46 -27 8 89 5 -39 41 51 -64 -36 -55 -45 -49 11 50 44 -75 15 -66 38 -91 -93 19 58 38 28 -38 99 75 64 -43 -92 39 -34 -37 -76 -57 -15 -57 55 63 -98 -29 68 47 89 -86 2 -35 -36 -85
-37 55 35 -72 -72 -99 77 27 -5 25 -78 49 3 54 90 89 81 87 76 -95 60 50 80 -18 8 40 -60 72 66 48 74 -57 84 -71 96 44 23 38 25 -57 -67 47 96 -10 -9 91 -91 29 -57 -47 50 90 32 64 -90 54 48 7 -68 -19 -87 9 -55 45 8 -82 -1 -96 63 -94 99 -72 83 -41 -17 -27 32 28 -52 58 76 90 -57 -36 77 54 10 -41 93 -16 89 -93 30 -81 14 -20 -18 73 44 23
83 5 69 -56 17 -2 66 -19 34 22 8 62 -6 94 -41 -76 70 -12 42 15 -38 -41 -52 79 -29 92 7 -71 -46 -40 51 -21 17 75 92 -90 24 20 89 -22 83 4 13 14 -89 99 -53 36 -79 -69 -56 7 85 96 86 -19 -19 -24 33 -83 -31 55 -8 60 -94 84 -72 -93 6 -66 10 32 -26 32 3 74 -63 -1 80 0 -85 -100 12 -33 -14 -46 1 17 -5 -97 -84 9 -25 13 13 -41 -39 76 60 52
91 -25 -80 71 29 30 -77 -88 78 72 3 60 -39 -10 19 56 -33 14 69 -22 19 -65 79 21 12 -39 93 32 74 49 47 -33 79 17 71 26 -27 97 -75 17 57 -26 -99 8 -74 -89 -24 20 -83 9 -38 -15 8 0 77 51 -1 -27 83 -40 22 -99 12 -77 -28 -70 69 -88 97 59 61 36 21 -22 -86 50 47 -27 62 -60 -17 -83 33 -45 4 93 20 43 -64 51 68 -96 65 -37 36 -4 -59 -70 71 -21
12 -43 61 -99 -17 -71 -40 -9 -74 58 67 -52 64 38 -76 -51 59 72 99 -54 33 66 75 -23 27 91 -12 65 -33 73 40 -51 65 -16 63 26 15 90 -22 48 -33 53 10 1 -24 -30 94 19 59 -4 5 62 -46 -49 70 -34 24 15 -52 -79 2 23 14 93 64 71 61 -87 -85 50 54 65 -65 -92 -59 -79 27 -87 42 -59 7 -44 -83 -60 14 15 66 -84 58 -78 -54 -80 -4 31 -25 66 -80 -6 69 -19
28 3 84 84 64 -65 22 -8 -26 -5 93 48 -57 -1 -62 55 83 4 77 63 9 -76 -52 53 21 91 40 -6 -19 -36 41 -48 27 9 88 79 2 60 -66 29 -8 44 -85 94 97 -35 61 -19 50 -21 -64 0 32 -38 49 83 -44 -3 -46 10 22 -6 10 -8 20 -16 14 -90 -67 6 -63 42 -39 -47 41 -3 76 -86 93 69 46 -95 13 84 -32 -23 86 56 -79 37 -68 41 17 36 -18 -96 87 44 -28 9
-39 -69 89 -94 -32 43 -50 -18 -12 -23 -23 -77 9 46 81 -93 93 86 -43 -29 -57 -77 -83 -2 -3 -55 99 65 -36 91 3 78 -89 -29 32 43 51 -98 -88 27 -82 -52 -9 93 67 -20 -100 55 -27 -43 84 20 -89 -84 -6 97 -82 -81 -6 79 62 48 -16 8 -96 88 -7 -50 92 -50 28 -10 -47 87 -33 -10 41 32 -80 6 -2 18 6 81 46 -85 9 -2 -14 74 24 11 -49 -25 -12 25 -94 -90 74 84
-50 -71 36 -25 -61 -33 3 68 -32 54 -45 -49 36 -61 -70 78 -82 -94 -3 67 55 -51 76 5 -86 -46 -88 22 -39 -90 3 -65 -13 4 -89 44 84 -91 10 7 9 -85 -91 -60 -55 -82 1 -2 -82 23 -5 92 -84 54 26 -89 -17 -32 -17 -12 -30 -93 44 -15 -25 88 -98 52 -60 -13 67 -46 -53 -94 -65 45 -22 -84 4 95 37 73 -12 71 51 -2 68 48 53 -67 89 8 -45 -61 -85 31 -56 -35 73 86
-41 70 16 -91 44 -40 -11 -3 26 33 -64 -64 90 -75 14 32 -22 20 -88 -27 -31 61 -82 -94 -96 87 71 0 32 53 -4 30 -97 -31 45 31 -13 89 41 -2 17 40 75 66 94 -49 98 49 77 66 -3 61 -23 -79 98 91 -34 -60 -98 -64 -78 45 -87 -14 61 -7 -3 -43 46 2 68 65 -41 47 -15 80 -87 90 -5 -80 34 50 78 6 -10 -62 40 -82 -2 74 15 -38 -39 59 78 -20 22 -82 47 -89
94 -46 -29 -19 -69 -95 87 48 11 48 65 61 -52 -1 -22 27 -16 62 -58 -99 -36 29 -55 49 -62 56 -41 -27 -17 57 -3 -91 38 91 29 -58 -60 -14 -75 -18 52 -92 95 78 -53 -87 31 33 77 -96 60 45 81 -18 2 86 50 -78 73 96 11 27 -1 75 50 90 31 79 57 41 94 -22 69 28 53 33 27 66 94 96 -98 43 -75 24 4 -32 -20 -60 -49 -33 -12 -8 1 17 -19 14 -57 87 -72 67
-98 33 15 -81 61 -2 -7 25 -93 -90 54 66 -16 33 50 47 13 55 98 60 2 -52 67 -90 -92 -83 44 -42 66 78 61 46 19 10 33 -37 29 36 84 -9 18 79 -46 -48 -84 72 18 -50 26 59 33 97 -90 3 1 54 -31 45 67 82 -2 61 -47 34 53 86 -13 -68 -73 91 10 -91 -22 56 96 99 -4 62 64 -2 -31 50 -58 -74 -75 -65 38 35 -30 61 -16 -52 -62 -77 -59 76 -78 62 -27 38
-95 50 93 -91 -80 25 10 18 -7 41 45 -66 -72 37 -54 -85 -51 59 26 9 -80 58 40 -46 -74 40 83 -89 74 10 -10 30 78 99 -10 72 -98 82 -60 -25 -87 -57 51 -63 49 -80 -50 -4 -94 -100 -37 9 -64 83 59 19 19 73 21 68 -28 80 -67 17 38 36 -20 65 60 -31 32 -26 -3 -91 7 -3 58 72 -15 0 -44 -38 -43 -13 55 25 -19 -92 69 -29 -66 7 -59 -48 -13 24 90 22 74 8
-74 -24 -6 64 33 -33 91 -34 94 4 8 13 -92 -3 17 -86 86 78 2 78 18 34 20 67 -9 -81 -45 34 -72 15 -26 -17 1 19 90 54 44 90 0 66 -74 -35 -34 24 0 15 -10 54 -65 38 -26 -87 17 -57 -25 -11 40 -20 37 -44 -2 78 -8 89 52 -46 9 27 -68 -26 -94 59 -7 -80 -51 98 -24 10 96 47 88 -90 21 -53 -85 49 -53 41 -28 58 -11 -71 -4 13 -87 -34 72 39 59 67
-5 -9 -79 -90 -71 46 -67 -43 31 61 3 9 57 -18 -79 -97 -53 28 -81 51 -27 90 91 -76 -61 45 -83 27 -93 -67 -17 73 -31 -83 97 -63 54 40 -79 -95 79 -49 64 -27 16 -8 18 98 96 72 79 -98 -79 88 42 -90 -36 76 -7 -47 -9 -83 41 93 -20 94 -3 15 90 44 -48 -42 26 11 79 -39 -34 -35 52 5 20 36 34 -1 64 -12 5 8 -91 51 27 -89 84 -60 -65 -88 93 -65 -100 56
-64 -99 35 26 73 -37 80 18 42 -71 -84 24 57 -85 -6 35 -53 -91 -20 43 14 -15 -90 39 54 1 15 -32 -63 -35 92 17 -5 -5 -50 75 -92 87 -9 73 -67 24 61 95 -86 13 54 48 3 -33 -14 -35 -15 -72 34 84 -62 71 95 -29 -48 -10 -55 9 74 58 -89 -100 19 18 -81 -11 -30 -82 93 -26 15 95 65 -37 -30 -95 -20 -4 55 25 66 40 -45 -51 -67 -2 -77 77 -82 46 60 54 -58 -15
6 -2 -40 -83 40 19 85 78 98 -62 21 6 -3 33 59 -85 -50 15 -25 5 -93 -32 -12 -97 41 56 74 -56 66 85 -91 -18 -29 -82 23 -33 76 -91 -88 84 -40 96 -91 87 10 15 3 -15 52 61 -52 -23 -51 -83 -68 52 56 12 -40 4 -83 78 96 -32 -70 84 3 74 -84 -11 -29 -91 -6 70 24 -27 -80 79 50 -71 35 92 -99 -2 -67 -69 58 6 -44 53 69 70 -7 68 32 -53 -92 -17 -100 96
-92 2 -3 30 75 32 -45 -80 66 60 32 -17 -60 -38 83 19 -52 -35 69 -51 -70 -6 -99 -69 -69 -100 -54 -23 -42 26 -78 -61 -33 -68 71 -54 -72 -62 -35 19 91 -55 2 -29 -8 -92 -3 28 58 -74 -17 31 12 32 -63 13 5 -1 24 75 24 51 39 81 39 -39 -21 -15 0 -86 -5 32 -42 -47 73 -83 -70 -47 26 -91 47 35 57 -5 64 -75 -79 39 32 32 -8 -4 -17 28 -95 -9 -72 -94 -39 91
-23 0 85 93 -8 -61 -69 79 86 79 95 -99 -52 1 -65 60 88 5 -76 -10 8 7 -64 11 -89 83 19 -47 97 38 11 -67 -11 55 -74 18 -19 -92 24 -40 -81 33 -21 23 -2 -9 -3 78 -98 -47 -76 -5 -13 94 -3 -1 81 -90 43 -96 -62 61 -54 -20 -94 96 -85 -40 93 31 24 -91 22 -33 -13 39 47 -56 48 -57 -20 2 -71 24 76 -61 -51 31 -57 53 95 52 27 37 -33 1 6 -49 95 80
12 -7 6 -53 87 43 -87 -48 -38 86 61 88 -87 -90 -39 46 -73 -86 49 -63 68 -30 -31 3 -53 81 27 73 -20 65 42 56 61 -45 -53 7 85 -20 -38 37 -10 -74 -55 -21 -20 -40 -5 -35 -61 -10 -79 39 11 80 -98 -54 -61 -43 17 -58 11 -94 -15 99 -24 46 31 -2 91 -78 34 28 95 94 -31 -5 -72 -73 -92 -61 -23 -92 -89 59 1 56 87 -63 -93 31 81 78 -63 51 -59 -84 28 56 -78 54
-29 64 38 9 22 -41 74 54 47 -34 4 -20 -8 24 11 19 11 -21 3 94 80 -63 82 17 -57 55 -20 -76 -98 68 -27 -79 40 -60 52 44 45 -31 -31 21 6 3 -17 -30 -95 -40 61 -43 -29 19 -4 42 -12 71 97 -89 -21 -45 -14 -37 -4 -85 33 92 45 -83 73 98 -95 76 5 13 70 -32 80 -4 -100 65 69 71 90 -78 45 -98 73 -99 86 50 81 94 88 78 -56 70 -21 -46 96 -68 35 37
15 -62 -33 -30 89 -20 14 54 77 68 11 -90 -33 -74 -33 -94 71 -18 36 -73 -7 -13 -31 -70 -39 55 85 -52 62 -59 -95 3 81 -92 -15 1 -10 -97 78 -7 -32 68 74 -21 12 -37 57 -12 29 -16 -5 -81 9 31 -25 -19 -15 1 82 -72 -19 73 -48 51 69 -39 31 -80 -54 -94 -69 -48 79 -52 99 -84 -76 -21 -12 -50 53 -19 -68 -50 -28 -83 37 80 -4 90 60 -27 65 -73 72 -90 -9 78 -43 -35
31 83 36 -93 -77 -58 -66 -69 1 -1 72 -100 12 21 -50 -51 -83 -73 36 -15 97 -92 -40 -3 -99 -62 27 21 74 54 -80 1 80 41 -64 86 -13 98 -33 -81 -34 88 36 -63 -66 -49 24 52 -9 67 -41 -55 -100 -81 -75 -58 65 -94 64 31 62 39 74 -57 -64 -94 67 32 21 78 75 60 74 -68 29 -33 -40 -4 -57 45 19 -20 3 13 97 22 46 79 -66 -5 -33 82 56 98 -64 -31 25 11 27 25
-66 41 -37 -91 58 -2 49 96 19 -18 78 -31 -77 -70 -38 19 -19 60 -87 86 -33 44 -61 -73 5 28 -72 -2 91 -48 -43 66 -6 -96 -91 -63 -24 30 99 -74 1 10 15 -100 13 -45 82 -68 -29 37 42 -8 21 63 87 18 -98 16 -4 -5 40 68 62 -72 27 -4 -86 16 -4 28 -39 -59 47 25 -63 -98 15 66 -48 -71 99 86 -45 -65 -21 -52 -3 99 -37 -93 79 -61 56 68 -100 79 13 42 29 -45
63 29 -38 -2 -24 21 -20 -81 -91 54 -89 64 -65 7 -55 62 -85 20 17 -93 -52 -42 -17 95 24 -91 -3 52 68 12 38 -27 73 26 77 -42 -83 -71 -51 16 83 -89 22 -17 24 10 84 78 -86 29 84 -58 39 68 -80 46 13 85 -6 -17 17 -95 -80 49 -42 80 -43 -3 -82 4 -98 62 -99 -46 37 41 -77 -32 15 60 -90 -97 70 48 -31 -25 -14 -78 -63 54 29 29 -85 -18 -98 -43 42 -78 25 -8
-16 -22 -15 45 86 -75 -94 59 63 -23 -29 -27 37 -58 -30 -30 -21 -85 -50 61 -80 67 -44 -99 -78 73 -12 78 -90 -91 95 38 -87 -72 63 38 -48 -70 -34 -37 14 -33 3 44 21 41 22 11 35 83 -21 -51 64 18 -26 -23 34 79 92 40 26 75 -41 86 -67 18 -4 -72 -72 -39 55 -48 32 69 69 7 -49 52 77 40 32 47 -91 -86 -88 93 -84 31 -30 -87 75 27 -7 1 49 83 -89 -48 -87 -50
-58 -32 27 38 -14 -23 51 92 -84 11 72 35 -61 -68 -53 -83 40 -87 25 -3 17 3 42 4 63 -80 12 -21 -59 -63 -61 35 61 66 -37 30 71 -93 22 17 76 89 -47 -80 1 -54 30 22 40 -25 2 45 37 -1 -51 -62 -68 26 1 -6 44 -21 -18 40 26 91 71 95 63 98 -65 -14 -100 40 -6 30 -52 17 -23 -38 92 -10 62 14 -17 -37 -34 -28 -27 54 68 -100 80 8 60 -9 -51 -32 69 -13
70 45 -49 -32 93 91 -42 -23 15 -19 -70 -71 -48 7 84 -13 -70 4 -100 38 28 89 18 -62 85 -10 87 -23 75 -93 78 26 40 -80 -100 -2 0 -10 -54 -5 -70 -22 -72 66 -41 -95 87 61 10 -89 -22 -22 -27 47 -47 41 -89 63 13 92 -100 -60 -97 72 -67 -69 -96 34 -32 -12 87 -16 14 52 -67 -70 49 2 45 -72 -42 68 56 -17 28 -95 11 43 5 -6 86 -62 61 57 92 75 81 7 -74 30
-50 81 41 -14 49 43 84 16 -53 -47 10 -85 -26 85 81 -78 57 -40 29 19 -94 71 -8 57 16 -43 10 -99 91 -94 25 74 31 -63 75 46 78 -58 -46 77 -67 -13 42 -37 47 37 90 47 -27 84 81 7 63 -92 3 62 49 61 -85 32 -14 37 -26 -65 65 8 -29 7 5 34 -19 -79 -83 20 -57 -57 52 2 19 -14 -16 2 99 -16 -4 79 -81 -95 2 31 37 36 60 -54 -97 -58 80 12 29 -40
45 -95 22 75 -83 26 62 5 5 94 -44 70 -79 54 -41 10 26 -14 -42 -16 70 -69 -73 79 -91 93 -98 90 -56 -46 -36 29 15 2 -14 51 -69 77 -69 65 67 16 62 21 -70 80 -66 -2 63 -77 64 30 17 45 37 -71 -23 2 -93 -14 -20 -59 64 39 22 57 -59 -23 80 -64 18 93 -12 9 -56 12 -28 -55 31 -80 -89 -70 63 66 35 -85 94 8 -26 -93 -90 35 69 44 -88 -87 -10 -7 -10 -24
72 -79 73 88 -70 92 -52 -30 67 -85 -55 4 75 80 -64 -28 -72 -19 -11 81 8 -19 -21 -22 93 53 64 63 -41 73 -91 88 71 49 6 -93 -61 58 -22 62 -92 46 -35 29 38 16 79 0 -23 70 69 -91 24 82 48 -82 -10 55 84 -55 99 -40 -100 51 -80 -35 -56 -67 78 -52 61 77 -78 -86 58 -75 -75 -13 71 -80 -20 -39 -100 -37 68 9 99 -36 52 17 -98 -82 -77 17 13 17 -77 -4 -21 40
-100 81 -35 86 54 71 -46 -37 71 -29 -15 -24 5 -38 26 -30 44 -44 20 -74 8 -63 22 -73 -1 31 26 -22 -21 -35 -49 -10 -63 89 -24 38 -84 -79 -89 -91 -86 8 69 87 63 36 69 -33 -78 -36 -83 83 74 -7 -43 18 49 -71 -11 -93 -2 81 55 -97 -25 7 24 -83 66 -81 -19 29 30 -62 33 -75 -4 -37 -55 -22 -3 51 86 -90 -42 62 27 13 -1 60 -2 21 11 -94 90 -23 98 61 -91 -100
5 -63 96 61 61 -48 62 -66 -92 -46 -13 61 -68 -78 -15 98 -10 15 -6 -41 -69 -20 13 -42 27 -80 -61 -91 -100 21 82 -47 -43 -72 89 75 -2 -59 57 -92 -87 59 -58 -13 -6 -65 -39 -68 -6 -97 32 45 -94 -13 -26 -53 -63 -30 -61 -52 -25 92 51 57 92 -53 73 -97 -51 -29 39 84 -57 51 -60 53 80 -12 1 -70 -19 59 11 -56 -60 77 -13 30 -83 -89 -70 -86 -23 -70 73 -77 73 -3 -43 77
-73 -68 94 -45 -89 86 -27 -13 56 32 67 63 -56 79 99 62 -13 -76 -94 -49 -61 -52 -24 -82 -98 -12 -96 84 -60 1 -53 34 -70 -6 29 -4 79 15 -39 -42 69 69 -71 -9 -80 56 -31 89 -1 42 23 21 96 -13 -47 -5 88 33 -5 64 -7 -69 22 -5 -75 99 8 -54 -65 43 70 92 10 -58 -18 -26 -54 35 -36 -78 -34 55 15 41 79 92 85 23 90 -96 -55 -99 -31 -84 62 -95 50 92 -88 57
78 -34 -53 1 -21 -91 54 82 98 9 -71 -10 38 69 -26 -37 -68 64 -42 90 11 -45 -52 52 5 -32 87 50 -19 64 -62 -95 -68 1 92 -85 33 -8 1 -4 91 -55 79 78 86 -64 -28 -36 32 15 -66 -28 72 -25 -85 1 -9 26 -42 63 85 -28 -6 85 23 -86 90 77 -58 78 59 -19 -49 42 -26 57 -50 57 -28 -66 15 -46 -57 -8 -87 75 42 -23 -96 -73 -41 41 25 -42 67 -60 -8 51 31 -23
9 -42 -28 61 -86 -80 -60 59 47 68 96 -18 62 -13 88 40 -33 -76 44 5 -66 77 -69 63 7 62 68 -81 76 37 82 76 41 43 -34 -45 -77 -76 77 38 43 98 73 47 -21 -61 35 -79 -96 70 -49 99 -33 -57 81 -81 -5 23 42 78 -29 37 20 -90 -51 -27 32 59 72 -23 82 -81 29 61 -19 82 73 30 22 -11 -34 -51 43 -42 18 -23 -36 2 69 -37 72 -88 80 16 42 -21 90 79 -77 -12
47 56 15 18 -82 -30 93 -35 -4 55 -85 -30 -46 57 -41 78 -88 -86 -10 -96 -69 -95 63 51 26 -62 23 47 -3 13 -86 -79 86 45 46 -95 23 -33 -13 -95 -4 19 -47 31 77 92 1 40 5 -97 38 89 -86 8 17 -64 70 74 -87 -6 46 9 -17 81 73 17 5 64 1 39 94 -28 -19 -56 14 -28 95 75 -90 -12 96 29 -38 -46 -55 -43 -27 17 -31 -57 89 25 53 12 -62 -76 -63 -52 5 16
-6 -22 -54 34 79 69 46 45 -97 -50 5 13 -34 16 16 -14 -91 -57 64 -75 21 80 74 -75 -94 76 56 -28 21 -65 -44 -61 25 29 -56 -58 -94 23 84 28 -68 52 -9 99 -31 -30 -51 -23 -97 96 75 -61 29 -24 41 8 77 -37 50 28 23 73 -87 -96 95 17 95 42 83 -64 -35 -81 -17 -15 -1 42 72 21 -59 1 34 53 47 -99 -83 15 42 -89 95 -62 -51 5 -77 6 -7 -32 -55 11 84 -47
-81 -93 -43 -35 -23 -99 -12 -3 68 -13 30 77 4 -71 -3 -39 2 37 -19 93 83 68 -95 -6 71 -46 -19 41 34 97 12 77 83 1 -8 34 -42 64 85 23 25 -78 -43 -7 -71 -34 -62 73 63 -46 37 -49 48 -46 22 -74 -43 64 -97 92 48 74 24 -38 9 87 32 -43 34 27 84 -14 72 65 -96 -19 12 -33 -2 -69 -70 74 24 -89 -82 97 92 12 -39 -11 41 -68 40 33 -11 -91 -84 -48 53 -94
-2 37 -50 68 -88 1 57 -81 -14 29 -45 -38 -35 69 53 -9 52 -49 56 35 35 -95 -75 -9 -60 -20 -91 -4 -14 59 6 34 -46 78 29 54 99 60 -62 45 2 -54 -67 -40 14 -61 85 49 37 -16 -22 -62 37 -45 -86 -14 -75 -40 28 93 -94 -73 -54 -66 15 -30 88 -89 -83 78 -82 -13 -82 62 21 -40 -46 -93 -40 -13 55 19 18 57 -9 -16 -22 86 -66 36 -81 -17 -13 84 -17 -55 -29 96 40 34
98 -87 -31 -81 -83 28 34 -83 -59 49 12 98 -100 -65 57 -65 69 -80 61 98 18 -90 -46 33 -92 -35 -23 -16 4 11 -37 -17 -65 7 48 67 63 68 15 -17 -5 44 29 -9 19 -62 96 30 30 74 -67 -94 -49 82 9 -99 96 -5 -36 9 -82 -61 -19 -64 95 -88 -11 -12 85 -90 -62 -77 -30 -95 -67 23 1 88 -69 38 69 81 63 77 -30 61 90 52 -50 90 7 -51 -41 -72 -59 73 70 -1 43 -60
18 16 37 -29 -29 88 82 -11 -12 57 -33 -7 55 -62 80 35 -64 30 -2 -76 -80 13 -82 5 -39 72 -42 63 -46 -77 68 35 -60 15 -74 -23 -46 88 -25 -44 -69 -18 54 -21 87 56 -53 24 29 -48 -76 12 11 95 88 91 79 73 -66 -30 41 64 -49 -44 43 61 45 13 -75 27 -62 70 35 -83 55 -55 78 -78 86 44 89 58 20 -83 -8 -7 99 32 53 2 7 38 80 -20 -2 -19 6 -68 40 -47
83 -73 -30 96 -16 -76 92 -4 -91 -5 -38 4 99 -3 -5 69 84 -18 -97 -45 -11 87 -64 -42 66 -68 46 -98 -75 58 -39 -37 72 -81 -26 34 -15 18 66 11 12 55 13 -26 12 40 -81 -28 76 -54 20 -90 9 -90 -80 92 94 71 14 -13 98 83 98 30 97 -95 55 57 -44 99 64 -30 -73 45 -19 67 60 25 -89 -14 -4 -73 -4 80 14 14 -29 88 58 -85 52 14 -52 -17 19 36 -46 -10 71 -37
70 70 83 -71 14 -92 -27 -52 -28 -70 -3 4 -33 -11 53 -21 58 98 -32 4 -24 31 -56 -80 59 -33 55 -51 -24 55 -52 -66 71 29 -16 33 4 -91 -59 -80 10 -49 -12 -10 -44 60 -61 67 57 -8 -44 -48 -2 -26 6 -35 -92 85 84 -66 70 -66 11 54 77 -25 88 20 -64 -48 -13 -100 -6 63 87 -52 0 2 -81 -41 -32 -70 -34 34 -87 -57 -68 73 -32 -70 -89 -56 -77 57 20 40 78 64 56 2
-96 45 48 54 -15 68 -85 20 -92 33 -36 -100 -66 -23 -100 -4 -84 0 -24 45 -63 35 -73 -68 -75 14 -52 -51 -8 -87 -42 94 -9 8 43 27 22 -96 -61 -52 15 -2 98 -68 6 56 -58 -34 60 -4 -91 -89 -55 71 67 -7 -98 35 74 36 -45 30 62 -79 -77 -48 1 7 63 -24 -85 81 -58 84 -50 -79 -99 53 -4 -76 -31 -7 11 -5 -53 93 14 3 27 0 80 49 -9 -8 -41 -75 31 14 86 91
6 70 73 -31 -65 11 0 -100 -54 32 -85 -10 -43 -64 -64 -24 -16 -54 -61 11 26 29 -13 -19 -49 58 -84 -70 -64 -50 4 -49 30 71 -84 68 -32 -56 54 96 -34 -73 27 93 71 82 -75 60 -66 -81 26 74 -64 13 67 -41 90 -67 67 63 19 -31 47 57 -6 50 -6 -22 -73 13 -99 -61 -73 14 57 98 -13 -28 68 -93 -56 39 19 25 -60 -46 -79 -18 29 29 7 -99 -53 98 94 82 35 -60 64 78
-9 14 -52 -16 53 69 -41 5 -90 76 -48 48 -87 81 -44 -59 98 -49 13 -35 -25 83 -16 -90 63 32 -93 -52 -91 -24 -71 66 61 -80 9 -57 83 28 -85 -46 -36 -30 -11 -97 64 29 33 -44 -68 28 82 8 -91 -59 -15 -68 51 71 -49 -35 -30 11 -7 -91 -70 43 83 -49 50 -80 79 33 -31 -95 50 -96 -33 -58 -19 51 -50 98 42 0 -51 -71 88 -91 -57 17 35 77 -30 -100 -25 98 -79 -42 -3 0
-85 34 42 -63 -48 73 97 4 -73 36 16 -58 -98 -46 -17 63 -83 -47 -25 -83 -32 24 -84 83 57 -76 0 17 -99 -73 10 92 -14 71 15 -43 13 78 70 32 43 72 72 -66 -7 -16 61 83 -67 -91 45 -22 82 14 -46 -78 -4 -51 74 -7 -78 -98 -29 29 -86 -98 77 -91 -31 69 72 87 -77 -21 -78 2 -25 -99 -91 -48 59 -62 -63 -22 39 68 -21 -48 48 -27 94 8 -48 -96 -70 79 -79 -15 25 74
91 92 90 20 -74 79 72 -68 -22 82 -61 35 -83 -86 -66 -5 -86 -87 -5 -73 -59 59 21 -32 41 84 -50 10 -100 -59 67 11 56 32 -18 72 -15 -32 -62 64 41 -37 -29 72 -17 28 -51 -11 0 -93 41 46 15 17 -40 82 -91 -20 -57 -14 60 87 36 27 -63 38 -66 -76 79 -20 85 -13 -81 81 92 -19 30 -12 -10 -43 -74 68 68 -96 26 46 -88 97 -25 2 -48 50 62 12 32 89 -86 -62 63 -6
87 10 -48 -91 54 96 2 -22 9 -26 93 -82 58 -2 -9 -29 97 80 -49 21 -68 -40 71 -59 -74 -84 -51 59 -90 94 7 -72 63 77 -2 -66 59 -65 23 -60 -91 -57 44 -9 -57 -93 83 9 25 -38 44 -89 -47 -17 25 51 -74 96 60 6 37 62 21 42 -66 -69 -3 77 -51 -57 43 -79 82 -34 67 83 -12 76 -37 79 -90 36 -4 35 -77 -18 8 25 94 -55 67 39 85 -94 66 31 -53 -83 90 -73
53 1 52 -19 -12 -81 4 6 -58 51 27 44 -19 -24 53 -85 -4 62 -49 59 -23 -1 8 94 71 -64 34 -23 92 41 0 18 -33 93 -83 -41 -85 78 7 -94 -90 0 34 -79 -62 4 61 40 74 27 -4 -67 65 -56 78 2 94 70 88 -50 -67 30 -77 -68 -4 -50 22 47 71 99 -96 98 -99 67 -48 -12 85 -10 -63 -13 -100 -87 -32 36 6 32 -17 -28 88 98 43 10 0 -91 97 97 86 58 -98 -37
46 -48 6 53 84 -45 31 91 18 22 54 2 0 -17 -53 -70 12 -67 57 91 27 -77 66 3 -20 -70 57 -79 -92 -83 40 5 40 91 2 -27 56 -19 93 -45 69 -73 -31 60 -86 97 -41 -65 -77 88 44 56 -55 99 44 -3 -86 76 31 19 -13 40 -72 18 -1 21 -89 -92 -82 -29 25 38 -74 -71 -94 84 -77 -2 -75 99 9 -74 -54 -89 -63 -12 52 82 69 -52 -49 -49 61 4 -68 54 -39 -35 -84 53
95 17 69 -1 -78 7 -5 -98 -54 -93 86 54 -43 -77 75 44 -35 -37 61 -17 17 92 78 -65 66 31 33 16 92 -24 40 26 -90 -17 -17 19 -19 85 -58 64 -69 68 -42 85 77 64 88 -83 -62 52 68 79 -1 -75 39 69 74 28 -70 -11 -74 69 -32 92 38 -39 43 -18 60 21 44 27 -19 38 95 94 31 -89 -5 -69 -43 -64 -16 -61 62 -4 46 2 25 61 20 -61 -12 26 83 14 63 -32 -50 -79
-24 -7 -80 32 77 81 -88 -28 -73 -81 7 -98 62 -57 -60 93 98 42 88 60 53 0 64 -59 51 -87 5 28 -62 -55 -74 -33 40 60 90 -18 33 -28 -68 -67 60 89 79 39 -29 -26 41 21 -44 9 -37 92 65 44 5 22 -98 -58 33 96 53 67 46 -36 -59 -18 17 35 20 -70 -42 24 17 87 41 -37 -18 55 -16 73 80 -1 -29 36 -28 35 -45 65 -81 18 -73 19 -75 44 56 60 96 96 -30 6
6 -62 -55 -1 -87 28 -31 47 -76 -43 -95 74 96 25 54 97 87 7 -64 51 94 79 -91 36 92 -90 -87 31 -92 62 -32 -85 95 -78 -5 -3 72 7 84 31 -89 98 -76 60 87 -20 56 -39 15 -25 -5 -80 43 -82 86 52 11 96 86 20 6 89 87 33 -98 -43 10 -88 54 -2 -61 -60 34 66 70 57 -37 9 -22 92 -5 51 95 -40 -41 -39 73 3 31 87 -9 -8 -23 4 -55 -49 -56 9 65 11
-20 -10 67 -45 94 -4 8 -45 54 -1 49 -41 -89 65 -30 64 52 -54 -29 -7 37 -57 -63 69 -55 94 -4 90 -2 -12 -10 38 39 24 -18 51 54 -77 48 -59 -15 -4 7 -63 -49 -63 -13 -77 11 38 86 75 82 -8 56 64 -83 -24 -24 -84 -65 66 -79 9 50 38 -7 27 -67 65 -24 55 -30 64 -18 -13 62 57 88 -66 58 -87 32 10 13 57 28 12 -18 -91 5 -32 -59 -34 -7 -77 89 20 -33 -95
-59 -55 29 -41 74 -70 -89 -24 -84 76 -73 52 -94 -48 -76 -41 39 69 82 -8 -72 -99 30 -22 13 84 29 -47 15 -61 -78 38 -81 -80 -69 -80 46 74 26 28 67 0 -69 30 44 15 34 49 86 65 69 -43 -81 46 -56 89 85 -46 -89 -5 -64 26 -24 -16 53 -4 6 45 -80 -75 -30 -100 2 -97 55 85 42 -65 -26 85 -27 15 90 40 -24 -88 8 -71 19 86 0 44 63 57 -96 91 47 -43 90 87
-28 15 -26 74 43 49 53 -39 73 61 -54 -85 -67 -43 -27 -90 -14 -40 -69 88 -47 -95 -51 -8 -98 -66 -91 -37 86 97 -33 2 7 96 -17 -10 90 53 7 17 94 66 -29 -25 1 2 21 -3 90 -97 24 -93 -3 15 87 73 -8 -91 47 99 70 48 -24 74 -94 33 -8 -21 -56 23 -70 86 -29 71 85 92 -57 -15 53 -71 8 -53 34 68 -89 87 6 68 -85 72 -76 -94 83 -6 82 -40 59 -98 95 -43
-61 30 13 68 -35 7 34 -80 -40 -8 -87 35 -11 -8 84 85 -36 67 77 -69 -47 29 -93 66 -55 -55 1 -40 -41 59 92 -89 -99 -38 -48 44 -76 -12 -84 3 77 -42 -61 80 -5 -68 77 17 -49 59 82 -55 -74 -60 18 -40 99 85 -9 13 -51 45 -25 -79 -39 21 -52 -22 -15 -56 22 -32 -91 -18 -52 -18 54 9 9 48 -79 77 16 36 90 -80 -46 65 -73 -92 44 7 16 -83 50 -88 53 -53 -73 18
24 -40 -14 39 -1 -61 -82 -1 30 -96 42 21 51 -64 80 94 -27 55 6 -78 37 -40 19 92 -53 57 -38 39 -39 -95 86 53 65 -85 90 -59 -96 26 -88 19 98 -24 17 96 50 63 -60 54 74 37 -92 46 -37 14 97 -60 66 -100 81 -94 -7 -18 72 -12 72 83 7 72 2 63 4 80 83 96 -49 -62 41 48 36 -76 -61 -3 -26 82 92 -20 43 49 -93 91 -44 87 -11 16 72 65 -95 18 80 -62
-71 45 -72 -47 -71 -4 17 -66 43 26 -52 70 -56 39 -41 30 68 -74 -72 -3 -96 38 -70 42 12 25 -56 -16 -2 -60 24 36 -43 -49 -15 24 -25 -62 41 13 36 16 -14 -17 -65 44 97 -74 -21 49 -26 74 86 -14 37 -69 17 29 22 52 -2 -86 -71 60 68 -96 17 32 71 37 -81 -1 -24 -17 -44 -43 35 -47 -77 77 -90 46 -35 98 -10 94 90 63 -83 6 43 55 -30 41 6 -76 -1 -51 78 -70
94 -38 92 -32 12 21 -92 81 2 -57 98 -27 -19 61 22 -26 52 99 45 8 83 -21 61 88 45 -5 -81 -93 65 -46 -66 -43 44 -91 -56 -71 -68 -84 13 52 54 16 -45 -42 -38 -10 81 60 -27 30 38 -94 63 -64 81 -31 -63 -36 -43 51 -65 23 -86 54 -54 48 -2 -100 38 78 -84 -16 4 -62 92 98 63 -10 -39 78 88 28 -50 -61 67 0 58 -37 12 -1 -2 68 -19 -68 81 -41 -61 9 57 73
-84 85 -89 60 -94 91 21 8 54 -75 57 80 -17 -33 -34 -54 -71 22 37 27 80 -66 57 -94 -49 -3 -39 -39 -52 52 44 -63 -96 -52 14 -74 -67 -11 -1 73 -25 17 79 49 -14 -68 51 -92 34 22 80 3 -80 -10 -32 -86 -23 65 -77 -55 -2 43 -72 50 36 3 17 99 17 9 27 40 28 -44 -13 89 70 -38 -78 41 -20 56 30 47 -76 77 79 2 73 -95 -82 -49 45 -92 -54 -33 -86 28 92 29
-88 77 -51 -16 66 38 -92 9 75 -44 88 -36 70 86 -75 95 95 41 36 41 40 -38 -36 -69 0 -17 -26 -13 41 64 -56 31 49 -92 99 -62 92 -97 46 -53 -31 31 0 -6 91 -65 -19 47 -19 44 95 70 -86 61 6 -34 -16 60 -86 48 66 40 -55 24 84 75 -4 48 -67 -39 63 10 -40 -35 98 26 55 -46 -100 56 61 -61 29 -80 -40 -71 -91 30 30 68 -11 -83 -37 -67 -2 79 -83 -2 23 -78
71 32 -44 48 -22 -4 7 -42 -85 66 -43 -94 23 41 -78 -80 67 -91 -99 79 -87 -26 -13 63 3 60 -77 -28 -52 47 -46 3 35 -27 -35 -98 -33 -51 -74 -23 -24 -80 21 37 41 -28 -85 -81 -18 -99 97 -72 66 -18 20 2 -48 87 2 91 -50 -68 -28 -32 -3 90 -97 -62 38 5 36 84 -71 68 -30 -58 -35 -90 95 -19 -15 -43 -97 -65 58 -37 99 4 -100 -29 70 -54 -27 -20 95 26 -43 -21 7 -87
