10 -99 -25 64 -93 -75 -19 -92 26 -65 85 34 -88 -74 59 -14 -69 9 -37 30 66 -88 72 -10 91 -67 -38 80 -9 2 79 -26 26 -84 35 2 -67 -20 -92 68 -90 96 -27 8 -22 63 -99 -74 93 -16 9 -87 -39 28 -1 20 51 -59 48 -30 44 -55 19 73 90 35 21 26 90 61 -33 68 -95 -16 41 -39 -79 68 -45 -27 -41 -3 91 -94 -19 -57 86 39 85 36 -40 -32 -70 -42 4 54 -67 36 67 -73
-33 -34 48 86 54 42 49 96 8 2 28 51 -75 -46 63 -37 -13 -49 -54 82 73 -13 12 56 -17 68 17 73 95 33 0 59 53 -3 80 -41 58 -63 -68 65 15 -65 47 -95 25 -57 -76 28 -45 -19 -70 67 -77 2 98 59 45 -97 -9 -47 -77 77 78 32 -29 24 -75 23 85 34 -61 -37 98 48 57 33 86 -36 -73 -80 76 -8 -21 59 -12 29 -23 -53 64 50 49 -8 -63 93 87 37 -78 -95 -34 -2
62 -100 65 34 6 -77 -35 -69 14 -9 86 -16 49 70 -52 -47 89 -8 -45 94 -16 43 23 -19 32 27 40 24 77 13 -62 54 58 -26 9 -7 0 27 -73 17 18 -20 27 -54 65 34 40 77 29 -25 97 41 -8 -43 -24 7 5 88 50 82 74 5 -96 12 -46 -13 -43 56 7 96 -10 -59 -82 -4 -93 27 -27 -31 85 59 -92 -64 59 -65 65 55 -28 -95 30 -69 -23 -68 -48 58 43 56 -41 -97 31 8
34 -4 -53 60 -88 72 23 -1 58 -41 63 -52 87 -99 -42 17 95 27 96 54 3 95 -11 -38 -59 23 -94 -35 -75 21 -7 -48 -47 44 81 -22 -97 73 -46 90 10 77 -91 13 38 63 -86 -71 -49 -16 -21 50 -82 63 46 -8 72 -79 -63 -72 1 91 -18 -75 -61 -4 -36 90 -100 88 76 -97 -26 83 -75 70 -66 68 81 -47 -3 20 -56 -54 -75 -62 -79 76 94 -43 33 -83 46 -70 36 -94 80 60 -94 4
47 -27 56 21 -61 -31 76 32 -68 -32 67 -45 -70 80 -59 -63 73 89 44 -8 -96 -38 82 81 16 49 -1 51 97 -63 26 99 44 65 43 -69 -13 45 -27 -62 -45 -89 18 1 57 -67 40 -29 -100 23 90 54 -79 66 -89 -91 1 99 70 5 -29 63 16 -46 -85 72 56 8 -80 -75 68 -59 7 24 96 -2 18 17 -14 -39 -2 4 16 38 -42 68 39 -5 -53 61 6 83 78 67 -28 -84 35 -92 -41 64
61 74 -72 -69 81 -58 17 -19 26 -90 17 48 -95 32 90 -81 85 -85 38 -29 -97 25 -23 -66 66 -38 -41 43 46 9 -90 -41 -95 85 -52 63 43 -84 -81 44 7 -65 29 23 95 97 -10 -8 33 91 -82 -20 -26 -48 98 -16 12 -59 18 10 12 -59 64 11 -64 -96 75 67 -70 82 4 -34 69 1 7 53 -4 35 -15 96 45 -73 -7 -94 92 41 44 68 61 19 -60 -58 8 -80 -51 79 -12 78 22 -37
-82 -6 -40 63 -78 -61 31 -25 -10 20 65 -28 -69 -97 83 -11 95 95 4 -31 23 -5 39 -65 88 83 -66 -17 35 -55 -96 -58 -5 64 84 -48 20 21 5 -47 68 23 -97 51 -81 3 -37 18 63 -87 46 -31 -60 -71 23 -44 30 -5 -33 -61 54 47 1 71 25 -24 -87 41 56 -2 -55 47 5 -98 77 -23 47 40 -30 30 9 -73 23 -56 -3 29 -20 -53 -49 84 55 10 69 -71 74 15 -2 44 -6 0
-27 -7 79 -96 97 30 82 40 -5 68 96 -4 -35 34 -36 -93 -88 9 75 -91 -29 -59 58 -6 -25 -26 -8 -28 -57 -55 -53 -86 -24 -65 -8 51 -89 86 12 8 -90 84 57 -37 -69 -98 7 -91 -39 -33 -85 14 12 97 75 0 37 -97 84 -49 27 -22 50 -9 15 -44 3 -91 -24 -45 -28 8 -45 -46 86 7 5 0 34 -69 36 37 -81 52 -77 18 -36 -95 70 -52 63 -25 4 -92 88 48 0 60 31 31
-30 18 71 -25 89 -6 72 89 37 84 79 -43 -86 -2 -22 -69 -49 -69 11 -98 -54 -16 -43 -95 -15 95 -20 76 98 -58 48 27 76 72 -23 17 91 97 -73 -54 13 -10 -55 -3 29 25 -14 -87 -1 32 72 -61 -39 57 -73 -54 -10 -87 -36 68 -55 -63 -22 65 36 -32 65 68 6 92 75 -31 -75 -2 61 -69 -9 -1 -83 2 -64 -94 -49 72 87 54 -49 11 52 99 36 11 0 68 -15 67 67 71 31 -88
-71 -18 84 -87 20 -90 84 -13 56 -25 88 -25 14 17 -2 43 -39 -71 -80 76 35 94 -81 -47 15 76 60 53 -27 28 88 -74 -15 62 -83 96 8 -58 64 -4 51 34 -87 17 -24 -43 -4 -76 74 63 -47 69 28 13 52 53 71 54 76 71 -81 -11 95 40 -60 47 60 -31 57 -96 32 -50 27 83 -57 67 -82 -62 -71 44 64 -11 60 84 35 -38 -97 30 1 -54 -17 -86 44 -55 -29 -78 2 69 84 -91
62 73 57 -67 -7 -67 -67 -96 -36 17 59 78 33 -16 85 -69 34 49 32 -88 14 -4 -20 -81 8 73 49 23 30 -26 56 -48 44 -78 62 -99 97 66 -22 48 62 -27 10 9 -85 -93 -63 8 72 -10 27 90 1 -54 -93 -71 -97 52 6 0 69 -35 4 -36 28 95 68 10 60 94 -36 9 85 -90 -85 86 1 -26 -87 47 -100 61 13 7 -23 -31 11 65 -83 -72 82 -50 -42 -84 86 51 67 -22 -9 -77
-2 82 -3 -91 61 -100 -66 7 -28 -27 50 71 21 -92 32 92 62 -57 -47 -98 -62 64 74 25 99 -4 19 -33 6 -88 57 84 -24 -61 -80 47 -67 -68 -29 40 -61 25 27 -89 64 52 46 52 -2 60 95 -72 41 17 -95 -2 5 -10 -22 -97 -49 56 -42 21 53 35 -40 -94 -78 -92 50 16 -37 -86 88 42 -63 86 5 55 67 44 75 20 -83 27 14 4 -50 94 -16 -58 -37 -87 -78 20 89 49 56 -60
12 74 -33 -28 -34 72 48 -64 -73 -69 -67 -4 -89 58 44 67 47 3 -93 58 4 -47 91 58 -23 69 -28 66 59 -41 -45 -97 80 93 87 -79 2 -58 -4 -11 41 -52 0 18 -47 84 9 4 44 -19 33 70 -91 -6 -90 89 26 -19 -54 -98 16 84 -84 62 48 36 -51 32 -33 17 -91 -89 -55 23 34 -99 96 -86 58 -36 -38 78 -100 40 -75 41 -59 -31 -78 2 87 -71 4 4 37 49 89 48 12 30
12 -83 12 -33 -41 -63 84 -54 -38 -41 -21 98 -13 -73 38 51 -27 -65 82 6 -46 -45 66 -44 -9 99 -18 78 -80 53 67 -76 -47 69 -90 -90 9 67 -6 21 10 -10 -31 21 14 61 -99 -47 -95 -13 -45 -60 -39 26 -35 -21 48 67 -51 -64 -22 -47 -57 -24 55 51 92 -82 -22 12 -81 -68 -81 83 -59 62 -39 -7 31 -72 76 -39 57 94 7 11 89 51 41 -8 33 67 57 79 53 26 46 -45 -21 -70
-74 -63 97 -72 -36 87 59 -26 31 -51 -8 -63 67 -74 -16 53 -36 -62 16 97 -59 26 -75 -61 -36 33 -30 -78 47 43 -77 -22 -47 -26 48 24 -41 -43 -46 -81 -42 -52 3 67 32 76 -75 -68 -62 43 91 6 -25 15 7 -34 -46 -99 28 -49 39 -44 28 23 -44 -11 -61 -21 -35 87 45 -50 -87 91 82 -98 82 -42 -6 -44 -61 -87 53 -12 98 1 -59 -78 83 -70 -80 -52 99 -39 -17 39 46 -94 -73 0
-93 -62 25 85 28 -82 13 -42 -19 -65 -74 33 -28 -66 -32 -95 6 54 -94 40 -2 -5 1 1 -46 55 72 17 32 -64 -66 -60 79 2 41 -89 15 71 60 -39 -74 25 -99 -67 -57 -18 -68 57 83 37 28 -42 16 18 78 -12 -30 26 -35 83 -6 3 -74 -98 -37 71 -29 72 -71 81 95 -48 26 58 97 -50 -36 -88 -32 56 40 58 51 -88 -8 79 39 -35 -56 -96 -24 -57 -41 7 -77 -36 -23 -49 -65 18
-76 4 -60 -65 -100 -58 14 -1 -1 97 -54 -5 78 0 -31 48 -63 -91 -55 47 28 67 98 -71 35 -63 -86 -39 81 -70 85 13 -9 37 -50 0 3 17 27 -22 -2 8 7 32 58 -77 66 -72 62 -100 79 14 -78 10 -39 74 94 93 -21 98 -19 -14 -56 16 11 28 -59 -76 -85 -49 52 -89 -5 -74 83 11 -27 43 24 19 -57 2 -62 -90 -48 0 -3 -26 48 -63 96 -44 91 -59 -89 -95 -92 -25 79 46
33 -14 14 40 -7 66 -93 53 -69 -88 -3 -76 57 99 94 -65 -31 11 62 39 21 16 88 -80 -12 -24 83 74 -64 -83 99 -91 5 55 -83 -78 99 -81 41 -32 64 11 -22 95 -34 -32 -64 -3 25 60 -20 34 -36 36 -77 -79 44 -62 83 -76 -64 58 62 1 39 -7 -22 80 68 71 17 10 -26 -69 29 -45 58 1 90 78 26 37 -96 99 23 -92 -93 -81 -16 12 -83 -10 17 -68 30 -8 -94 -47 -6 28
62 -62 11 -27 -29 -67 -35 -85 -13 -52 -60 76 -94 -73 -42 80 -23 -47 5 -100 35 -69 99 -51 -99 75 10 72 36 39 16 -56 8 2 31 97 -87 47 -34 -83 -81 40 41 -94 62 27 -43 29 -91 -55 82 96 -17 -48 -36 -75 -72 -85 -97 -61 48 -43 0 -91 -5 72 95 21 -19 52 99 38 72 -62 -4 -29 82 44 87 -11 -25 88 -83 49 -56 94 -16 0 -10 91 -58 35 42 -69 -58 -27 56 -59 88 -9
74 10 -2 -83 29 -100 -74 16 -25 31 -90 63 24 -46 48 57 86 22 -3 73 -10 -12 98 -34 -68 -85 23 -80 46 -65 45 -61 8 96 33 -88 -13 6 32 -46 -30 94 54 7 49 66 -20 78 20 54 -92 71 78 67 -5 25 -100 -84 73 45 -31 -1 -15 13 -15 -86 -13 -67 32 64 -14 56 -32 -34 57 -12 69 -60 10 -16 -30 -20 9 -79 71 -15 -43 55 29 9 86 -59 -87 64 -100 28 42 -13 78 -4
68 83 54 8 30 -84 11 -74 79 58 22 23 -35 45 43 80 21 95 4 -19 -39 -22 -98 -22 13 -52 95 30 -11 2 66 29 -77 -84 -37 96 -31 -64 74 43 44 -72 -37 -7 51 -73 -26 3 -5 18 36 61 45 -27 85 73 -38 85 -71 -96 -49 3 13 54 14 -39 88 63 57 -48 40 89 51 98 93 16 -93 -23 7 -6 -60 -5 -82 8 -90 -34 4 -58 49 24 -78 -1 -54 16 -90 53 9 -26 -60 23
-66 -53 -71 89 13 56 47 29 -77 -91 -79 99 43 -29 -2 -97 12 79 35 21 -65 21 -25 87 29 -71 74 34 20 69 -30 -84 -20 -24 -19 55 42 -94 98 -25 -48 -2 -1 27 -25 -98 -67 98 63 7 83 20 23 -4 -70 58 37 80 -35 31 71 79 59 -19 -76 -92 18 -67 36 75 18 29 -76 15 4 44 90 -57 -71 -6 21 83 -10 91 -12 -38 -96 -99 0 47 -96 25 -98 -38 -9 46 73 -71 15 -97
72 35 -5 -30 -96 32 98 16 6 -36 -43 -39 -47 65 -39 -96 -97 -2 -48 65 40 33 18 -34 -81 82 94 -84 19 -99 -24 91 -77 -87 95 17 -78 12 -99 -20 60 80 -55 -56 -6 18 53 -88 87 -43 35 -94 -49 43 -59 13 -100 54 -70 28 7 92 -95 4 78 74 -13 -35 -3 48 -19 68 -81 41 -28 79 25 78 14 52 -77 95 -36 65 46 25 47 -40 -52 17 -18 12 65 13 11 6 6 35 -8 4
10 22 6 -11 69 -83 38 -63 90 0 -17 -94 38 -90 70 -77 -30 -17 -34 -69 -47 -17 -88 63 -72 -93 -11 -39 -1 -2 20 81 -34 -66 -80 -89 -24 20 29 18 29 -33 40 31 81 10 -30 75 64 52 -10 26 -83 19 -13 58 24 29 -66 49 -92 -65 -53 93 87 92 6 -61 -78 -14 -40 -13 88 -57 92 -82 20 -18 -69 15 94 28 -64 43 -61 56 -66 -42 -63 -10 -8 16 -56 -33 59 -3 16 -93 -97 -57
43 8 -36 -5 11 40 12 -32 -37 -32 77 -5 -81 14 89 99 45 -11 23 20 -3 19 -10 94 47 3 45 1 -43 -47 66 27 75 61 -16 93 15 -93 14 -96 36 -89 -27 43 -67 25 68 79 -52 8 31 -81 -9 -20 63 52 19 -64 82 34 50 47 30 41 10 90 62 74 88 -1 1 -17 -2 28 -51 4 -41 -56 -84 4 -75 48 -67 44 29 -10 59 -33 -46 11 69 -94 -63 47 43 -94 -22 -38 95 -59
0 -70 47 74 -60 40 16 51 -68 -79 44 -75 -6 95 -57 -36 -11 4 -69 37 -23 22 86 -41 52 60 81 -29 -14 44 70 -14 79 18 61 65 -85 -24 56 63 38 -45 78 -61 -31 55 9 -32 -48 79 32 40 94 -73 -78 -41 -10 -39 -40 99 33 -64 -19 44 -41 -13 -46 -64 99 32 -63 59 -92 -56 -62 -65 6 -16 64 -23 15 19 -65 -35 36 -55 -100 -21 -20 91 -15 27 -72 26 -90 45 95 -42 29 -100
46 -41 -96 -15 64 -25 44 -49 45 -69 -94 28 35 81 5 43 -73 -21 -12 7 -68 -44 15 12 -24 -92 -56 8 74 -53 76 -41 27 -41 -30 -67 -18 -94 60 30 -94 77 53 -35 83 -94 95 24 -52 9 43 -60 -64 -34 -23 90 -4 -64 -88 76 93 -90 0 -91 60 36 19 83 12 -5 25 -44 -57 -74 -50 53 -58 -80 -49 70 -90 -4 28 65 13 6 -73 11 27 -98 63 26 -45 59 53 85 32 58 27 38
26 53 12 -9 -26 -84 62 10 20 -98 21 -46 53 39 -16 -31 56 23 -86 -49 54 -69 90 22 52 -50 38 -84 -68 9 89 59 -88 51 -89 35 27 49 75 23 -94 -29 -44 84 79 -84 -25 62 67 -61 62 -41 -97 -71 80 -84 -44 33 71 -30 -78 10 22 -47 73 -13 -77 -19 -9 23 -34 -58 93 -93 -69 69 81 -15 -68 2 -50 44 63 -38 -18 -90 99 63 43 -95 79 43 -79 10 39 11 48 0 42 -88
-26 92 -57 -31 -66 -100 -81 54 24 -17 16 95 -54 13 -59 36 21 96 -76 -67 -49 77 -11 -81 -86 63 -27 -67 5 -59 21 -100 27 -23 -34 66 -26 -81 14 32 -48 86 52 32 99 -99 47 71 -56 90 -22 42 37 -67 -47 47 -23 -46 56 -17 -23 72 36 21 58 55 32 21 22 95 -78 -49 -33 64 72 77 7 79 7 57 -97 -13 -50 36 7 91 -18 -89 79 26 -66 -12 -20 -63 69 -39 -94 73 -76 20
19 -22 33 -6 -28 -39 18 -7 70 15 -40 -70 22 93 -16 63 10 -50 -21 73 -38 7 -7 -16 -40 67 -13 -37 30 42 71 11 -72 57 -56 -42 57 5 89 -93 46 -6 5 -98 36 7 -57 -41 -12 41 -49 69 -55 45 81 91 96 -1 86 42 58 78 86 80 34 41 7 29 -93 26 95 37 -56 -5 -10 -76 -12 -35 -19 55 89 -80 -24 62 21 -67 32 -25 -70 60 -72 -26 -72 -100 -14 -11 50 47 -84 96
-35 97 -48 -20 -59 -99 -51 -52 -45 -92 77 74 -99 -12 45 -81 82 25 -38 78 -32 49 -41 7 95 81 -7 45 -37 -29 31 -40 79 94 -97 69 5 -11 -93 9 -68 -20 -45 -11 53 72 -78 20 86 63 -1 82 -96 12 9 -41 39 19 -7 -4 -25 -48 -39 72 72 -28 -90 28 -31 -51 -94 -94 80 81 -90 -35 -24 -9 -10 -67 -2 -82 98 62 -17 99 -16 25 33 -41 59 -24 -14 -40 -2 70 10 47 -50 12
-33 74 57 -19 0 71 -59 -71 71 52 -70 46 89 -46 -79 77 88 26 -79 -59 -64 53 -7 77 96 29 10 78 93 6 68 83 44 67 51 -99 -34 -47 -62 -22 -97 -80 9 -9 -54 74 -39 -42 49 -53 -40 -43 -8 -19 -91 -67 -62 -25 62 22 -32 79 86 10 -60 51 -41 47 -95 -7 61 -36 9 -73 -6 -61 18 85 89 -15 87 73 -98 -42 -10 17 45 84 -90 49 49 -85 -47 26 48 -95 -85 -67 -91 -74
-15 -97 -84 -38 64 79 -37 9 -81 -19 -97 -64 -79 -64 5 -50 41 -54 38 -44 -51 97 -63 11 -31 -76 93 -32 -11 87 -35 89 -70 -52 88 54 65 59 -31 77 58 -33 97 -19 2 55 -43 66 28 -27 33 67 30 -88 -15 62 83 93 19 95 44 75 37 -5 -31 32 40 -83 -36 51 81 19 6 61 99 39 54 -13 -56 -95 46 -88 37 -71 -87 -18 27 88 97 -82 -21 -30 -9 -50 3 -15 -76 -87 -83 97
-17 37 -54 93 78 -90 -21 -7 5 -76 -55 -67 -73 -79 -47 25 96 63 -12 12 67 -92 53 -44 -68 -7 -8 -16 69 50 81 -36 -20 -69 -72 26 -34 -36 -97 -64 -98 13 -15 34 55 -28 -59 -38 99 -35 86 -82 24 -10 18 -72 27 39 80 -65 83 -20 60 -30 94 71 -20 50 -3 -63 8 -81 -35 49 -41 82 53 19 55 -13 -62 -57 -32 -75 -23 -11 -63 -80 -93 -45 -46 26 48 63 60 -19 19 6 7 87
18 -49 -69 -15 -27 -61 -97 4 95 30 -40 15 -97 51 42 54 85 37 50 24 76 -49 52 21 -11 -89 60 -22 95 -62 8 71 -89 44 78 -20 -67 78 86 35 12 65 50 23 85 91 31 -54 -2 -66 -70 -24 -98 45 -2 41 81 -86 62 -56 97 92 -22 84 -61 -93 -7 34 -74 89 -46 -4 -97 49 58 -76 -91 -24 -62 -62 -21 26 76 55 14 78 99 46 49 82 -86 70 -12 34 -9 97 -59 -81 43 28
31 15 -5 -8 83 -11 50 68 -30 51 -24 -3 5 -84 41 -84 92 59 -23 -48 -9 91 -1 97 -14 9 32 -99 -69 22 50 -64 67 16 -61 -48 -71 -49 -64 -64 75 -67 78 72 60 -32 -19 13 -87 52 56 -74 -25 65 -23 -55 -58 27 -84 84 -57 28 -40 -81 79 97 30 97 -68 -56 80 -7 46 17 91 -56 -97 -29 17 74 46 24 52 -23 -15 32 88 48 8 73 35 -48 67 57 -16 16 35 57 35 61
-47 65 67 56 -17 -98 56 43 -81 -49 30 -14 44 -21 -74 -29 1 -51 -84 54 -93 -59 59 14 -41 -87 -76 -54 -9 -52 -58 28 -84 29 95 77 -85 -43 88 0 58 -16 -43 54 -84 -42 -37 63 99 -91 -6 56 -52 -27 -77 28 69 -72 81 -20 -56 86 69 -77 -38 71 25 1 19 32 89 -98 45 61 -11 75 -63 -21 48 -21 22 57 63 33 58 97 -42 75 -95 -44 52 -2 5 -60 -15 -64 -63 -93 24 17
-76 -2 -84 34 -8 69 -9 -79 9 83 50 -73 -67 -36 92 7 64 -32 -53 40 33 78 -85 76 57 -29 -1 -93 -71 -73 -51 46 0 99 -99 20 -80 -34 8 -43 89 49 -33 5 -40 62 -6 -48 46 78 -69 -40 -18 70 81 -84 -79 19 -5 15 -76 -63 -71 -67 -65 -81 27 18 47 38 -18 70 -82 -85 38 20 49 40 -97 98 -21 -47 -14 -88 16 80 20 -19 72 61 72 -46 -96 18 -94 78 -34 71 8 -8
-18 96 -96 54 38 97 -53 -32 35 6 91 -48 67 -47 -80 11 82 -3 33 42 -33 54 34 -1 -100 37 -45 -16 89 55 70 -30 91 -49 -79 -47 0 -80 18 38 64 -34 -99 -24 94 32 18 92 -47 18 72 -12 40 -89 30 -18 38 73 20 3 -44 -28 69 8 -79 4 -26 -15 87 67 96 -82 38 -97 54 14 -19 -70 7 -76 -80 -66 -20 -75 55 43 -41 -6 -73 -90 -68 -28 76 97 -76 -63 -93 5 -59 -33
-11 47 -43 3 -32 60 57 -28 -30 -46 -42 20 -34 84 80 -16 70 -77 63 26 -52 -82 43 87 62 28 -18 30 -25 0 -46 43 -28 -83 24 -33 27 -88 48 40 -80 -34 87 -39 12 6 -44 27 -99 -27 -93 -96 8 -83 -53 74 -2 68 84 -54 -75 52 44 -12 10 82 83 95 57 53 -93 65 -67 -81 98 -87 -38 -53 -49 -60 -57 -28 -11 48 19 48 -33 97 -24 -63 -64 30 18 3 -40 -87 11 46 2 -6
-94 -41 -53 98 -95 -9 2 52 78 -56 -39 13 -49 81 -8 -46 -6 -98 66 73 90 -25 52 97 -42 78 -64 50 -17 12 80 63 86 -32 13 -8 -100 48 -79 -28 -8 -68 -73 85 -37 16 73 92 -82 96 7 -9 23 46 -7 -53 -14 -84 -51 -84 18 16 21 -5 15 -53 25 4 -64 69 2 -39 92 -44 -48 10 -63 1 97 -2 97 -34 71 -10 49 -20 -63 -83 -74 -55 0 61 37 30 68 -18 -50 99 -35 75
0 71 96 -1 50 77 -92 -18 45 91 -24 75 -99 -18 -76 -58 -32 -87 60 -83 -76 -50 -7 -26 0 -83 19 28 74 7 -2 -57 96 36 -67 -2 -82 37 6 5 48 -22 64 2 93 93 47 90 -10 0 61 -66 52 -97 97 62 25 -38 12 -3 63 -97 76 -82 55 -47 -88 99 -44 78 -64 -34 -63 78 32 33 -36 22 28 -54 2 54 -24 37 -57 -49 79 -72 -66 7 -19 57 -66 -45 -79 73 -82 23 -73 -44
53 -12 97 -2 65 -55 75 77 66 13 -85 49 63 47 14 57 -64 21 40 -7 23 -31 -92 -10 -57 -88 26 -38 32 46 -46 96 -100 -89 -8 -57 -20 83 -73 -21 -95 80 -39 74 31 59 -15 2 90 -59 84 -39 51 -85 47 -70 37 78 86 87 -96 -4 -44 43 61 22 29 -33 24 -27 -46 52 83 22 -40 -26 -61 -30 2 -79 65 18 26 -62 57 98 98 97 83 -87 -7 3 98 46 60 99 16 8 57 89
42 38 -86 -54 -67 41 -65 11 97 86 -42 13 92 47 -23 -32 26 82 20 -1 -26 -77 27 38 -12 -1 90 92 -83 -17 78 75 75 18 8 87 -28 98 28 42 2 -19 -52 17 -28 16 78 95 34 35 48 10 -61 -42 51 19 13 5 10 60 98 -8 20 -26 -60 4 38 49 -50 -11 -65 63 -76 62 9 72 53 41 -77 -64 -96 -2 -21 66 44 -20 -85 -47 44 -51 -59 -23 43 -77 12 -50 -52 62 75 45
77 -46 -67 -61 -27 95 -41 -80 -10 2 70 -35 -11 25 5 -37 35 14 -83 98 -19 4 -43 -39 -41 -69 64 -49 30 -65 74 -95 35 -76 -99 -77 74 -5 19 -32 4 -59 7 -82 -97 -50 35 -75 -73 2 -89 62 -6 91 -60 60 76 -4 -46 -17 35 29 -74 -20 -31 -44 61 84 -25 -46 -35 43 75 -26 -78 -32 45 -70 -24 12 -20 -77 78 74 -74 -45 -53 -78 -72 38 56 -84 14 -31 -54 62 12 -99 -12 -92
68 58 -24 63 80 -85 -23 -17 -20 -8 -78 -39 -5 52 43 68 65 51 40 -49 -47 -100 7 96 -13 83 -15 96 -45 80 -57 36 13 -82 -82 61 -66 -26 92 74 1 88 -15 71 -100 -73 -14 53 -87 33 54 56 27 -86 -13 45 -74 -5 -70 -39 -79 -57 -14 45 58 -98 27 52 -47 60 -38 3 32 -42 19 -64 2 -25 -94 -31 -45 -87 -93 -78 -5 53 -43 -71 -93 35 -74 -46 45 -47 27 -92 -87 -62 59 93
30 34 57 31 -67 28 1 38 -22 13 -65 81 37 -95 -75 -79 -45 -36 92 41 7 11 -11 97 99 -15 14 7 -55 -50 59 57 -40 -1 54 -34 -60 -39 30 3 93 44 -16 -64 -96 -98 7 -73 45 83 6 -78 -37 -64 -82 54 -48 62 78 -10 25 -96 -1 -43 89 5 88 71 10 71 -49 39 -75 -65 77 -7 -35 -63 37 73 19 48 -50 74 -69 -6 0 51 -20 -66 22 -100 22 -2 44 -6 22 -37 -84 -69
-56 32 -13 -80 4 12 -17 17 -29 -85 -98 83 -63 83 4 73 -23 -31 -72 58 24 -63 77 -70 -72 -50 74 -45 -19 56 24 -13 -64 26 -8 8 40 89 92 -22 -10 -48 80 93 -8 -73 -51 59 23 -54 60 -98 74 -75 -88 -64 90 77 -6 17 -1 96 88 -66 48 -74 43 56 -73 -64 17 96 58 -69 46 36 22 -19 14 79 -53 87 -82 93 -99 -60 -36 69 39 85 -31 41 9 86 83 82 -43 27 2 12
-60 35 57 49 -20 -92 -88 -90 -14 -77 -19 -35 -2 -8 35 17 56 -82 -71 -18 -65 98 76 38 -27 -76 -15 20 29 -22 -25 -30 71 54 89 -14 -61 99 -69 80 94 -67 -76 -91 14 91 -48 72 -22 -75 -65 97 -42 -78 -76 -37 -67 96 -30 -82 57 4 19 2 49 -78 -91 93 71 -81 -9 4 -77 -46 -89 70 -97 -7 65 37 76 -28 81 75 -50 88 45 41 -15 8 -37 -59 9 78 -19 51 57 -97 31 79
67 86 4 -100 -21 46 -15 -76 30 -79 -18 32 62 68 12 -9 -34 98 36 -83 38 -9 72 40 63 -85 -59 -81 -12 -44 -27 68 22 20 87 62 -27 -10 46 93 0 83 -62 -48 -64 -26 86 8 21 -90 -47 -14 -38 88 52 -28 -62 45 -71 10 -68 -16 62 89 -30 -55 58 -76 1 31 88 21 14 87 -58 6 -26 -46 82 -81 55 -4 -61 -19 -69 10 9 -79 2 -48 -50 75 58 25 50 -85 -77 -77 -41 -24
25 76 -71 -75 78 -9 33 89 -11 27 83 21 49 -21 -22 62 47 -54 -4 92 31 -64 -94 -51 80 82 34 40 73 76 -80 -100 -19 11 42 -88 -90 27 52 -94 -77 -84 -10 -100 78 15 24 78 69 -25 -35 47 33 -96 -25 -34 66 76 37 -7 -24 37 12 -66 -9 91 98 -94 -24 16 7 -71 93 66 78 -49 65 97 98 75 15 -57 59 91 -25 71 -97 50 35 42 -24 -79 -44 70 -98 -43 -36 -45 0 3
32 -34 74 37 -46 92 21 -67 -80 39 -71 19 -65 0 93 -10 -16 26 -90 -24 66 20 -89 -56 25 -37 -47 -88 -91 -35 -62 -4 6 55 -9 -1 -82 -87 -23 31 92 -15 -78 27 -42 -32 90 -64 33 -14 95 75 56 -80 -51 45 43 -68 -48 46 90 -94 -83 -19 39 23 40 54 20 52 -83 -48 33 15 18 24 18 18 -68 51 36 21 -85 61 -49 14 55 -20 62 -83 5 52 68 94 -77 61 12 95 46 11
-27 -84 -41 -1 83 -80 75 91 -53 97 -59 46 75 51 67 12 -26 -56 -74 91 12 45 -94 22 48 -3 26 -73 -1 -9 -25 2 -65 67 31 54 73 87 -79 -23 -23 78 -25 51 -76 93 -11 20 -47 71 -52 -36 -47 58 -42 -87 18 33 59 -13 -84 72 13 -79 -33 59 80 -33 -66 -67 -16 86 -91 -3 29 2 61 -51 -39 66 -86 -30 17 -80 84 35 -53 29 93 -67 -27 -33 -80 60 8 -17 -68 23 -57 -98
-33 91 35 34 19 -27 -58 -7 -3 -80 -95 -12 -10 81 18 54 37 80 -34 1 -27 -89 -27 89 -59 59 67 -20 4 -4 97 -57 43 -28 12 -89 -58 97 48 -61 42 -22 -84 -70 45 49 58 20 65 10 -8 16 33 -55 38 40 7 38 -43 61 -49 -2 -83 -1 -87 -61 -28 17 -41 97 -30 26 -35 79 93 12 67 47 -42 -55 89 -42 99 94 34 25 5 -82 -23 92 -57 -14 -78 -19 -4 -62 -36 -84 -18 -43
-13 10 11 -6 61 66 62 -43 93 -64 -89 -64 6 -77 -51 -66 22 48 30 57 52 -87 -33 -94 20 57 34 -46 -87 -27 62 -86 9 -61 36 16 38 -69 72 -62 -85 -65 3 84 34 88 9 48 3 19 52 16 77 -37 84 82 16 -68 -20 81 -91 -63 38 25 11 -70 -78 -77 -41 13 35 -62 79 30 -44 97 -49 70 -18 93 47 45 -50 -66 -74 1 -100 -94 80 85 64 -6 -30 28 17 43 72 53 15 -82
-38 63 -82 -68 -84 -82 72 28 -20 2 -75 28 76 -7 90 31 -43 1 -47 -13 27 17 -53 -68 87 85 45 -73 -88 -71 69 -75 48 -15 -34 54 -35 -97 9 18 -37 -4 -18 72 39 -74 -11 -36 28 76 29 -68 33 56 -47 -35 76 -35 69 -21 60 56 80 21 60 -23 47 -76 0 -54 -44 -11 47 38 -97 90 51 -35 50 31 -68 97 -41 -33 65 86 -32 -82 61 65 93 59 38 -61 -34 9 -17 10 29 25
-72 73 -84 -36 5 79 -90 91 30 11 69 -39 44 7 56 60 -93 66 79 -24 52 -23 -47 65 22 43 -55 -29 -26 -77 -33 -54 -97 -66 -91 44 -37 -88 88 -66 41 42 -82 71 54 -50 38 30 14 -8 -34 -9 96 -83 10 47 49 -24 -78 32 -26 -42 53 20 79 -68 -68 -33 16 1 88 17 -4 -30 95 39 31 -60 70 73 -67 9 33 -68 77 -58 -17 -40 -95 75 -53 55 8 74 -40 -93 -8 83 78 -59
-56 34 50 88 -45 -16 51 -68 83 72 -98 71 15 -79 43 8 44 -58 38 -92 -57 92 26 89 93 83 -20 91 12 -80 -86 12 94 -45 81 -47 80 -93 -54 -79 83 -14 20 92 -44 59 1 -99 35 -78 48 -89 -1 -53 -13 73 59 85 -35 77 -5 24 -15 31 -45 -12 -85 59 58 8 -63 -75 30 86 6 -8 -96 -68 43 -33 -59 -38 -68 -86 -32 98 26 1 -83 28 65 -55 46 59 89 77 45 -62 -5 85
70 -66 -100 37 87 -59 -23 -80 94 -71 57 -41 92 64 34 -99 -89 -79 -28 48 -85 -7 20 11 -94 11 -5 -93 98 -73 16 -3 80 28 95 -36 -91 45 -34 -99 -31 97 -46 -29 -13 -24 3 93 83 29 48 -3 25 -24 -19 47 -70 -54 59 -77 36 82 41 -28 -34 -26 39 -51 -12 -43 44 67 -61 -91 -8 30 44 -51 98 95 -23 51 5 15 41 48 -34 30 14 -61 36 -90 35 -70 -86 82 82 64 -48 61
-10 17 98 36 -49 95 -64 -94 -26 0 5 -25 33 17 6 -1 -49 -80 74 86 -74 -16 -19 51 86 -21 -62 -99 -23 66 -27 -32 -19 -95 -8 83 27 -70 1 -47 -21 4 57 43 -21 -56 -92 -64 -74 -24 -21 37 7 0 -45 25 74 -93 -12 -56 60 16 59 -54 -72 -18 -46 66 -94 77 -78 21 58 -46 -68 53 -41 -83 1 -5 19 51 94 1 -68 69 40 87 -32 -46 -42 33 29 83 66 93 -84 14 78 4
-91 88 98 -28 99 -41 21 59 4 92 -70 71 78 54 -14 93 90 -96 9 71 -30 -84 -84 -25 -46 -23 -47 -27 91 39 -19 -22 19 -90 -93 68 23 -92 7 -21 68 -19 63 -93 -1 74 99 -72 2 1 -13 99 9 -36 -67 -100 -9 -54 69 -1 -87 -66 -19 19 -79 40 15 36 -29 -86 96 21 12 67 35 28 -11 91 -45 64 -31 39 28 71 -15 -21 43 -22 -32 -43 -29 70 52 90 -20 34 61 73 -3 60
-39 82 66 -95 39 64 -31 79 36 -88 79 62 88 84 42 89 2 47 23 -75 23 -48 14 98 81 13 58 -95 -77 -61 -73 -4 49 -99 -60 75 -22 2 -65 65 -61 -53 -57 94 -2 -79 -31 -98 -50 -63 -5 30 52 -98 -65 90 -96 -49 -58 -73 5 57 -22 -32 -32 -65 -30 -32 -53 -5 67 17 45 47 -57 95 -76 -51 -64 16 90 29 21 94 -41 40 80 45 31 -99 47 -53 4 50 -71 -48 54 -63 -16 -62
-34 -4 88 66 -57 -10 -98 15 -70 -30 -15 30 8 -44 -28 -96 99 -62 -21 16 -26 22 -17 92 69 11 -9 56 0 -99 -84 -60 -9 -96 -10 8 -90 22 76 15 40 -35 -13 93 -95 -85 65 -74 -73 -26 -67 92 -98 -43 -42 -66 24 -59 -66 -59 -54 -17 -74 -68 10 -55 -59 74 90 1 36 -20 58 -58 62 41 12 -95 45 20 -83 34 47 -98 60 -41 42 -60 -10 60 9 -40 24 10 -34 79 -97 38 -26 -44
53 -47 -84 36 -21 -54 68 6 -84 -14 68 -41 32 21 -24 80 -32 -18 -93 -67 80 99 69 32 -81 -78 97 32 -86 1 98 -50 -32 -29 -33 -3 31 47 -39 -13 -10 68 -28 77 6 72 46 -57 -34 -65 -68 13 -64 -37 10 -45 58 -52 -40 -54 -38 17 52 -77 19 -64 -63 -60 -48 -82 -79 -7 99 -24 -30 11 -40 19 -19 51 -43 -36 32 5 38 -19 99 -87 15 -56 -61 14 -69 -89 84 33 99 -28 22 -44
-18 79 -50 18 -10 18 -74 -51 -12 -87 -70 -26 87 51 37 81 -81 74 25 -45 -82 -11 -77 56 37 -1 -18 -38 -58 -2 -43 -77 56 73 76 -26 68 63 -83 63 -22 -66 39 35 28 59 -43 -26 -16 -50 -60 -42 18 77 36 -100 38 -85 -6 -40 -17 17 40 -54 -39 61 -21 -62 -76 -66 -80 85 58 -3 56 70 -53 -60 55 -100 -84 -78 88 -21 25 98 -71 -85 -70 52 -49 50 1 79 -38 -17 24 47 -14 44
54 27 -96 -23 91 -21 -4 72 -51 -91 -64 -61 -91 82 93 -41 12 -22 -49 76 50 -49 -57 -13 -6 -73 -62 -9 -96 52 -55 97 42 -85 64 18 -41 41 3 45 35 -70 -38 -86 57 -10 -27 88 -38 29 -52 3 -2 -33 -35 41 61 -50 49 -58 15 42 -5 55 21 10 19 -90 -60 -77 -22 -12 -13 -100 -59 89 -3 -27 1 -44 15 45 76 78 -58 -4 3 86 61 51 -38 34 -97 -1 73 -64 -36 -27 -45 -28
91 -75 -23 -82 -32 38 -60 -5 -46 49 85 13 41 93 -64 -37 9 11 43 42 38 -76 5 69 -31 92 95 -9 11 64 -98 -76 77 26 12 87 -39 46 -51 26 61 5 6 -53 49 32 -84 -100 55 45 8 -75 -86 -82 -28 82 45 -75 -3 21 -41 25 94 -65 37 29 16 48 53 74 -85 26 -43 -80 76 -81 -59 -92 7 -70 -100 7 63 15 -42 6 -15 82 -20 99 -61 -18 94 52 -44 -71 -82 -59 63 93
97 59 52 94 -73 45 18 80 -59 -46 -2 17 -64 65 64 -20 67 -98 87 85 -24 -47 13 -8 -3 -37 42 -87 35 -20 86 44 -75 17 50 72 25 50 -69 -25 49 13 9 79 -3 84 12 86 31 -6 -16 -86 99 79 -33 96 25 -46 -97 -99 -35 22 -80 -90 -70 -15 -5 -88 52 51 -95 20 31 -18 -6 40 -15 -97 47 -30 22 54 -48 11 23 24 67 -42 37 66 -31 -81 3 81 94 -31 44 -92 -51 19
49 -94 83 -90 -34 65 3 99 96 29 64 -36 12 -59 -39 6 -69 -23 -62 -34 -99 -35 35 -43 -15 -28 52 -65 18 77 -10 29 -56 -74 92 23 77 10 61 12 -71 50 -100 88 24 80 -69 17 -27 30 -44 86 -91 15 -6 -13 -32 71 -68 -74 -2 -46 61 47 -78 48 45 91 57 19 -90 82 -26 -14 -66 68 96 -56 -14 -80 -69 -50 -1 -38 97 45 11 26 52 -86 -61 44 -21 -40 30 -92 47 -99 10 20
96 68 38 -26 26 -33 -40 -100 -69 -90 -90 68 14 4 41 89 59 -87 74 -95 -6 -83 -67 -18 11 -23 -89 57 9 -100 33 49 -33 28 67 -66 -43 58 74 -33 91 -69 -17 28 -55 54 46 -11 92 80 -83 75 -20 67 -8 -30 68 -8 93 33 49 82 86 84 -43 84 -34 -16 -62 -11 29 98 -5 11 95 -85 -93 -21 5 23 -33 45 -49 74 -57 80 -11 62 37 -70 -81 -51 -74 86 -78 -25 -90 -26 31 70
-23 58 36 99 -90 -99 -33 -68 87 27 62 17 58 74 62 -72 -68 68 -24 78 31 81 -4 -18 -13 -48 43 18 -79 98 -87 62 -63 67 68 -4 18 -42 42 15 -44 33 42 -1 89 -86 -61 13 -99 22 -47 -99 -11 -100 85 -88 -11 94 84 76 -41 35 23 53 -64 -22 -72 -85 8 -74 -65 13 -80 83 -48 95 -29 -29 10 -54 -26 -3 -45 85 49 -48 88 24 59 -59 -19 -60 -33 -66 91 -23 -76 -83 55 99
-66 93 6 37 21 13 96 -9 -23 67 -1 -69 39 58 36 11 -79 -10 70 -94 24 -41 -77 -26 3 78 -31 -40 -72 -14 29 36 49 1 71 90 -83 37 3 -68 -43 -19 -62 -37 93 67 -19 47 52 18 89 -11 -17 -61 -6 -61 71 -10 74 -16 -48 -78 29 -92 -21 79 -30 19 37 -13 -83 30 -47 0 63 8 -14 47 -88 -25 81 80 -65 49 49 38 82 0 68 -81 46 88 11 6 -7 99 -76 -74 55 -4
-31 93 68 -41 36 8 -19 48 85 17 -80 -17 -28 -58 -1 -18 -67 94 21 -24 -47 69 -19 -83 -87 -73 -70 -51 -56 94 97 -82 56 -27 -32 94 98 -30 -62 66 -12 95 90 -87 -50 -89 -18 10 78 -26 -71 52 15 13 70 52 -94 98 -57 -100 52 15 -30 -63 -93 -23 -93 -15 36 9 -68 30 -52 67 9 47 -3 -65 29 59 9 -8 -77 53 -86 27 -70 41 -34 -29 -83 -18 -85 -19 -75 93 -7 -17 -60 67
65 -25 -15 95 74 -42 -72 49 -36 -41 -98 84 -45 -71 18 -75 71 -83 85 36 18 98 -98 71 27 -8 -92 -18 -6 -39 -85 -19 30 -15 -85 -68 -43 -87 -7 65 33 -39 -33 -53 -84 -33 99 -99 97 -96 43 -59 35 23 95 -37 -28 -7 45 58 49 -38 -22 -76 -66 -42 31 19 37 -39 91 -47 -81 29 97 -38 2 -84 1 63 48 3 12 -15 -26 38 -85 -66 74 80 -29 81 -19 99 52 -26 -46 39 -50 -61
-65 -90 -24 -33 17 73 -72 -42 -86 -60 79 52 2 -82 4 17 -36 91 -49 -26 69 78 41 25 -28 -7 -97 -16 0 -49 70 -19 60 15 27 86 22 49 -83 1 -59 -75 69 -72 -64 -37 -39 95 6 42 31 -57 -97 93 46 -88 -38 29 89 68 72 -47 8 -46 66 92 40 -24 -99 33 57 64 57 22 -27 -11 82 20 60 38 77 79 -37 -55 -84 -49 -15 -44 51 21 93 39 36 28 -97 -83 -94 53 3 -75
-77 58 31 19 11 98 42 6 57 -63 11 12 12 5 -13 -95 -39 47 -2 -90 54 30 -32 -86 48 92 8 59 47 -37 -6 -37 51 70 37 -97 66 56 87 39 -42 -67 40 -69 28 43 28 74 45 42 24 -23 82 93 -87 -33 78 97 6 -29 -69 -40 22 37 79 9 -20 -1 76 -9 -56 -21 -61 33 63 -11 -51 64 55 15 -40 -36 -69 -3 74 -56 78 5 19 -9 -48 -46 -99 -71 96 -56 -73 63 -93 85
5 -31 -36 -49 31 42 57 60 77 63 17 -16 -6 36 46 96 -31 -5 47 -5 -31 -77 -33 99 -46 -78 -20 -59 26 85 -21 -3 -25 -40 78 44 -53 8 41 96 62 69 95 -67 73 -59 94 -64 58 41 54 -3 2 -2 21 -100 -71 -72 30 42 -13 -68 -45 92 -48 -79 -58 6 6 -70 38 33 88 -11 82 -37 -99 14 -25 63 -86 -60 -2 -91 -26 -17 32 -83 25 -60 -100 89 18 -51 -64 80 -45 -62 61 43
43 9 18 61 -68 61 -17 -22 41 69 41 7 -61 -91 9 34 -21 72 9 -59 -40 -93 56 -52 -65 25 -33 68 49 -83 89 37 -49 -95 -73 45 7 52 64 -49 -58 61 -92 -27 -33 -38 60 90 49 18 -94 89 82 8 -62 70 -78 72 72 -46 24 -49 61 69 -6 -93 -48 49 59 -37 53 84 55 52 51 38 40 3 -13 -39 -65 -68 -49 3 75 5 -78 -85 -45 34 -72 -50 -16 -24 13 38 59 -76 16 67
-9 -60 -32 11 -5 -59 -65 68 -76 4 26 36 -82 29 26 -58 86 86 84 -98 72 -70 51 56 47 6 0 -26 40 11 59 -35 -5 85 -80 83 -90 -22 44 -41 57 -59 -1 -28 74 67 -40 83 73 -49 -5 -13 56 84 3 -60 65 -54 39 67 -60 -34 -89 19 -62 25 -3 19 31 73 -11 -3 -20 -47 32 -26 -71 76 62 -28 -71 -83 -48 -5 47 -57 73 -6 -2 -63 60 22 -19 15 97 -66 -32 -64 38 -18
-26 76 49 -44 86 27 0 76 83 91 -51 -71 80 -99 -27 80 62 -17 -75 65 -80 73 42 -2 77 -15 -49 80 -42 -35 65 -16 -47 -9 -50 -6 70 -80 97 37 -3 79 -2 79 -64 -24 31 70 44 -90 -91 9 -98 70 46 63 -59 81 -71 -33 12 95 -15 -92 84 -60 61 -80 -99 2 86 -74 -55 83 -38 -60 84 86 98 -6 -85 -26 -82 -52 69 43 -3 -20 5 -83 -6 -94 -34 36 29 37 5 35 60 -17
9 -61 90 -70 32 -7 58 24 -28 63 -70 -82 38 84 -22 -28 8 11 -13 74 -78 -43 -19 67 22 44 45 -87 36 97 -100 -66 55 -99 -52 6 51 -11 30 68 -66 5 10 -31 6 77 91 -65 -43 20 79 86 12 -75 96 14 44 29 -96 -64 74 -33 74 -15 -51 -32 9 -10 -47 1 64 62 -8 -13 14 -79 -42 -11 -28 -95 72 10 99 -91 47 29 13 17 -32 -56 65 -4 -74 48 -2 46 0 -16 37 96
11 -32 -53 -29 96 -91 -94 83 6 21 57 98 44 -96 57 23 70 -59 -96 -38 17 60 -17 -59 84 -94 -25 82 47 -55 -56 -1 -86 -8 33 17 1 -17 -27 75 50 -61 62 70 92 35 -71 -9 16 82 -74 -23 -29 73 -19 44 -74 62 47 -76 41 10 -55 -93 16 96 32 1 4 -81 91 -87 51 -40 -52 -26 -6 71 62 -80 -79 87 12 99 1 14 10 12 -93 -40 96 1 -70 -77 -87 -24 44 98 20 2
-24 -35 -80 10 16 -50 -99 -75 -24 2 -33 -40 19 -21 1 -4 24 -83 51 -85 -7 -58 3 89 34 -10 58 -95 22 61 -84 1 47 -28 -73 -56 -16 92 -34 26 51 78 26 -39 -53 -51 67 59 74 6 -42 -59 11 28 56 44 20 79 -80 18 -14 -10 -78 -29 -69 -54 63 -18 68 -25 48 96 0 60 -45 -66 97 -26 -87 -75 -96 -45 -96 37 -54 54 -83 88 65 -93 29 77 18 43 -69 19 20 23 37 -58
61 11 -17 -86 27 64 14 83 -96 -6 30 -60 -24 -50 -97 -79 87 57 13 -1 -82 63 53 -29 63 76 11 59 -41 -48 -65 -31 79 -60 -26 47 -53 -22 87 -81 -65 -83 73 -90 -40 31 -70 -83 19 -34 -81 -61 -16 22 42 -29 -5 -53 4 22 7 -14 33 -3 -39 -72 24 -94 -20 27 79 56 -83 6 -95 -63 65 -16 -38 -84 -8 40 86 0 -66 96 -60 0 -70 -48 -64 -64 -55 -34 58 -71 -69 -69 -86 93
57 36 -93 -33 -40 -45 -7 -83 -96 -35 12 18 43 29 58 -96 -100 -53 75 -14 15 -75 93 -96 -18 -78 54 -43 38 89 85 28 -33 92 9 -85 -92 -26 -56 38 81 76 21 -42 -22 38 21 -81 96 -75 -89 -40 -70 10 -32 31 -13 70 58 53 55 -58 80 91 8 -28 -80 9 8 58 -63 -14 3 43 99 69 -4 19 -46 3 55 -2 -13 -26 -59 -4 -30 6 45 -82 45 83 87 -87 -92 19 34 -6 -87 -14
-24 -17 -84 10 -76 -25 69 36 71 6 -66 93 -75 14 -20 50 1 -6 89 -58 -85 -14 -93 -77 78 60 28 84 -83 -81 -83 73 97 -86 68 -91 79 -80 6 44 56 26 -84 -37 2 2 -76 50 15 -52 -47 51 -49 -85 43 -64 69 -14 93 -60 60 -54 53 -36 -36 -29 -3 14 -33 4 36 10 23 -60 -87 69 32 -85 98 31 -46 -2 -4 4 -42 -15 80 -17 78 78 -60 96 -85 11 -64 -37 -45 11 58 -78
-6 -96 -20 -90 5 -38 -49 36 -47 74 23 45 -61 51 -12 -10 99 55 -34 -85 24 -56 -7 22 86 16 -16 71 -72 -70 25 -67 -95 -34 -1 -9 97 -92 -90 13 63 -78 -10 89 67 -70 -30 68 92 -39 50 -13 71 46 23 -13 5 -58 -11 30 -35 -63 -30 -8 -16 -17 15 60 -80 -6 2 66 23 -61 -41 76 35 74 11 30 -67 55 -5 53 -9 -7 19 88 29 -27 -87 -48 -11 99 96 12 -19 -47 51 67
-31 -54 -12 45 -1 -18 75 83 -85 12 -60 21 50 29 44 -14 28 97 -50 49 -5 72 93 91 -6 -29 -1 20 16 -28 -26 30 74 -24 43 -19 95 39 -30 85 1 -7 -88 5 92 16 -42 49 -12 78 -61 12 -59 63 -39 -61 -7 31 28 -20 -54 73 58 -76 -65 38 74 -29 -11 27 34 82 75 80 50 -77 -84 48 59 26 -34 -74 3 57 -58 -47 -69 -18 94 6 67 -38 58 61 16 52 59 39 -71 50
88 72 55 -83 -98 -66 22 -15 -43 87 -31 28 18 38 -92 24 -30 76 74 19 -84 -96 65 -89 62 80 -71 79 43 55 -48 -45 6 -82 73 57 95 64 -30 -94 -44 56 92 -83 49 -76 -35 87 -8 -33 5 89 77 -90 63 84 0 97 -93 -96 -62 -15 9 -30 -17 57 79 65 -40 -39 78 -3 -82 -55 -16 55 -4 -39 37 10 -99 -40 12 59 -94 60 81 -25 93 28 23 63 17 -39 -88 35 -85 2 33 -74
-65 34 4 -97 -76 52 -29 77 92 -3 21 -47 -39 -85 58 32 -54 -32 -16 86 -83 65 77 -89 -94 64 -78 -96 84 -94 -11 70 -64 66 -100 -76 10 -17 -37 91 67 22 42 -7 25 -88 99 -73 -14 35 -35 -49 76 -91 67 0 -95 51 -65 58 -40 -13 85 69 -5 -52 -58 33 70 -26 46 64 -23 -38 56 -12 -59 65 -45 -88 -81 88 64 -19 4 -50 83 45 -89 58 -78 62 76 59 55 27 50 -35 -15 -54
-35 64 -14 -88 44 -90 -51 38 -27 -44 62 67 -34 30 32 13 -97 -51 -29 1 -15 -45 73 -33 -39 -20 -52 -81 36 -49 99 -55 -84 -31 -86 -86 -74 -84 17 54 93 -22 -88 -11 -58 -39 18 24 26 31 -75 -100 86 68 -49 25 -57 -63 -46 26 67 -45 -92 -25 51 -48 29 0 91 -28 -40 -7 62 -28 -92 12 65 45 -12 96 -53 35 -32 56 45 -5 54 -71 96 -92 -70 -41 73 -2 -76 -34 23 48 -54 -20
-85 48 -42 -14 -17 -54 -61 -58 65 62 -12 -98 -47 -16 35 37 -50 67 -87 -62 -86 -10 -19 58 -93 -73 -97 -72 3 -75 51 -67 -56 -81 -77 34 -54 0 62 -36 -45 24 -51 -38 -90 52 33 -25 -29 90 -77 55 -29 -99 -21 -27 74 -41 21 -26 -66 -88 83 83 -13 82 12 -50 73 -2 -90 58 1 -85 -74 -15 51 11 -21 36 50 -3 -45 -32 -89 30 37 8 84 -87 18 8 47 -67 79 2 -17 96 -8 97
37 -95 99 27 -98 -37 -88 16 -77 -75 -12 -77 71 -64 -27 -4 95 23 -30 49 42 -32 -84 79 43 6 -78 52 72 65 -7 72 8 96 54 37 60 50 32 -22 6 19 8 83 -13 -27 10 -88 -9 78 88 -13 58 55 -60 -72 -14 42 70 -20 84 19 -68 22 -63 53 -63 10 86 99 27 31 -98 91 -75 38 1 70 93 85 54 -17 62 3 79 -70 2 -39 -78 44 9 -98 72 -48 57 86 -49 -10 61 12
-99 79 21 -16 -36 -12 32 60 49 60 -20 -6 56 45 -85 29 4 13 47 -37 17 28 -66 -31 75 -50 -38 35 -21 36 -97 56 -19 12 -83 -47 -93 -12 -89 -81 -96 -63 31 15 23 -13 -9 -75 87 31 88 -84 73 46 -17 -54 64 -99 42 46 -7 -2 32 47 59 -41 9 49 99 -78 -50 -35 37 98 -2 87 97 -16 13 -80 -48 -59 31 -92 -70 -62 83 -8 -98 85 41 -51 75 39 -93 70 -63 -65 32 12
47 26 -54 68 72 93 -9 41 25 -73 38 -98 24 97 -5 -15 -1 40 40 -4 89 -85 -72 -5 -22 -29 29 -58 -88 79 -43 44 -47 -42 -40 -83 -67 70 -9 24 -87 34 -74 28 -91 -100 93 73 27 -32 -65 -28 24 52 4 36 -15 32 22 -63 57 14 -21 -87 -2 27 31 49 4 -88 -26 -56 47 -35 55 -83 -56 9 -86 94 -93 60 71 -36 -11 -71 -97 -84 -54 -31 47 68 51 49 -85 95 8 32 -84 -77
-75 81 -80 47 -10 81 88 66 27 51 -16 -21 45 47 -45 -67 11 66 87 -25 10 -74 -26 -39 35 16 56 84 -90 99 79 48 78 63 65 55 11 -82 68 -87 12 72 -17 -20 60 86 -80 -28 -21 -69 -62 -80 -54 -76 -88 70 13 49 14 -52 -99 -24 95 39 -71 -12 49 -38 -32 76 -10 -100 -59 -31 -82 -54 40 41 51 6 58 3 -31 -91 -64 -21 5 66 31 26 16 20 27 42 84 -25 54 -83 -51 85
-5 -60 -74 14 42 76 21 -37 -9 -25 -81 -5 -32 35 47 -71 78 -8 -23 -78 -8 15 26 -56 -5 -89 57 -54 53 -90 -53 83 52 -13 -95 -25 -69 -16 47 -78 64 78 -9 -52 -20 20 -92 -38 -2 67 43 -2 -98 35 99 -3 -68 -50 -87 27 -95 57 -6 -54 9 43 11 -73 -33 -22 65 -28 88 -49 -57 -66 -47 25 -57 -93 23 10 -46 -57 -14 -39 91 47 64 67 -44 -74 33 -19 -11 87 80 -93 -42 84
1 37 16 -72 -80 40 -88 46 97 43 -23 -91 9 -73 -76 86 -29 -88 -37 62 73 48 -13 -57 -63 89 -96 -43 -70 -45 -58 -81 34 -75 -23 -14 5 -22 -78 -77 -26 -55 67 53 -34 -83 39 -91 69 21 -82 -87 30 -85 8 -76 35 -61 52 69 -47 -34 70 53 -3 14 69 80 89 93 28 -71 -52 -83 8 4 89 88 16 83 94 82 -9 -98 -100 -96 85 93 81 -46 27 55 38 55 -79 21 -29 -82 -4 -49
-99 67 95 32 6 -87 41 91 23 59 96 -37 51 -21 43 85 90 -47 33 -79 14 26 51 -87 -79 44 37 -90 69 43 84 39 -84 -5 90 71 23 97 -31 -100 45 -16 96 34 56 -81 -100 55 87 30 -97 29 -81 22 51 -22 38 -37 91 -76 95 50 12 -45 91 -72 94 -77 12 46 91 -63 93 -29 60 35 49 8 1 57 88 18 43 -29 7 -37 40 -71 -2 -3 -23 1 -55 60 -21 -36 -1 -70 1 -37
-82 -34 95 31 -83 -24 -83 -33 -97 5 22 -63 10 -45 -95 64 -90 22 -74 64 -52 95 11 -80 -19 -19 82 -65 -90 53 -40 -25 67 40 79 -15 -98 -77 13 -75 -55 47 -6 54 61 -82 -70 -68 -5 -96 -33 -19 68 -92 -6 -79 -37 -47 -99 -24 34 -54 99 -82 -59 -68 16 35 78 -63 82 -56 14 91 21 -33 -19 32 69 78 -87 39 -48 -4 8 87 -88 -97 -33 16 26 25 -39 55 45 17 -85 65 81 36
