-22 -74 -98 -77 73 -70 9 64 92 -87 41 50 -78 55 77 95 15 80 -88 50 -58 18 79 62 -36 -44 -86 28 62 -93 -30 74 12 -61 8 -62 -70 -42 85 32 97 -45 10 24 85 -81 4 -79 -83 -99 -40 -13 -30 -5 -44 73 22 -87 82 -54 -89 -59 -14 90 36 -62 -4 64 -25 13 63 20 48 -17 -57 27 -48 -94 52 69 -63 -86 57 14 80 -75 67 31 -36 -38 78 62 63 -20 -8 65 33 -96 27 43
62 57 13 10 35 -82 -22 -7 -86 -35 50 91 95 -5 -65 -16 -40 42 -50 94 98 -72 56 -1 58 95 90 20 19 -57 -57 0 31 33 20 48 46 -30 98 -50 52 90 41 -50 46 24 94 -10 -51 -38 48 -20 24 49 50 83 -89 -28 76 1 23 -58 16 -77 57 -56 -60 62 -80 -24 8 -83 64 -46 -95 -72 -82 -11 94 78 -46 -66 20 -43 -49 74 74 -97 58 -51 -5 30 27 -48 -48 -27 -57 58 -17 28
-56 5 -94 47 44 63 -100 -51 74 -47 84 -83 -36 52 48 97 -76 12 -56 35 24 39 8 68 -61 9 21 33 -25 85 -53 44 83 5 87 48 -40 50 78 59 -40 37 -44 -66 -39 -11 -48 -38 -2 -35 54 79 -95 -82 41 56 -60 -52 1 30 21 45 32 95 92 -32 -45 -43 90 -49 51 97 7 21 -75 42 -71 59 -3 56 -79 -46 -45 -56 -88 67 1 97 -40 -12 86 -6 65 34 -36 65 -83 -58 -9 21
-100 -95 -24 67 -81 23 11 -32 63 -26 -36 -60 17 -76 66 69 63 42 20 -24 98 -49 81 -71 2 -23 13 -88 1 -6 73 -47 95 -78 9 0 -68 -66 -36 69 48 91 -23 -77 87 1 86 30 48 -16 51 -85 -38 41 -16 66 -37 -32 -46 -61 73 -82 79 93 -14 -85 46 -25 54 -85 -94 8 -60 17 -25 -95 -88 71 84 -40 -6 -30 -46 -76 -50 27 18 69 -39 53 -72 -100 77 86 16 -50 39 -44 58 -85
-19 14 -13 42 70 68 -92 92 -4 33 -52 25 -42 40 5 -12 -10 69 83 -36 -95 15 66 -26 7 39 -21 84 -49 24 -68 82 51 83 45 -8 -31 1 -98 -89 84 -60 -71 -9 84 72 99 31 -35 40 -45 -87 -60 -19 36 -95 -5 21 24 -74 -30 94 -1 -2 -44 46 -84 52 -53 38 -54 -52 51 34 85 -29 0 -93 -58 24 -11 21 -81 -32 16 -95 60 -1 -86 0 34 97 -69 24 -77 -81 5 99 33 7
59 -83 -61 -60 -91 85 28 1 -36 87 -83 -74 -83 23 -33 -90 -83 -40 6 -33 -32 -19 -13 -71 52 -19 -29 -93 55 66 22 7 51 69 68 52 -88 88 51 -44 51 79 -55 -42 -47 -31 -7 -86 10 58 84 41 55 13 32 72 85 -46 39 -48 -16 31 -96 22 74 30 -83 -40 -15 83 -53 46 -100 17 24 -3 -24 51 -23 -3 -37 67 58 -84 -39 -60 29 -99 -80 35 -83 -16 68 25 96 24 -61 31 60 -24
-88 87 -20 89 -34 -34 54 70 50 -92 -71 50 86 -16 -24 73 94 99 -14 -76 -61 40 27 53 57 89 -42 92 15 -49 -57 77 -88 -10 -5 49 59 -48 -57 36 -78 65 -24 56 -21 -30 90 58 42 13 -61 -20 -30 42 -96 24 -3 15 18 -55 -63 -35 70 -10 73 -70 71 -72 72 -24 71 -47 -46 -33 -34 -34 -37 -76 66 4 5 -38 2 -6 -100 12 -56 -1 71 93 -43 69 6 -56 -28 -97 -90 -27 29 -4
64 -6 20 1 -89 -78 -85 23 66 23 43 -85 -15 -23 -74 -47 -65 24 -51 97 63 90 -67 6 -10 -95 63 -8 88 10 55 -21 12 83 77 -6 -97 -60 20 26 13 -47 -61 36 -12 15 29 14 -40 -44 -52 14 6 -19 98 99 64 31 -30 -60 51 -44 64 65 -54 -78 14 -72 71 2 -26 57 -30 8 -94 -99 4 -85 82 -41 -76 14 94 -60 36 6 -9 -21 -47 86 35 -4 -71 -48 -90 60 32 -55 -22 89
-46 -13 -7 -20 -33 -4 -54 -98 -52 -13 4 13 -46 -36 33 -11 -62 -15 -52 -31 -88 -62 76 -52 -6 95 69 17 -86 71 -13 61 75 5 -48 -54 -24 85 32 -79 -80 -14 59 33 -70 74 50 41 70 -51 67 44 68 29 32 19 -38 -82 -35 -49 -40 -15 -3 78 33 26 47 -99 73 76 -25 -19 59 94 76 51 37 -90 -53 -81 64 93 74 72 -16 -67 -10 -47 49 -62 -3 -64 7 -13 -38 -59 -26 90 -19 -28
95 38 -47 64 77 -97 -40 -83 8 -10 -3 -31 -34 -1 -77 68 56 94 34 18 38 30 -82 -67 35 -56 -56 -28 13 -43 -38 91 -82 -35 92 36 -34 88 -1 90 82 98 21 66 19 79 -73 -78 65 60 -98 79 43 91 18 -86 -6 82 80 -63 -13 -18 -99 11 71 16 25 32 -37 31 -59 49 92 47 14 -68 14 -13 -91 -31 -2 20 -67 -84 52 31 -24 -22 31 30 60 -39 -84 -44 -54 -23 -40 -19 -42 -98
5 74 91 31 -27 -2 -92 66 -97 88 64 82 -10 -92 46 -7 -2 37 18 26 -70 92 -30 -20 -76 -1 -43 -21 69 -80 7 81 28 40 -23 -10 16 57 37 86 20 -17 -4 69 75 -6 -4 95 8 31 19 54 61 4 -22 -64 29 -21 30 -99 49 -4 30 50 68 73 -33 21 -61 46 -95 78 -72 -61 -90 63 -18 21 -96 65 28 -95 -21 -84 -37 72 -14 -42 65 9 -64 55 31 -92 79 -90 -91 34 -46 41
-52 -23 -9 54 -59 92 -23 -72 13 -79 9 -6 -36 97 -44 -45 -17 3 98 -65 -79 51 -95 76 23 -79 -24 -18 -78 -55 35 -66 20 1 47 67 -34 66 94 -82 -38 16 -2 -7 62 -68 -49 -79 -25 -76 87 -53 39 -57 -36 50 -33 -38 13 12 4 -31 60 -39 -23 48 -40 -15 19 -48 8 -18 5 79 58 -11 -8 -31 94 58 18 35 -15 -4 5 -4 68 -41 -30 -1 -62 2 74 91 99 -32 -83 -41 91 -39
-65 -56 -20 85 -23 -64 16 26 -31 -17 -92 -23 82 -84 22 72 -8 33 3 13 -95 17 69 84 -80 11 -42 41 -96 7 -41 33 94 75 -72 93 -81 22 -3 -70 -21 58 -18 23 57 6 26 8 81 -35 -96 96 -60 58 25 -40 57 -91 13 -41 -57 -40 78 14 -99 70 84 -91 -59 29 73 56 -85 15 -8 -46 -95 48 -82 62 91 -95 -63 -98 -35 -6 12 2 27 -63 -71 -9 -69 98 65 -80 -28 -1 14 49
67 82 -30 9 90 6 55 -100 -50 41 84 -75 28 54 26 -84 -59 6 34 -81 -44 -36 51 -60 60 -90 -40 60 -88 -35 62 -96 -22 -34 -48 -99 -46 86 -80 -20 -20 10 -51 -38 79 -57 -58 41 -36 -19 -70 61 -38 -12 -51 -55 97 -68 45 -33 59 99 -60 6 55 -34 -69 -66 -46 64 -67 32 63 -28 -29 -75 -46 74 -63 -11 84 -69 -74 47 90 80 6 -88 -96 -37 -69 -69 19 29 78 -38 55 -4 -66 97
-21 -99 -77 -99 76 -25 -29 68 90 -65 65 65 21 38 62 -100 -24 3 21 28 -88 52 38 -65 -40 15 -66 65 -1 71 4 -75 35 20 77 -64 95 61 -80 -67 -23 -50 36 49 -98 63 63 54 -36 -60 -7 -7 -91 -39 59 -72 -15 -70 -61 -47 -59 0 -51 48 87 -42 70 -53 -29 -38 17 93 -49 -94 47 35 92 29 46 -100 -65 -56 99 -100 66 21 78 71 79 -21 95 -93 -37 14 53 -64 71 -50 1 44
92 59 34 4 9 -100 42 36 65 -51 34 6 1 85 -20 -78 -66 -47 -79 52 -6 -1 -67 -32 -85 -38 29 60 -32 -95 61 41 -16 90 -43 -74 -55 50 -28 17 -12 12 -17 38 0 -44 -92 -42 79 30 76 39 4 62 -2 5 -23 74 97 3 4 -1 -66 76 -23 98 -37 -30 -88 -59 19 8 2 93 35 81 59 79 27 -47 -39 37 -35 -62 46 -34 35 -93 71 -72 77 91 -48 94 31 98 -81 98 -8 -23
38 82 70 -14 75 -78 -96 88 -30 -85 46 1 -7 75 -51 77 66 30 88 -57 -40 -47 87 -79 -64 -85 15 -95 -35 -61 75 -44 -25 -72 -72 92 -81 -36 29 -11 4 -97 85 -25 66 -68 88 -73 -85 -17 -59 48 75 -35 -22 50 -47 -90 86 49 15 77 -88 -19 79 -64 -61 -69 -17 46 -77 -74 50 17 -25 -72 83 -60 85 -77 -91 28 17 57 89 84 39 -83 -93 -71 47 -33 -68 -77 31 32 -38 21 35 -56
-58 -53 -40 31 -62 65 -71 70 9 21 -64 -16 51 76 -30 -53 -3 -28 -73 -21 -59 74 -6 77 -16 -74 54 24 21 -70 -89 -83 43 61 15 36 36 -33 36 57 9 26 57 -49 4 23 43 -73 6 -23 -62 98 -2 -64 -57 85 1 92 -64 -56 -75 -45 -14 19 -89 16 -32 -81 22 65 48 78 8 -19 -99 64 -95 -74 84 -43 71 70 4 -88 31 8 -36 -42 18 -73 53 -65 -89 -44 86 -37 -33 -50 49 -60
-26 75 -40 -57 -91 -27 5 -49 -50 -34 23 -5 31 -59 92 45 76 28 -19 -44 77 -93 -66 -44 49 -79 84 -19 0 -11 -98 -55 -90 58 58 -77 -18 9 -30 -57 -75 -39 52 32 -87 -28 -48 -8 48 95 -87 18 36 -68 -67 19 -77 24 -39 -80 7 -55 -86 -42 -59 -36 27 -18 -32 -100 44 -12 -77 99 65 99 -60 8 -48 71 4 61 -40 13 78 -95 63 70 -27 62 -35 17 45 -66 67 -43 -54 24 81 -2
-38 73 -36 -73 -87 -38 51 -42 86 -29 92 37 19 72 -68 54 65 74 27 91 -98 -61 83 -41 73 64 7 -82 13 -48 -58 94 -58 3 96 60 18 37 64 12 24 -14 10 -47 -34 9 77 70 25 -53 -45 -16 -30 -41 43 -88 93 46 72 -14 -79 -53 -93 77 -71 -96 -7 -40 -45 96 17 -37 95 30 -84 -95 -91 9 13 10 -24 -88 66 23 -76 -14 -1 27 -60 36 -16 27 58 -26 89 4 58 59 -35 -72
0 75 44 35 -97 40 -87 72 -69 -3 69 -48 56 4 14 35 42 45 -22 59 73 64 -72 -24 -32 99 61 -67 -82 60 54 96 -72 96 -26 -18 76 -89 -64 76 15 -8 -6 43 46 -62 49 81 48 73 -67 -10 7 52 -57 -23 -96 91 -7 83 62 -19 43 -60 89 -45 19 -64 42 -78 54 86 -60 51 -98 -30 8 -33 69 -14 58 -21 -19 72 66 71 -1 -31 -94 -77 44 -69 73 11 -17 -82 76 50 -68 38
36 -65 -57 -41 6 72 -7 -100 -75 -55 12 77 -73 -10 -95 -71 27 78 -45 -81 87 18 -45 -65 -75 -5 -24 96 -49 -37 -8 -43 20 11 32 96 44 13 -41 -43 -86 94 -32 26 43 93 -59 89 -8 -37 -10 -31 -4 32 -46 -67 42 45 -100 55 -28 -84 -52 -11 -61 -22 -58 -74 93 4 -64 35 -33 38 -32 77 58 -60 67 -87 -51 31 8 46 -5 -79 -19 25 56 68 38 3 2 -6 -56 -18 9 41 71 -45
43 -68 -35 73 49 65 99 -41 -29 -85 94 -70 50 -15 -13 60 86 -3 -40 -77 83 -30 46 -93 37 -25 1 65 7 -83 16 98 -40 -66 80 68 19 -33 11 -25 -26 -81 -30 65 42 -77 -7 -2 -70 -46 30 8 60 99 25 85 21 47 23 37 54 25 57 -87 19 8 21 -36 -60 78 -36 -9 -19 -32 -97 39 -55 5 59 87 27 83 85 -66 64 -13 63 -100 3 -20 -6 50 -78 90 3 -10 -86 -44 -98 50
51 50 -78 -27 -13 -35 -58 33 -37 42 86 92 -20 -79 -48 -81 47 -61 5 -79 72 24 64 94 -17 84 -45 -61 -74 -50 11 75 42 -1 21 2 15 -92 -84 29 -86 32 -58 19 -26 50 -59 -91 19 22 61 -71 -39 -74 -8 -73 -21 -89 93 -30 -45 -92 19 -4 85 56 -7 -18 52 -21 -74 -26 -70 -60 83 -68 4 93 37 -18 39 42 63 -88 66 -39 11 22 -38 43 -85 -66 -64 -84 -53 26 -58 -5 -98 -4
78 79 -40 4 54 -9 -67 25 95 55 -85 57 -90 77 -15 46 -72 -8 20 18 -4 21 -59 86 -30 96 -65 53 99 75 3 -8 -94 -16 83 56 69 82 -6 -54 -96 -77 32 99 -66 -79 78 61 -23 48 -93 -56 -30 -99 -82 53 68 39 31 78 -97 -51 -4 6 6 99 -20 -25 78 38 8 -45 26 43 -90 32 -50 -95 -2 -57 71 -60 70 -71 33 -54 76 62 97 39 -57 72 98 -58 74 -48 0 -84 38 -89
-7 -87 43 -54 81 -55 34 54 44 -30 -62 -40 -91 -62 -17 16 -88 33 45 -60 26 49 65 74 -39 77 -94 -40 -16 -35 52 65 48 -96 85 -93 -74 82 99 -26 -81 32 -63 53 -94 -39 -38 -55 -69 50 -86 79 -95 -7 -84 -86 -57 5 52 19 -26 -83 -26 67 57 -88 65 37 93 64 -21 -58 72 37 85 93 -87 -21 -14 -77 -37 84 16 4 -30 98 7 -75 25 -38 34 -48 -96 50 -44 -68 -56 46 74 76
-4 56 92 51 33 95 62 -50 -7 34 -67 -82 78 -66 -52 61 54 52 -59 -1 -14 -42 19 68 1 -1 4 58 10 62 -71 84 58 83 -30 29 -3 -10 -41 -64 -63 -57 12 63 -84 -76 51 -70 83 -13 96 34 -60 -83 -72 -87 -32 -98 -3 29 -7 -63 71 -11 16 53 87 80 -67 -49 -48 43 1 19 -62 2 -74 -67 -100 77 -50 70 -25 -57 -67 -70 38 -68 -28 54 81 45 38 -19 15 -73 -75 25 68 -8
-60 -69 -13 4 -33 69 -55 74 -52 87 2 -95 96 -21 -23 -61 83 19 -15 -2 -5 -72 -21 74 -15 -45 89 -75 -16 70 -15 -52 -20 -83 66 -43 38 66 32 -85 -17 32 38 23 -66 66 -17 69 -50 -86 -6 33 -17 39 6 15 -54 67 45 -95 95 -25 14 22 3 34 -15 -18 64 61 -100 49 90 66 28 0 -97 18 -58 -19 96 55 -33 76 -61 88 -23 -44 -15 29 -79 -18 -2 -32 -87 -3 -12 -46 -89 4
29 -84 -57 -5 21 23 94 -44 -66 32 27 78 96 8 98 94 -70 -77 -45 25 -33 47 9 30 65 -63 76 59 -99 -1 -54 -80 62 12 12 15 -41 -65 76 60 -57 7 -89 16 -10 -62 -85 19 27 -96 46 78 -43 68 16 73 12 -11 -76 8 -65 -16 -42 70 96 98 -31 -39 -86 -31 -57 45 -21 69 1 8 82 7 95 -99 -74 12 48 12 98 33 -10 -11 -32 49 -45 -93 62 -54 -53 37 28 -78 -62 -33
-42 -81 -34 62 16 86 -73 -76 97 -54 -70 -100 -51 -92 -45 98 54 66 21 -9 -39 55 92 -70 51 -4 52 -42 99 19 71 -10 -44 -22 88 -1 -93 2 56 -32 16 96 87 56 -65 58 -7 47 -84 -90 -5 62 9 -8 -10 -35 87 91 87 8 78 -7 93 94 -65 -96 83 46 88 -71 21 50 -6 -98 -84 -3 62 59 28 35 81 -93 89 79 80 7 -51 -97 0 -64 -74 -53 -61 50 5 -1 8 -84 88 24
59 -99 -100 -74 12 16 -95 48 -71 46 -40 91 61 -97 8 -100 -84 30 2 50 89 98 94 -68 -12 9 26 46 4 -29 77 19 -38 -67 78 -5 -83 -86 68 -44 12 16 -73 76 39 61 -56 -39 63 66 -67 27 -21 -24 -38 6 92 15 68 36 23 -35 -26 53 49 11 -16 -89 7 -3 74 -59 41 -14 -73 -45 -71 66 18 98 -36 -93 -88 -6 94 5 8 -31 50 67 51 12 -59 17 -2 -33 -40 94 36 80
26 -98 28 -31 -29 -49 41 -94 31 35 18 -52 -8 -59 76 -39 91 -7 34 84 72 -45 -20 -65 -15 15 -86 -91 47 -77 59 -56 -19 -78 -75 17 65 -82 -33 0 -68 -57 -64 -95 20 -34 48 20 62 38 15 57 57 -70 77 -35 51 -25 10 -51 60 -39 -22 10 55 -48 43 -15 18 86 -73 -63 8 72 80 -39 -11 -82 -3 47 70 -68 -22 -65 -11 -28 3 -42 -43 90 39 -78 -9 10 16 -96 -57 3 -19 -70
-83 -59 71 49 70 -64 -56 -55 -4 -84 43 -43 50 89 0 54 10 -76 -10 1 -88 77 -44 -85 -81 -24 55 30 -46 46 92 -40 -40 45 -89 -67 70 -6 -27 -46 62 -35 -68 -87 17 -71 -26 76 -5 88 63 -41 -1 47 -47 -52 49 -100 78 38 -35 -67 21 -93 -64 -93 -55 -73 58 -50 9 -46 82 -15 -3 -57 -68 73 -31 37 30 58 17 -74 -45 77 -72 -14 -31 -63 -7 -59 -71 32 73 96 -50 -80 48 -72
51 42 84 82 -66 6 76 -98 5 -49 0 -6 -18 51 -29 -50 -1 -58 98 84 74 -38 72 75 -19 -90 -47 20 44 -93 26 -26 80 -34 59 88 19 -44 74 94 29 73 44 8 -42 -64 29 -75 -2 -45 35 -17 -79 -86 -65 54 -57 3 -33 50 -57 15 72 -6 -58 -27 89 -88 -11 -76 24 -50 -58 -33 61 55 -57 -63 -94 30 -14 37 57 99 -16 -58 -28 -6 47 -34 -83 -50 -11 -14 -91 -63 68 -6 -13 -9
-15 -23 -7 -56 30 -58 -67 67 -93 7 68 24 66 86 -34 1 94 -47 -49 -98 -14 72 51 62 34 -19 53 40 2 11 -15 13 -33 -79 69 -47 -15 -29 79 -25 33 -99 55 69 -28 52 33 29 13 2 -43 -94 -58 -2 -21 42 4 -58 39 -46 -14 -59 -55 98 99 -6 -54 -36 -66 20 -42 37 38 -60 -74 75 4 -44 -39 -63 -38 -91 81 34 99 -18 79 -83 66 -87 -66 94 2 94 27 -41 25 98 -35 65
17 34 -89 -3 52 68 -7 83 -47 34 24 -13 79 -85 41 61 -50 -12 56 -52 27 90 -75 -77 -72 -31 -27 59 98 -97 -34 -63 -32 63 75 -50 -90 98 -9 14 -87 61 -98 56 -83 31 62 30 -22 -5 4 55 -81 92 67 -17 17 78 -12 28 67 -68 -2 -29 52 -68 84 20 -5 79 -100 -44 -46 -81 94 54 42 -83 -52 -90 93 -18 30 -18 -9 22 9 84 -66 90 92 57 76 -37 73 -89 -67 -37 63 -63
-22 69 84 -25 85 -47 54 25 81 37 -17 -51 43 45 -76 -59 47 59 -43 -50 99 -86 33 23 20 55 -70 12 78 -60 72 25 46 -36 -80 11 37 -9 -44 82 33 -56 -50 -6 -81 17 -95 8 -66 -63 70 49 -57 9 57 94 -81 48 42 2 46 86 61 86 2 2 87 -49 43 -3 -29 12 -73 -84 17 99 85 -82 -33 -37 33 87 -95 -69 46 23 -15 -11 72 9 60 2 71 30 81 -65 63 31 -98 -82
-67 23 14 42 -12 -11 14 -70 90 54 -40 -62 51 49 -55 -28 -12 -43 1 77 -49 28 -12 -41 3 -50 -62 85 -100 67 -26 -14 -88 54 -47 -68 89 -46 -16 75 26 64 -52 56 -58 97 -27 78 -72 88 -36 -50 24 69 -95 -7 -14 88 0 65 43 87 81 -79 -24 78 96 -32 99 -17 -1 30 0 -22 37 -23 -18 5 77 -78 69 -60 99 81 95 14 -89 92 20 17 -44 52 -50 -71 -13 89 39 24 60 69
-47 -44 -6 -35 68 -15 -8 60 24 -33 -84 -90 9 98 63 28 -56 71 23 -39 9 -20 83 -84 90 -30 41 11 20 -15 -83 86 62 -52 -18 3 -6 37 -60 -77 -45 -79 39 90 -57 -85 30 -76 7 -65 -8 -15 -65 -59 -31 -10 -60 61 -80 63 -86 -48 -96 -59 -25 -34 45 -34 71 97 83 12 68 -68 81 -33 -10 66 -39 -41 66 -3 10 -100 41 95 86 -66 -55 -92 -49 53 -63 -29 -76 -58 24 -91 87 -31
-29 -11 44 40 -32 -80 -6 75 86 -98 93 -93 -39 10 11 26 59 61 -46 5 14 15 -95 -44 2 -54 -44 0 -46 14 70 4 -66 42 -17 51 48 -1 73 -57 -23 85 -31 60 -93 18 -89 8 -74 -68 -74 25 -77 90 22 -63 -11 -20 54 -23 -12 -87 53 -83 -2 -52 -88 7 26 -48 63 -28 84 98 -4 25 41 -74 36 -43 0 -56 -46 85 -56 -18 15 11 81 -23 97 94 53 91 -43 -7 -100 -90 63 -99
-1 -80 -42 -94 45 -3 -60 -48 13 60 35 -82 32 -78 -26 82 -18 10 77 -27 -99 7 19 70 93 56 -70 -59 82 -43 61 95 97 30 46 -86 43 15 21 -36 -38 -77 87 -76 82 20 -84 -30 -8 13 -87 -57 -32 46 59 -81 31 25 -41 -56 -10 -66 60 -3 47 -42 -15 43 29 -55 92 -14 -66 63 29 82 92 50 -38 74 -15 -86 72 -93 15 90 -63 -8 83 -5 -78 -39 36 28 9 99 -32 86 39 25
53 98 -14 -47 38 32 29 -94 93 31 28 -24 -4 91 -42 -27 -45 -78 48 34 21 95 -15 -17 -51 18 93 48 54 47 21 52 -36 37 -20 37 89 -49 -86 6 7 -90 -29 41 56 44 -60 -58 -26 -4 -82 85 -100 18 94 -63 -10 18 -98 -24 17 -11 -49 99 -20 87 95 -6 -5 53 -87 -41 81 55 -99 36 48 -67 -99 93 13 -57 6 93 29 -81 92 97 -18 -100 96 1 -31 -58 22 -71 -64 -52 6 38
-32 -14 -61 80 5 -66 80 -13 86 -95 -34 -62 42 -23 45 81 12 -85 -27 -42 66 -34 92 -80 38 -92 75 -15 91 -40 -52 61 48 -24 24 -74 -10 -64 93 51 -52 -19 -24 28 6 -80 -60 9 -7 28 70 -42 -43 81 -39 -30 -49 -9 -84 29 -77 -14 -47 -34 -75 88 -65 -17 81 46 30 -6 15 -85 -100 -54 -54 65 12 -100 63 40 82 -63 58 -15 25 -26 27 79 30 -96 -28 -26 14 -84 -49 -37 68 62
-97 -95 94 39 22 40 11 -47 -65 96 87 -76 28 -87 -89 -91 63 -41 -62 99 48 -30 58 29 23 -27 6 -94 77 -72 -10 76 -1 -94 -49 41 -33 91 -56 -40 -61 83 -41 7 -99 19 36 41 -69 -18 16 82 -78 28 -40 -55 51 -11 -26 38 24 -33 33 -3 31 42 -27 -72 -39 -3 -12 -9 -48 79 -91 12 54 -46 55 11 67 -79 72 85 63 4 -11 42 -75 66 67 18 48 60 -21 -37 79 1 82 -38
58 83 -2 -78 63 -62 -71 82 -83 -18 -89 -51 22 89 66 65 -20 -35 21 -26 -60 24 -30 58 -10 -88 -89 55 4 44 -31 48 62 59 28 47 -9 59 -74 -45 90 -64 -21 -29 -64 -39 -8 67 91 20 44 62 -10 -35 -67 79 59 2 -5 14 -32 -87 -68 -28 -52 28 81 40 -69 -34 34 -36 -75 65 32 89 -62 -17 -74 -45 -24 96 18 9 -3 16 -58 80 -90 65 95 -27 1 7 57 -61 9 -54 22 38
40 72 43 -30 -65 59 13 78 -79 39 25 14 57 33 72 -9 -61 30 19 -84 22 -100 -18 44 86 64 22 90 -32 14 -2 -42 89 78 14 27 4 59 -23 -94 -41 59 22 66 68 -72 -87 57 -19 16 -80 71 70 -5 63 -40 20 -3 32 65 -3 19 1 16 37 -43 62 74 -16 65 61 -76 36 -7 93 -10 -42 63 -9 78 -17 -13 87 78 94 21 22 -57 -56 -17 -76 -28 -51 -100 64 86 -41 -65 4 -22
39 -93 59 95 -22 -89 80 62 45 -87 36 16 -41 -64 1 -85 62 -5 26 -7 -62 30 -99 -48 3 -19 99 -84 92 81 -93 -21 54 33 -57 -45 32 -48 83 -43 77 -23 -64 -10 86 -51 1 -41 -20 97 -79 -12 67 -17 -1 -55 -40 44 -84 -29 83 79 44 -99 -93 72 -65 59 2 55 -16 -84 -95 7 -11 -75 -62 -90 60 -54 82 -74 -75 -86 48 85 34 31 90 -63 -80 23 79 -97 14 87 -83 16 -37 36
-53 15 67 58 85 -38 -13 -72 -62 -27 29 -43 -61 -33 -24 -75 -93 24 63 -28 52 -78 -16 -91 86 -22 23 98 -83 -72 37 0 31 -23 91 60 -12 -10 -27 -19 -49 -35 93 55 53 37 81 -21 -15 -48 46 -58 -43 30 -80 69 19 -2 39 71 -6 -91 -62 38 19 -56 -18 69 -73 37 14 25 31 -48 32 68 16 45 -4 -84 -7 76 -69 76 -49 71 -60 -34 70 74 -1 45 61 -33 19 58 -89 54 -61 -54
83 68 -97 -91 -56 -92 94 -100 -1 -95 -4 65 73 -64 83 -63 -69 -79 85 90 37 -92 32 83 60 -86 90 92 31 -47 -53 -60 -55 22 -3 -2 -56 54 18 60 -70 -32 13 -94 -3 13 56 -74 -14 77 -40 -20 -29 -67 -49 -57 81 32 -60 56 -37 59 28 -62 -35 -28 19 6 29 27 -47 -67 -65 -52 98 85 -86 -36 41 -37 -7 24 78 80 -10 63 71 -56 99 26 71 25 -65 -68 15 -8 13 -15 74 4
-58 -54 -3 -32 -91 -59 -52 -25 -24 86 -44 -47 -45 75 -3 43 40 38 20 21 75 -15 -52 -90 42 69 -75 47 -21 21 50 -56 -1 -57 39 -35 -14 -22 59 48 25 -21 43 20 -2 -92 -55 41 61 52 -1 60 -53 -11 -69 -50 -74 -96 25 -79 29 -73 27 29 -52 0 -25 47 -76 58 80 -6 -87 24 -22 31 -37 87 -99 -91 21 -18 -57 68 7 -59 95 43 -4 -90 -77 -25 66 -64 -29 79 -94 37 -12 -56
65 44 50 -26 23 -62 -64 6 98 19 35 -18 68 -25 -60 97 -67 -17 -88 83 -57 7 33 -53 48 -3 -93 -6 36 82 -36 50 25 -34 30 81 34 80 -6 -68 5 -43 -46 -8 -95 44 -36 -17 -88 24 -100 -16 -36 -70 46 89 -87 -55 14 -23 -91 -19 15 59 -11 -81 81 -92 43 36 19 -17 -58 -7 7 6 31 28 64 97 65 -24 55 -72 42 -54 -63 -25 84 62 15 -6 15 63 -78 -78 -76 59 5 -87
-10 -95 -33 22 1 -35 -69 -78 16 -22 -70 -89 -93 58 -52 33 19 -44 -14 96 -13 0 -20 54 14 -52 98 -45 -98 -3 -58 -60 -94 86 70 -77 20 67 29 -31 -91 91 -49 -28 86 -11 -98 -28 4 -89 84 -46 -69 42 -49 -27 -6 -53 72 21 -66 -66 -31 88 -55 89 7 30 24 -88 73 -42 92 36 -89 -92 -89 88 -31 18 6 -24 -44 75 -50 -20 50 54 -64 -38 -76 6 4 -78 45 -66 -65 -30 -1 -77
62 13 -34 55 -72 1 90 -76 -69 -35 -94 -86 98 31 32 55 74 -87 15 66 -59 37 32 37 -32 -81 51 13 76 -36 -88 -61 -61 54 -97 -78 92 -45 70 4 38 87 68 -91 -82 29 0 -5 -1 -87 -73 -56 36 90 72 -4 -43 76 96 -9 -38 94 1 68 -28 -75 48 87 -98 -14 28 -7 63 28 21 -73 -19 -100 92 8 59 27 -83 -60 -80 -56 -16 5 -35 -80 -16 84 5 -28 3 7 -13 -94 -31 42
-46 63 -76 77 4 84 -18 -58 43 -55 -82 -70 -94 57 -95 7 82 26 -19 74 -12 -52 50 57 -82 10 7 34 53 5 46 12 -1 -87 -99 25 12 70 -12 94 34 82 8 -49 6 49 -27 -38 44 -73 -27 85 -33 -34 -80 21 46 -60 2 -54 67 87 58 62 21 13 25 -7 30 37 -73 55 86 -14 86 75 -30 88 -11 6 -48 37 -63 -83 72 53 86 34 45 -38 -28 -29 -76 54 -95 30 -79 -17 34 -39
-92 40 -64 -72 -9 83 72 -12 -30 -92 -16 -100 57 -78 -70 73 -69 92 -12 99 83 -95 -6 -88 -69 -89 -24 -42 -44 -72 -82 -94 -89 57 -77 56 -13 -15 -21 -21 -98 -30 81 71 -45 -36 66 -82 90 45 -12 -71 83 -54 -12 -22 -45 -53 -92 50 -66 -97 -74 -95 58 -55 -54 60 28 -97 81 56 -100 -34 -19 58 62 89 48 -28 78 61 13 -61 74 20 -39 -11 -10 -77 67 63 -81 -71 69 58 -56 -47 9 -3
-23 -58 29 14 -79 -73 25 55 48 23 86 26 -77 -26 -36 -63 -16 -23 93 91 -30 -82 93 62 2 -87 -12 -29 12 59 89 56 -70 80 21 -72 27 33 1 6 -34 59 79 -38 -43 -17 -86 -21 47 14 29 -34 -67 90 -58 27 48 -39 -55 10 12 -12 57 50 -86 21 -48 79 67 -15 60 -36 71 -63 -4 27 -91 80 11 52 82 -70 -62 -90 -89 33 -32 78 -57 39 -27 -95 -10 -74 -95 39 74 63 -67 -56
36 41 -80 64 15 -71 -77 6 -62 -62 -58 -27 -93 64 -70 -25 -42 20 46 12 13 94 -20 -62 -13 33 -27 68 4 -87 12 35 31 -15 28 44 35 -7 83 99 -89 42 26 -99 29 -72 -41 -24 67 -18 27 90 62 -56 29 -10 73 2 47 55 -60 54 47 -28 -11 -84 -34 45 70 70 93 92 20 94 86 99 25 -22 -99 -69 -7 -38 29 1 62 -10 33 12 -26 77 40 87 -12 48 -68 26 -87 -48 -9 64
-30 -7 34 -50 -11 19 -19 60 52 -91 79 72 67 17 -63 -34 21 71 59 58 57 5 47 -93 7 29 61 -83 52 -93 12 34 42 -17 -83 -56 -88 52 71 75 7 25 -75 -3 -36 -24 2 24 59 5 73 58 -52 71 -71 -16 43 6 80 -26 -88 11 95 3 -67 -14 -92 42 -12 29 -49 -98 -98 -75 84 -75 -8 -75 -65 -74 -45 31 -34 30 -82 43 57 89 -52 50 -92 -13 -58 -1 87 -32 32 -63 39 32
5 -53 -97 62 25 27 -19 40 77 57 -31 -90 -57 -33 16 13 -33 95 68 -27 -38 -10 -4 82 25 -27 22 -64 -52 39 69 -33 19 77 -29 54 -29 85 -3 -87 42 6 -44 -95 94 -55 -43 -81 -99 17 84 -72 51 -81 52 -80 61 -23 40 -89 95 -12 -45 -5 -9 71 34 -73 -72 99 85 -89 -61 7 -74 98 73 96 27 93 27 17 -72 23 21 -77 -43 -19 -53 76 73 -3 18 -82 88 69 -27 9 -40 22
-4 -87 -96 74 -83 -67 18 -83 50 -38 -47 15 92 -28 -64 -34 1 -71 77 -96 -45 -10 94 60 3 -65 -35 52 -4 96 0 58 -42 -52 -64 63 97 -18 -99 -56 -56 18 69 49 55 20 -45 -49 87 83 -63 -17 66 -23 19 31 12 -75 50 19 51 -84 15 -32 60 -90 -20 -27 12 85 61 -41 -79 -94 75 -36 3 -92 63 -18 75 70 69 41 55 -14 -54 -50 -23 80 -78 10 -46 23 41 -15 -96 22 -78 34
-91 30 51 -20 44 86 -72 -54 -15 -35 19 45 89 39 -38 83 -60 48 85 -41 46 -49 32 -92 -8 9 55 86 -92 94 34 53 85 -99 -24 78 -50 79 -49 32 38 55 -27 -61 -27 82 63 85 -38 -99 -37 -10 67 56 -27 -40 25 -68 -19 67 -86 -23 -70 -57 -3 60 92 19 -44 36 69 -65 73 16 -67 -80 63 18 -86 51 55 -39 -20 -52 74 57 3 89 22 -38 10 -80 11 37 -31 -72 -29 -23 8 -95
80 -26 95 43 70 35 -78 46 -12 68 -69 31 64 -56 59 7 74 -17 1 67 18 91 -39 52 1 31 62 61 5 -29 -86 -12 7 1 -25 -61 33 15 -74 28 65 -51 92 -4 24 8 43 69 13 -56 37 81 -30 39 58 -71 47 -13 32 -79 -66 -39 85 80 77 -19 -45 -84 79 -18 -37 84 -67 -21 -35 48 10 47 -79 58 29 29 -26 -32 44 -20 21 67 -77 -23 33 77 73 70 -46 88 -41 72 80 53
52 -24 26 -9 -88 -20 65 97 50 63 -99 -58 -41 -53 -69 37 60 11 3 -78 27 -75 -10 80 97 20 32 72 50 -44 31 37 -47 65 56 62 92 -58 -53 -11 -13 61 56 -23 -23 99 45 -20 -95 -36 73 -21 -35 13 95 -43 -84 73 9 -90 65 47 31 1 -11 49 -50 46 36 47 -61 -57 -45 30 58 -71 -61 73 -68 72 -9 40 65 -3 -46 -37 77 67 -69 46 85 -30 80 -52 -33 -82 -7 62 -83 -77
-100 -21 84 62 33 -71 -43 58 92 -48 -9 18 -26 -45 83 -13 -24 73 -40 40 45 -75 2 64 -77 -79 95 -66 77 -50 -55 -9 -39 58 -27 83 83 -55 -62 -88 4 11 71 65 -94 34 -54 -59 -41 -40 -60 57 30 43 -57 -59 -98 51 -93 41 60 9 -8 -39 -9 82 85 -25 97 -52 81 -81 56 -81 96 -85 -100 66 -79 -41 5 -62 36 48 43 51 1 75 17 -41 -75 -32 -78 68 -18 -96 -98 14 -47 26
-21 50 -58 -94 -99 86 79 17 0 41 -57 -36 -13 -41 -15 53 35 88 38 -42 20 -53 0 29 -44 -72 81 -39 -27 5 30 15 -22 -44 -74 93 88 79 30 -59 -59 -27 30 -91 -65 41 -8 67 18 24 -57 8 83 70 52 -30 -93 -50 6 -26 -48 56 66 -15 -51 -82 -41 33 -99 82 34 16 3 -9 15 1 21 74 97 -74 -77 -99 -18 -54 24 67 66 34 -31 86 -16 15 44 96 2 -30 -9 -96 24 -6
-86 -41 -98 33 49 -12 -58 23 38 18 34 -51 -66 78 -76 -98 69 40 43 -72 62 41 -78 29 99 -89 -18 -90 -100 -57 49 -54 -49 -100 -60 -7 30 -23 -1 15 15 -38 -42 36 -19 63 -10 81 -4 76 -47 23 32 -67 59 46 -16 7 -58 30 -83 23 -1 -48 9 -53 -2 52 -39 -57 12 -12 86 -98 -2 66 -33 92 17 -64 0 -83 32 59 41 -56 -6 -62 -69 91 -70 -9 -83 76 47 -61 -34 -6 -74 -56
-63 71 -52 -90 29 -41 -66 -77 -66 23 91 -50 -13 -56 34 79 98 25 -67 -64 70 36 66 28 -31 93 55 -81 31 -66 -17 -41 -2 14 18 -4 81 -78 -65 51 -26 -80 79 -97 -74 24 90 -63 -12 -8 -6 -81 -50 20 63 81 66 -89 33 -96 -69 -19 82 93 1 -28 46 -63 -69 -56 -47 -86 12 83 74 -58 59 -42 57 26 61 -95 98 48 19 24 -14 -83 -91 10 -2 -53 65 45 83 40 -20 70 92 -42
26 47 57 82 7 -23 -21 6 -31 61 25 -75 49 37 -65 -70 92 34 27 -26 34 57 -16 31 72 14 -81 -2 -68 58 -45 1 -20 11 -3 32 -89 -47 75 -66 -84 -2 -23 0 -81 14 -78 61 -73 47 -31 38 63 50 4 -100 -91 -27 -50 -31 -31 -1 3 -85 -57 -34 86 41 -39 43 -31 30 -59 -53 40 -93 77 -45 70 48 40 77 66 -58 85 -94 -77 44 62 3 40 -12 20 -77 -34 76 53 82 70 34
-82 -84 68 4 -39 -60 18 -81 86 51 -47 -85 -76 68 -17 -7 26 -86 55 81 -89 -59 3 69 -68 14 -88 28 -18 -87 46 0 43 -76 47 -99 93 69 -84 59 -28 2 -63 80 36 35 -16 -72 -34 46 1 17 16 97 -26 -59 -35 -25 87 7 36 52 84 40 -47 10 -68 -72 -83 -44 26 61 69 25 65 97 -33 51 82 8 90 85 30 63 72 -31 -77 8 44 -59 -66 -32 -55 10 -31 65 -48 -85 12 10
32 -89 23 25 -37 19 -43 28 -3 -96 87 -48 88 -26 80 6 -47 92 -15 70 48 52 6 -81 -92 -12 -31 -25 -45 19 71 70 76 -83 41 -45 15 -71 -23 -42 38 -82 44 9 52 10 0 -97 18 -70 -21 -49 -40 39 -59 50 -66 -52 -91 -24 51 64 57 -45 -88 38 71 0 -4 9 -14 49 43 -43 -12 -40 17 22 -58 9 -78 41 54 -52 -12 -32 73 60 -32 -90 -17 44 -24 -93 23 -77 -49 17 90 -58
-26 -30 -59 -67 -84 -70 -22 43 -42 -30 -58 -31 96 72 -15 -66 -8 -49 -80 53 -33 93 -51 -70 -2 -93 19 71 -71 50 -21 -49 -68 12 -1 -4 48 71 52 60 -38 56 5 -91 48 -100 -69 86 -67 -71 34 -66 88 30 70 -47 0 61 23 -36 70 -48 38 15 53 -49 88 -74 -11 -19 -33 -20 -76 -17 -16 -65 -24 29 -87 -92 56 -80 -93 -97 88 -27 5 -74 -16 -53 4 -39 69 92 35 -51 25 28 95 -12
53 -15 42 -49 -7 91 65 78 0 74 -27 22 0 -60 46 51 -81 55 -43 70 68 65 27 -8 91 71 -39 -61 63 -39 67 -45 5 -70 28 -7 -4 58 97 24 -57 -80 38 76 73 35 -30 -34 65 35 -84 28 -25 35 78 -1 31 56 -14 19 -48 81 25 21 -35 88 -42 -82 88 -34 11 -1 -29 -69 -34 -46 -58 -2 -99 1 -93 12 49 64 63 -59 -25 74 11 45 -36 35 84 46 -90 -81 -83 74 10 -15
64 -31 -54 -82 -93 -56 18 62 0 -14 -100 96 73 -91 79 -78 69 -54 72 81 -19 -100 87 -86 -34 18 -41 -48 14 -7 -95 89 -38 50 6 -66 26 -78 7 -43 -5 -68 23 -93 -99 23 44 -87 -29 19 -62 41 73 74 -79 -60 68 -25 39 -87 78 -4 -43 91 -39 -46 -27 86 84 49 83 4 1 18 -85 37 -14 85 -5 92 96 5 59 -24 -55 -9 93 86 92 61 15 -46 82 87 10 -71 -93 -87 -30 -30
-49 -11 -23 11 61 21 38 -48 82 -11 -18 -41 -56 45 12 33 61 66 98 57 -39 -56 -11 13 -83 -13 -10 -40 13 -41 -23 21 92 32 65 -100 -43 -61 -2 59 39 60 -32 47 57 -83 97 57 -34 -48 89 -61 -78 29 85 -44 31 -21 37 97 76 -60 39 40 -26 -13 -6 86 40 74 -18 43 -32 1 -83 81 95 33 -17 62 75 -83 -50 47 79 58 3 89 8 16 -45 -16 -11 56 13 -79 -47 -43 -61 90
89 -36 71 60 -40 -14 68 -86 -90 -46 2 -63 -81 44 79 25 -56 46 -82 -85 77 25 74 96 51 34 84 79 22 83 75 77 69 -95 -36 64 57 87 -82 -57 45 -46 2 73 97 16 -23 -100 76 -11 -62 -41 -70 87 16 87 14 73 -26 60 -80 -65 -23 32 46 -58 -41 53 97 -14 -68 63 18 -42 -57 40 -74 -79 82 24 75 0 58 -40 76 -39 38 -92 -14 -4 7 -69 49 82 93 -64 6 -67 78 46
-48 99 -65 4 33 -70 -88 59 80 92 47 31 24 -57 -19 -70 -98 -53 -2 36 -59 -4 -43 74 74 -33 5 65 -56 -34 -80 -43 77 -61 -51 -89 1 -24 -57 80 0 -93 87 16 41 -14 70 -26 77 -68 59 -5 92 75 76 25 -66 58 -85 -35 76 -74 -50 33 -71 84 -48 -42 -12 95 -88 93 95 -94 -26 66 12 -6 -47 38 59 22 51 -21 99 5 61 89 72 -62 -48 76 32 25 -17 86 -50 68 11 -49
-53 -59 -60 51 -82 -86 -22 59 4 60 68 -22 53 -78 63 91 17 -32 -62 -55 -11 -33 94 81 99 39 -38 -70 96 -2 -22 93 -70 45 63 -64 -35 60 87 -91 -97 67 33 55 -35 14 -87 -54 -54 -55 95 96 57 97 -100 -88 -23 -24 -60 16 -92 6 -99 2 -79 -56 76 -68 56 14 -92 74 47 -58 80 40 63 61 72 78 -8 24 13 -47 54 40 -49 67 60 -77 -30 -63 54 -1 -17 -6 85 51 3 -12
-10 50 3 -61 -84 -37 -45 42 -20 -65 0 62 -74 78 38 -35 69 -67 89 -93 46 -21 -53 -58 15 -26 -7 -15 -42 -58 -96 -50 7 49 58 -95 36 75 -70 94 -81 -10 -13 -18 -72 -74 33 8 -62 -36 52 -15 26 13 -99 -25 -40 -67 29 -71 90 -65 16 -28 -5 15 -19 -14 -100 -97 74 -84 -1 -60 26 43 -83 -20 -55 -24 -12 47 -32 -47 52 -26 82 -65 -87 -17 -91 -89 53 -2 99 -97 -82 -49 94 -23
-44 -97 -19 69 51 -30 26 -82 66 72 57 -43 -87 27 -40 22 20 -77 86 -48 -18 72 -93 -38 -35 -8 49 5 -12 -32 10 -21 40 -79 -44 -4 9 -99 -80 34 3 13 99 18 45 3 -52 36 -69 23 79 -74 74 -24 -31 47 7 -88 30 24 -26 51 44 -9 -94 -40 -43 -97 45 44 91 -75 -69 -55 -11 72 6 -2 68 -24 42 88 92 -87 -66 24 15 -48 -5 95 -62 -87 64 2 81 12 -79 87 8 1
-26 63 20 98 -80 58 96 -37 -65 -40 7 72 -8 19 72 -3 -91 -48 48 -100 29 -26 83 -23 92 -89 -82 -43 -34 -56 46 94 -78 -23 -84 18 29 15 48 49 55 -38 15 -87 -39 64 -11 -49 85 0 -52 -7 62 -82 83 -68 28 -88 -37 -72 24 11 -55 -82 -94 -78 61 -66 -36 57 -23 -71 11 -8 39 -42 96 -82 -25 -16 32 79 72 -19 59 -46 -83 44 77 4 31 38 -99 -15 12 -90 49 36 -74 49
41 47 49 62 -9 -8 19 -12 39 -2 -51 55 -59 3 -61 -9 83 16 -43 26 -57 -78 56 -58 81 -27 -38 54 -37 42 -50 13 -68 19 47 -2 -67 53 70 -40 -63 -41 38 -28 -36 -21 -88 -19 95 -70 34 11 78 17 -60 71 -65 34 -98 8 88 37 -94 -67 78 38 41 60 -50 -31 -70 -76 -27 57 -39 40 43 -65 78 8 92 -100 -100 34 82 -99 78 -37 16 -49 -84 -18 -41 58 54 99 88 54 99 38
-49 -10 89 -100 -29 -3 -51 35 88 -61 -93 -99 -21 5 -45 -9 68 43 -23 32 87 58 -24 14 -34 -52 65 -31 10 96 -9 -13 33 9 -20 -64 88 -21 -6 -14 -38 85 -55 -20 -33 -57 43 -88 31 95 -89 22 -1 23 8 51 34 52 -24 -5 43 93 -10 68 -60 58 54 -79 -44 -91 99 46 43 -66 -6 -19 24 18 14 7 -52 76 -17 40 -71 -100 70 -63 13 -31 -90 -46 35 -53 59 0 11 -91 63 65
-17 -58 -76 87 58 -81 -86 -91 -67 64 -49 -34 -5 -5 61 -54 71 -70 -54 -8 35 67 -9 0 -15 -4 -60 12 24 14 -81 -75 -49 81 68 -97 81 -12 -51 26 99 28 -99 21 58 84 75 -5 -36 -98 3 -39 89 -77 94 9 -44 -11 37 17 -39 90 -62 4 56 80 47 70 90 -60 57 -96 59 28 -89 -38 70 6 60 63 -54 -72 -41 24 92 -71 79 26 71 -84 93 36 -76 24 -35 -37 -96 -28 -71 -13
-33 17 57 59 -15 -80 -73 66 -34 -52 -72 43 4 -67 -91 -35 -49 88 79 96 88 49 31 -80 30 47 -16 24 -36 -51 11 92 44 -39 -79 -37 -85 -30 -95 -50 -27 -29 3 80 -52 -12 33 55 -25 75 72 -51 -94 63 34 -87 64 -78 -80 -40 84 -9 -89 -5 -55 -42 66 56 50 10 -69 -45 47 -83 89 50 89 30 -58 -49 -65 -51 -42 53 -73 57 -12 -18 -76 9 84 3 45 63 67 94 27 27 74 72
70 -41 12 95 -60 58 -38 20 -49 -46 49 20 87 -1 -5 67 56 -69 -56 91 -90 92 67 66 -17 71 12 95 72 -60 92 46 -75 -21 60 31 -12 47 11 53 -9 46 47 -47 -61 -97 64 -77 -55 -40 32 -72 38 -98 -62 -29 9 36 79 -96 -69 -5 24 10 53 52 -57 43 34 99 -36 63 84 6 -42 -96 50 -77 62 -3 -10 89 13 -5 82 92 -23 -88 97 -76 -86 45 -67 -5 -22 -92 -97 52 67 -39
18 41 47 -90 -25 -76 -39 85 71 75 45 -20 35 -84 82 66 -22 -51 -89 -89 0 -31 21 95 -1 59 -34 79 -56 -96 -51 -26 -26 62 6 89 60 7 94 59 74 -10 88 -20 -89 76 35 -91 98 -82 -61 7 97 -71 83 -39 -45 46 22 -76 32 65 40 -24 -15 35 28 -40 64 -75 94 27 -21 4 -53 -95 -74 -97 -24 76 62 -94 -91 84 9 80 -42 -24 -58 90 -85 34 42 -66 99 -73 -73 -6 -44 72
-25 -67 -66 -79 46 92 -33 -22 -48 -60 48 75 52 35 -58 -67 -27 55 8 -99 -8 99 -38 3 -19 54 31 -98 -24 93 -94 88 -60 14 -72 25 12 78 20 -99 -83 96 -5 -30 11 44 37 -35 81 51 33 -16 24 -66 74 4 -92 -38 53 -78 -86 -12 80 59 -43 5 58 -8 -35 82 -26 43 -59 -43 -90 82 81 -24 -52 1 -91 -42 -72 -81 61 -42 30 54 61 34 58 -38 27 24 -94 -8 20 -8 -26 -38
9 48 -26 64 30 -3 23 -70 -25 83 -76 -24 57 86 -83 98 -71 -67 14 0 -35 40 -37 -33 -53 -91 -42 4 33 -59 43 -68 12 -44 17 -79 36 -52 -23 -94 73 98 -91 96 13 10 74 91 88 59 -71 -65 64 61 40 -46 -99 83 36 -67 -96 -53 -64 21 58 73 43 1 0 -7 40 -2 47 -3 -49 90 -32 15 -25 54 -39 1 66 59 -55 -36 -68 -64 -77 27 12 60 69 -74 29 -34 52 -9 -21 45
61 -77 71 -72 51 -53 -2 53 5 9 -36 96 -82 25 -91 -3 -14 -38 99 92 -48 -44 -50 -85 9 72 -80 -48 -76 85 39 4 22 -30 61 78 13 14 -21 78 61 30 91 62 -88 -59 20 67 26 -80 29 -66 71 -14 34 -53 -42 19 -24 84 -6 80 -77 2 -67 -94 -89 -100 11 -92 67 34 -8 -92 -54 -27 39 21 -94 99 -30 -23 -17 74 91 72 80 74 -10 -25 -43 -39 56 -1 84 73 -53 74 -43 -28
30 92 -78 56 39 50 67 11 -96 -12 35 -9 39 -57 35 31 -3 -86 88 -41 -49 -96 6 -83 -49 61 -91 -83 -88 -43 -8 67 -62 96 16 -86 16 -77 -21 31 62 86 73 85 -62 70 -25 56 -70 79 -41 97 85 95 6 -3 -82 -78 38 -32 37 25 -57 -88 63 -9 -60 -50 56 70 -56 -16 -38 -63 -55 -21 47 67 64 -22 49 -91 88 -4 -12 -90 -71 59 -48 -50 81 34 -37 92 67 -92 83 38 11 -13
-38 13 -63 -1 58 70 -56 -21 41 -95 45 5 -92 88 -24 81 97 15 -78 -18 31 34 73 41 -69 58 45 -77 58 62 -54 -8 -1 62 34 33 85 -38 -30 -98 0 43 -35 36 -32 27 50 66 5 -21 1 -23 -13 -94 -96 -69 94 44 36 -82 -17 -37 -43 -56 31 96 -72 36 18 -39 -49 -18 96 -59 98 20 -87 25 23 -53 -16 44 -31 45 -10 35 -66 -55 52 3 95 -49 96 -42 11 33 5 -20 -90 -15
-40 -77 68 58 48 -98 9 -41 61 -94 -91 -4 53 -100 66 43 52 98 -5 -58 -74 -57 -66 81 -2 72 4 37 64 48 77 -85 -26 -49 81 -7 49 -43 52 39 27 -25 82 81 88 65 -70 3 -4 80 9 -23 -5 77 83 -16 -62 87 39 -87 88 73 35 -94 92 -67 -52 3 -77 43 88 12 84 15 92 -45 88 15 51 -55 34 27 93 -91 -86 -54 -97 43 78 23 31 -9 -44 -9 -10 -48 62 -56 -63 88
-34 73 20 -64 80 63 -78 -78 50 -37 26 97 -93 85 56 -31 21 13 73 14 82 44 4 89 -9 2 39 -13 70 -96 7 -4 39 90 33 27 18 -75 -53 -78 -77 74 -87 -1 20 -39 59 35 59 32 49 -28 1 98 -94 -90 40 80 24 -62 38 70 49 13 42 -82 42 -48 22 50 17 57 68 15 -42 6 -15 2 -4 13 8 55 -92 -1 -35 25 -89 -4 -55 -67 18 -17 7 94 87 -54 49 -87 39 -44
-29 16 3 -66 16 -61 -78 13 -55 -57 14 28 -8 -12 -41 73 -67 84 37 67 -78 -38 -40 75 -33 -70 53 -27 -52 -88 -94 33 5 42 65 -85 -69 -56 -51 -58 -29 4 -23 -61 99 -69 -61 33 20 93 88 -32 -6 -87 92 -68 76 76 48 -78 -2 -99 -48 2 -70 -47 -70 -40 0 98 -72 -39 42 -40 -5 -100 -1 58 44 38 -53 8 30 -88 31 88 -97 9 -67 -4 -62 -42 28 68 -52 48 -78 -100 36 -72
-57 -77 66 20 -77 22 -35 -33 49 -4 41 86 -40 -44 -73 17 -59 -48 7 8 -60 -20 -77 99 80 -27 61 53 22 -31 -92 -46 93 41 -1 -75 93 83 -62 -35 40 -100 79 -87 74 4 -14 21 18 -19 5 -35 -80 2 59 73 6 46 -53 -76 57 22 -30 -13 -67 -79 92 -62 94 -96 -89 -95 -59 -99 -54 -71 31 97 -78 13 88 -5 34 -96 30 -1 -21 18 -21 -83 -43 -50 96 7 -43 74 -12 -25 63 -8
-37 0 -17 -3 56 36 -21 -37 33 -84 60 81 52 -42 26 51 -98 -9 -86 43 -12 90 -7 20 -35 -60 60 91 -63 89 11 61 -33 90 -18 73 -85 74 45 18 -70 47 5 -96 73 -35 -67 14 -98 68 -1 -65 -78 2 96 -54 31 -21 6 -27 -64 35 -30 94 -65 61 -47 -55 -94 -83 11 68 75 -40 44 -23 38 -22 -62 86 -68 -40 -30 80 59 -29 -90 -59 86 -97 99 33 -66 -27 -71 50 29 -27 -1 27
62 23 -83 24 82 71 46 21 -74 76 -28 5 -67 -90 6 -85 -29 -94 -96 -47 -49 -14 5 78 -38 65 -72 -70 -18 70 -38 -6 -32 -2 82 97 -14 24 -89 -57 4 63 -15 70 -33 -8 -39 -53 -13 61 -88 68 86 76 -5 72 66 -94 28 91 -60 35 14 -61 62 -52 -4 81 -34 93 2 -30 -61 -21 -36 91 79 -10 65 -47 9 43 -7 -6 -1 79 -55 65 -83 -40 82 -98 63 -3 -86 10 -73 8 -50 81
27 88 -59 51 -7 87 88 -94 -36 -31 -82 -64 74 -14 21 12 39 92 52 77 -59 -84 -65 -33 -73 17 90 85 -49 33 38 45 99 50 97 -84 -6 -25 -81 32 5 -13 -47 36 -51 20 -71 -9 22 13 29 -35 -87 72 12 -9 19 -27 73 45 -14 -3 26 -72 5 -26 72 5 9 -30 -30 37 68 -88 -76 -87 93 53 85 85 23 38 20 -57 -88 -1 51 33 41 45 36 -14 -22 -87 16 71 39 72 20 99
-65 37 70 38 -47 -81 -66 63 29 39 -15 -17 14 -23 -4 -90 58 -36 -66 -36 -26 82 -33 18 -65 -91 51 -41 -82 -13 35 -87 52 -46 77 79 -98 11 -44 85 2 48 -42 -44 11 2 39 34 -59 54 26 -84 94 -36 -55 18 90 96 85 -48 -3 2 21 58 -15 72 16 -45 37 -23 -29 64 29 -16 50 64 98 22 -93 -14 79 85 -39 91 -51 -45 -94 15 -46 -27 -66 -59 83 -61 24 -73 39 16 71 20
67 43 97 37 -9 -64 89 -79 48 -39 85 42 66 -45 13 22 30 90 -9 68 61 77 69 -98 -25 -76 79 -43 -79 -20 32 -7 25 20 53 -48 57 67 -92 -11 -54 -75 -2 -70 86 -59 1 -28 -86 -76 81 17 98 10 51 -47 -35 -98 -43 -76 -63 -59 -79 56 -11 -63 -57 71 -49 78 52 22 -33 7 -83 43 -47 -52 20 -75 50 -99 22 -42 -9 84 70 32 59 65 -79 87 78 -57 50 -62 -16 -75 6 26
