-16 -13 -95 96 -13 -29 -71 77 -31 -7 49 -82 -16 68 -54 -9 83 -6 -73 -98 99 64 79 49 -3 76 38 -51 -24 -79 44 -25 60 -83 25 -97 -26 18 -20 68 -86 70 -26 -60 -16 -80 8 -46 52 -18 -27 -71 -27 58 -66 -56 53 -28 47 23 72 80 -86 11 -97 71 8 21 -5 -33 43 -32 -69 90 32 -8 11 96 -48 -77 -52 -17 27 -73 73 -80 -64 -96 65 -41 72 65 20 -33 -31 99 -4 82 42 -94
-22 56 89 43 91 -8 -62 88 3 74 10 53 85 88 -11 -72 16 83 -57 49 55 0 -7 71 -67 59 42 0 -41 39 29 76 72 -43 19 12 -86 -92 38 -31 -62 -15 -45 -74 91 -18 28 0 -77 7 -66 28 -60 29 4 53 -5 12 -17 19 -32 36 54 -65 79 54 64 51 -49 77 -32 64 47 -41 -56 -50 -100 -6 -97 -46 56 -58 51 13 51 -76 33 51 -94 -26 76 79 74 39 -46 -36 -72 54 12 15
-93 82 -85 39 68 -54 -67 -77 -89 -57 -79 4 -59 90 98 59 47 54 51 -17 98 -48 18 62 79 -40 -13 -86 -42 54 93 35 -70 12 52 -93 -65 -2 -37 69 -96 -94 -31 32 -42 -36 20 -23 -90 -97 96 17 44 -72 74 -22 3 12 77 -47 30 -69 -25 29 -8 89 -70 -94 37 71 -28 -66 37 6 -7 -11 6 -48 -64 7 -65 19 -15 -47 -33 4 -50 0 -78 19 -50 42 -91 91 40 14 82 37 -77 -84
-73 -60 -47 -72 -19 98 -88 74 51 50 -79 18 94 2 -48 -35 -33 -67 -20 58 23 76 -63 49 -60 72 59 -77 -41 -88 80 -36 -22 82 -92 -87 30 -88 47 85 -82 21 29 -55 36 89 64 21 -60 8 49 34 7 -61 93 48 -28 -55 -58 39 74 -74 -85 54 -55 -13 47 -30 -31 -25 4 15 78 -66 -4 32 -66 33 8 44 -30 7 9 -31 65 -11 -60 -81 -95 58 -15 7 -12 98 78 17 50 -76 62 78
-82 -58 -63 -66 -41 51 83 -86 -64 -1 -89 -80 -75 -87 76 46 -93 -67 99 -82 -50 -52 -83 -80 -35 -34 75 -73 -20 85 -84 -24 10 97 13 99 -25 47 55 73 26 -91 -42 71 -63 -43 86 -21 83 -68 17 -69 -79 -34 21 -40 -87 -41 -6 84 11 83 -57 9 -33 73 17 -68 -66 -21 54 73 -87 -43 -10 -59 -82 11 17 17 27 -77 15 -66 68 -69 25 -82 58 84 -87 -44 0 -53 61 -39 -88 -62 -61 -65
-1 15 22 -53 48 45 50 -42 -76 -30 80 -79 -94 82 -26 76 -1 -9 -36 -72 -82 -92 -50 0 55 7 -30 7 32 30 34 -79 -94 38 67 49 71 13 -6 -73 67 -69 -31 26 -70 96 48 -82 95 31 68 22 -2 9 -18 43 -65 23 15 -28 53 -79 -41 -63 -100 56 -14 47 72 -46 -73 -10 -45 90 -74 76 -70 -25 52 75 88 98 -86 -9 -60 90 69 39 58 -52 -65 -58 -3 86 -59 97 -54 -9 51 -92
-66 -21 89 63 8 -17 -99 5 6 -65 34 29 63 -55 79 -66 -51 -98 16 -79 -6 16 50 76 -35 -27 -50 -23 74 56 74 -8 -31 58 -3 43 -5 5 22 -4 76 -31 26 92 93 25 -81 -9 78 -58 -23 -62 73 -96 -24 55 41 26 90 -9 5 43 -32 -35 -98 8 -37 -92 93 -85 -48 11 -98 18 -53 36 80 -61 -27 -73 -93 -49 18 5 83 37 -91 -43 -87 -67 -92 94 -56 -96 -13 -84 36 8 39 19
58 -24 -58 -17 19 70 96 -6 -81 44 31 76 65 -84 -92 -49 8 11 37 -79 -66 54 -42 12 -74 33 16 -17 97 72 -29 -67 65 -56 22 59 -29 22 -72 36 93 -22 64 -52 63 -86 -9 83 -77 28 63 -13 71 -1 36 -40 93 -67 41 -19 69 68 12 -89 -12 -2 69 24 -38 -12 26 96 -8 86 25 -14 56 0 4 51 -12 9 -93 66 -46 -55 -33 55 -6 -30 66 -77 -89 -38 38 89 13 49 62 -20
-9 -56 -65 23 -40 65 31 44 85 -88 -37 10 -13 -64 -88 49 36 -93 32 51 -13 -48 -48 -1 -52 48 55 -15 -13 -12 -55 -90 -76 73 99 97 42 62 27 -23 -93 -3 50 -58 54 -63 27 -10 -30 -37 -96 -93 -79 18 -81 -64 95 0 -100 10 9 48 -61 -13 62 -97 34 -44 -27 45 28 -65 97 -19 -77 -74 -16 33 -72 30 3 78 -78 -26 -85 41 53 30 14 23 6 -38 41 -80 72 33 22 49 96 71
-82 -26 -39 20 60 -61 -40 35 -11 11 40 -32 -37 -48 27 36 54 76 -41 -77 76 -3 -95 -76 13 16 -23 57 -43 -50 -71 27 -94 -95 42 -24 7 25 -12 -61 48 56 -37 -83 -92 -25 41 54 98 81 -64 31 -80 75 61 11 38 -15 -15 -24 25 19 -26 -88 16 -27 -22 -71 -25 -100 12 -41 -13 -80 85 51 -96 -35 43 -5 -76 -10 -61 14 20 37 -80 55 -94 59 74 57 79 87 74 56 70 -15 7 -48
62 52 -37 -64 72 -83 -44 48 -62 -89 -28 -81 -34 -27 -46 73 -24 99 -14 34 -8 -5 21 -33 54 -37 0 -86 -74 -99 -32 -18 -89 75 -45 19 43 84 -13 88 -10 18 64 43 -38 49 -82 -48 -50 -66 -92 24 -61 -39 -34 89 -96 -45 53 16 -38 87 -50 20 -22 75 75 86 -61 46 -84 -89 31 97 77 -26 -53 38 70 45 58 9 85 -88 66 76 -43 -16 -72 86 -94 -20 37 65 -46 4 57 58 50 -78
56 21 -70 39 86 -15 -97 -91 -52 0 -33 -71 52 74 28 25 94 8 -85 23 43 9 -53 -92 -38 -4 25 39 57 56 -48 -7 -78 -39 33 -78 89 51 -11 82 -63 42 32 -28 -100 44 -56 -56 -87 26 19 -15 94 65 -18 -60 1 86 -63 -75 36 -31 -15 -90 45 -57 27 8 -36 -40 78 9 33 -90 -43 -62 76 64 -27 96 22 43 96 -3 17 29 80 36 -33 17 -95 87 69 51 -84 -28 76 56 30 -92
99 44 -17 -62 35 19 47 -33 72 -69 87 -73 86 85 -21 -37 -35 12 -4 -86 -37 72 1 -15 -91 64 11 -65 65 95 23 45 80 61 -72 42 94 -96 76 44 96 -73 68 -38 -63 66 -45 -46 11 86 -71 13 -46 31 -18 13 -56 69 -12 -46 -37 57 93 91 37 -99 -44 -91 10 -67 -75 35 -25 -99 -87 9 -8 -18 -48 -32 -61 -48 5 53 39 75 -1 -19 42 70 24 53 84 37 48 0 27 -39 -8 -87
-23 4 68 -75 -41 -4 40 -91 -40 -89 -61 -73 62 66 4 -21 34 33 -13 19 51 40 -46 18 51 74 -62 57 5 54 49 -55 -82 -1 89 64 -14 77 68 78 -12 28 18 -93 -61 25 -15 -15 -81 -54 35 66 -28 -68 92 -95 -92 60 48 -86 -17 55 84 87 -73 8 80 -84 -54 21 32 -100 -46 -11 -84 -89 30 -21 99 91 -87 81 25 -39 22 -74 -62 9 4 93 -80 89 -3 54 76 -90 88 10 -78 -78
50 65 -19 61 74 -72 -51 42 -22 -44 22 97 93 -71 -78 -4 57 52 29 23 -30 95 97 34 -82 -3 98 -67 -94 -54 36 87 57 -44 -55 -46 -14 34 43 -24 75 42 34 -57 44 -37 -39 -75 -79 -63 76 0 -48 14 -56 56 31 13 -21 56 23 30 -84 18 -38 88 99 -29 -29 6 -60 -90 -56 -87 30 45 -65 -39 58 -17 -55 -77 -59 -85 20 -13 11 20 -81 49 70 -76 -37 -54 89 98 41 -48 34 -99
57 -59 -27 64 -46 31 -79 -100 35 -62 13 -38 91 -31 7 57 64 -21 64 29 -69 -51 6 -31 -16 68 -14 -77 -59 82 -83 -48 52 38 -85 -22 -26 68 25 -84 -5 62 -85 94 -78 -33 -17 95 -98 -97 92 -17 -20 -52 95 23 0 53 21 99 -66 44 24 17 46 8 -57 -67 -32 68 -89 52 -65 30 -93 -100 52 67 -35 5 -85 61 56 -36 47 87 -69 77 75 71 -4 58 67 19 -95 -74 31 -63 66 65
97 43 -82 -99 50 98 -22 -63 90 -67 -95 -61 -61 70 39 -84 -8 -76 30 99 -23 94 -42 51 3 80 45 -18 -35 59 48 57 -75 -20 -32 32 -13 -21 65 -34 -96 48 -38 64 -5 94 -90 30 -87 83 -97 50 33 7 -12 50 -60 -5 88 -86 45 69 49 -42 6 -50 23 79 -86 58 -45 -94 -68 -90 -21 41 35 -60 54 69 83 91 -52 -38 46 13 -21 -42 -69 -83 14 23 -15 83 90 98 -66 -93 -49 -53
-59 -64 -56 70 -86 -22 -95 -30 66 8 -41 98 -72 -43 52 37 -64 66 28 -88 13 85 69 75 -100 -59 -29 87 21 93 90 -87 47 -43 -97 37 -92 75 97 -76 4 -46 -52 44 -70 -94 -6 -8 -41 -9 -40 -5 -30 54 -46 -59 90 24 45 96 33 -48 -82 87 91 54 -95 -35 38 20 -84 -83 -100 -60 -68 49 58 -61 -64 99 -99 -6 -88 84 -31 24 -28 1 89 -46 -100 68 -61 -24 -31 -77 41 -62 32 49
58 -63 -3 -74 -57 19 46 70 -93 20 17 -67 -27 -20 -16 -46 -19 30 11 -64 41 54 94 -50 34 20 49 -85 -80 -87 -15 39 -99 -51 -41 59 54 -56 93 -27 -31 72 98 -44 -25 28 -91 31 -46 -30 -96 49 27 -52 -28 67 -48 94 -58 -16 -26 -76 2 93 -57 -6 32 -98 -46 -25 21 50 98 -72 -25 71 32 -69 -98 -44 -32 -35 -53 28 50 -12 80 39 24 32 -56 97 -46 -68 29 -32 -55 9 -90 -62
93 71 54 95 -28 -47 -18 -39 -15 12 74 52 87 -90 95 -48 -62 86 -7 56 -49 -27 -88 46 -10 -3 -100 89 35 -91 63 -20 27 87 -55 -47 97 20 42 -86 45 41 -56 -37 -65 32 -56 99 74 -19 65 50 -72 76 59 -47 20 47 83 48 53 -18 -81 49 7 50 -43 88 -49 37 -6 -84 53 40 -69 -21 -89 60 -21 91 68 -36 6 -82 -11 63 -9 -96 6 -20 -58 85 -31 -7 -32 -62 -48 -1 69 -86
-64 -61 2 53 40 -51 0 11 -37 -67 -16 62 37 -57 20 -51 39 14 -36 93 -87 16 -74 40 84 18 -21 55 -62 17 -27 12 -12 95 61 68 -49 -53 7 -49 73 73 -89 1 20 30 84 59 -63 38 5 -44 1 -6 49 -49 -72 15 -45 -1 -55 75 -49 73 35 -89 -36 47 53 67 -45 45 45 -35 -7 24 -60 41 -73 -10 -77 81 -59 -61 72 60 15 -25 27 -65 40 77 -77 -68 -45 59 -11 37 46 -39
79 -40 -72 -50 64 13 -10 97 -33 99 -77 33 47 18 -36 -83 24 70 84 21 -77 -35 15 36 -48 47 85 15 -15 52 88 58 -13 -92 -35 -14 -75 -31 32 90 -5 -34 49 54 -16 9 85 -71 -28 -32 -11 -74 -40 -18 -89 -90 -87 21 49 5 -16 63 -88 -40 90 -41 -24 69 96 13 78 38 15 -18 68 21 52 -34 67 20 -26 0 37 -51 -90 45 -87 13 -2 -74 47 19 9 25 -72 71 -75 -50 -81 68
-97 3 0 22 92 66 26 28 -53 98 41 -25 66 -85 -74 45 -35 -5 53 -13 -22 60 92 10 82 -21 -68 1 59 93 -59 -1 -35 -79 85 47 -47 -8 -42 87 25 -76 -95 38 75 6 35 -33 27 51 -75 -48 -68 -55 25 56 -4 11 -78 -91 -96 54 40 -49 -8 -97 5 54 79 -61 -39 -86 82 -91 -88 69 51 -78 -64 42 -90 -93 9 12 -58 23 22 94 -94 -93 60 37 -17 -4 7 -73 39 91 -39 81
60 -20 38 30 52 7 -72 63 37 -18 -100 -27 71 -94 58 -71 -6 -4 87 -14 3 -5 24 -62 78 -12 24 95 -16 30 42 -40 -73 21 89 88 -72 97 46 4 -36 -35 -84 -4 14 19 28 -74 54 -99 28 96 -76 -45 44 -5 66 30 46 45 -38 38 -22 82 -86 -92 -27 48 -30 64 -44 34 72 -9 52 19 68 7 -61 -3 30 36 -82 33 -10 -69 98 66 -83 -30 -24 -76 46 84 -29 94 90 -94 -95 57
-15 -56 13 -4 70 -3 -33 61 72 -59 -94 -89 39 -18 37 -92 -71 38 -66 16 -45 0 38 83 32 79 79 -99 -85 -97 43 -55 -67 -17 -32 9 -13 -82 28 39 -75 81 -38 56 -50 80 -21 -32 -23 -79 -59 80 -43 -75 -8 -30 75 -15 53 -5 78 -34 -68 -97 -78 -100 -92 70 52 55 9 -69 9 -3 43 -62 -76 -99 58 91 83 -35 -20 -62 -61 -18 -30 3 64 97 56 -1 -83 87 35 83 28 74 -97 55
43 16 -19 98 -32 94 -13 69 -93 10 24 -96 57 83 35 70 36 -71 7 -85 68 -86 -53 71 7 -76 -93 -77 -45 66 55 -33 -93 24 -84 -91 -17 63 87 -100 25 -9 -34 5 65 36 -51 -42 -62 55 -91 41 -87 85 -47 25 44 -26 37 -31 -11 -46 -34 16 11 86 89 -6 -63 27 -58 -59 -64 -96 51 -99 94 -24 -96 -93 40 -21 72 -89 1 -62 -62 55 -84 73 -31 -100 18 6 -9 -78 23 85 -36 -56
-27 -22 28 -1 -17 -62 -32 76 90 -15 -46 14 90 97 96 37 59 -7 62 -66 -84 52 -11 -62 -48 -20 0 -71 59 -18 -10 -45 -89 -5 -32 -40 17 -89 -21 70 -61 -40 9 54 -36 83 -98 41 29 -72 7 21 77 -1 -58 24 88 -28 -74 -92 67 -81 -5 6 -81 -50 45 91 37 -18 89 -16 -35 95 -92 -19 -77 32 39 49 -34 -38 -50 7 -26 -33 -6 70 99 -20 -66 -98 -59 -97 97 13 -73 49 -67 36
-60 -69 -100 68 -70 12 52 27 -68 -11 0 -69 94 -82 18 -9 29 95 75 67 9 92 7 6 -15 -64 -79 -60 35 -16 81 -62 32 -29 49 69 99 -25 51 -91 -9 22 47 -92 -7 -47 -63 -74 99 71 72 -80 -26 78 95 27 -12 27 -39 58 -45 16 89 68 -94 5 56 -64 -84 30 -34 34 33 82 7 -59 -14 -60 69 52 -6 32 72 -92 -86 -54 24 1 99 -22 -72 63 -81 -94 -67 49 -1 40 -83 -95
76 -25 -20 6 -10 -6 53 -53 25 -70 -80 -79 -15 -20 93 -45 97 42 66 28 -35 -49 40 -44 58 -65 27 -95 62 -85 -80 -11 -76 -67 13 -67 -90 -23 -95 -6 45 -39 -80 94 -47 48 -63 -63 99 25 -18 -44 -76 -23 -68 9 53 7 43 -24 -28 -70 -68 14 -9 -37 -70 -56 53 88 -17 -23 2 -7 70 -74 8 58 33 -74 -84 25 1 -25 90 -6 -36 -8 -69 -41 60 77 -18 -9 61 -79 76 48 -69 15
36 92 8 -32 84 41 -68 17 29 -18 95 55 -95 91 63 25 95 12 71 16 -55 15 45 46 -19 -2 -37 34 -45 55 49 -2 -33 69 26 -10 74 -65 -36 94 -56 -3 79 52 28 12 -1 67 -45 -57 -68 -69 -25 11 12 -88 5 57 -6 -41 62 63 -35 -71 30 -36 39 49 -74 68 94 78 -90 -23 -56 74 55 57 -27 -30 16 -100 11 -38 -58 -74 99 44 58 33 41 -43 6 47 27 -13 95 46 82 2
97 -32 65 -12 67 38 40 -3 46 44 -54 -50 -1 33 54 26 76 -18 40 -15 -24 -57 -23 -79 11 10 77 66 5 -41 84 20 -88 12 1 -100 -77 -38 -99 -66 79 22 -22 24 -70 -67 -48 -4 -93 19 51 -19 -82 49 -24 -11 -47 70 -20 -72 20 -80 51 35 -65 98 -86 -47 66 76 -86 50 69 31 -2 -74 -17 -98 62 -95 -27 38 41 -48 83 -9 35 53 33 11 6 -68 -67 -98 81 -65 88 41 4 -72
98 39 81 -96 45 -90 66 43 -62 8 88 80 -1 7 96 80 71 90 -5 -11 -27 82 89 61 83 -98 -62 -32 38 48 -59 77 42 19 -72 1 -23 -85 19 99 -26 -18 -21 -86 -84 -12 27 -39 37 62 62 -94 4 -50 2 -2 1 -83 -97 31 94 86 -35 -55 -24 -55 98 66 -57 -20 10 -95 3 -21 98 10 -57 -86 94 -83 -5 -29 26 -68 99 -76 -74 -33 -47 54 20 -4 -65 28 8 5 44 -6 20 61
36 4 -45 -30 -83 26 69 75 49 -57 75 19 9 -15 -46 -61 88 78 -98 -100 30 53 -12 -57 -51 10 13 -38 -55 -81 79 17 -99 -60 -66 72 92 -86 33 -95 8 52 74 47 -83 -48 11 -34 -24 89 70 -30 84 -44 -4 -66 2 42 21 11 93 78 91 74 68 42 -66 -90 -40 51 3 -19 29 70 97 63 -49 -57 93 -97 69 67 64 -63 99 -48 -95 -81 -61 -78 -97 66 80 91 -11 83 67 97 -5 67
-98 60 -79 -21 -85 8 14 69 -11 -2 -80 -3 -98 -75 59 37 -72 16 -5 -20 -53 -1 62 31 74 -70 -40 -13 -38 -43 -14 -98 -81 -6 -32 66 10 -52 -97 4 -88 -31 70 -37 -15 -7 -28 -97 -14 64 -62 -8 -87 86 97 95 66 -31 43 -16 54 -23 -34 51 -40 55 -97 -62 34 34 49 25 53 68 95 -15 -21 83 -47 -30 -47 34 34 -77 65 36 87 61 -51 75 -98 96 -62 -64 42 36 39 75 -70 -80
-5 23 -9 -87 13 55 49 -91 -68 -29 54 -51 -27 -99 -94 -100 -93 -79 -39 32 53 34 86 31 -60 -41 -52 -89 -13 -62 53 -84 46 -35 53 18 -62 12 57 33 -97 -14 -73 35 20 -25 -89 -1 10 -32 11 21 20 46 -77 35 69 -55 49 57 38 -16 30 56 -59 3 -61 8 76 25 89 48 13 32 -82 23 -98 98 19 61 71 1 53 41 25 -86 65 65 79 47 -59 -57 -61 -32 -65 21 69 7 -4 -5
73 -32 -61 -90 75 -34 -57 18 -15 72 -84 -37 -18 -92 91 89 4 34 16 40 -91 66 54 12 -35 -99 13 43 63 79 25 61 96 74 -33 -46 40 55 16 74 37 79 90 40 47 -75 83 -5 12 -96 19 61 1 0 32 -27 -76 39 -13 -88 -10 -65 26 -99 73 17 9 -40 32 -58 -74 -57 -13 12 84 -87 39 51 -67 0 31 99 -33 88 67 -36 47 -64 27 86 42 -67 -36 51 27 -62 -8 -100 -22 9
34 19 -80 -82 72 67 38 -49 75 -14 -48 -90 10 -8 42 43 10 52 -20 -92 -81 42 -88 14 3 -52 -62 -31 72 -60 2 -22 2 81 20 -5 -56 99 -19 86 -70 95 63 -83 -44 -65 -63 95 -41 77 98 27 -85 -51 -26 -75 -49 -59 64 -3 97 -50 -61 73 -22 5 29 -21 70 -91 -76 42 -93 -83 77 -38 1 -61 -30 -44 52 -50 -40 1 -37 -67 58 14 51 -59 9 -78 97 -82 -78 -91 -39 -17 41 -19
40 -83 -46 19 6 -78 21 18 -44 86 85 -93 -30 -24 19 3 47 62 -64 19 -20 -94 -26 83 -43 84 48 25 97 58 -50 -66 84 81 76 20 78 -73 2 -14 6 -22 60 -7 -21 -80 86 -11 66 -60 -35 33 -25 -12 12 33 -64 82 -57 65 -35 -19 76 16 79 89 -57 56 30 37 -68 -44 38 -85 11 -64 57 81 97 -51 50 48 83 1 -11 43 9 -45 44 -26 -45 -11 63 -70 -94 -73 -60 -57 37 77
15 94 41 -77 18 -57 4 45 -24 -95 -43 43 -51 65 -46 -61 -1 62 50 66 43 -45 42 -42 72 99 61 -50 -27 -60 64 -99 -75 -4 -39 -80 14 76 -88 47 57 5 15 -65 -93 53 43 -21 -26 10 -26 63 -95 -83 17 -24 -33 -55 -65 -71 -95 62 -92 34 38 -60 43 64 40 79 -46 -41 -37 13 39 71 47 -28 88 -16 -30 -32 13 -77 39 -92 -89 13 -88 72 -5 74 43 -40 2 57 -85 -68 -12 47
83 -84 -72 25 59 -12 91 87 66 72 47 -9 -58 -86 0 -85 -89 -1 25 64 -61 76 69 -32 -26 -81 73 36 -55 2 53 -39 78 76 -46 76 -10 2 -48 -65 -72 55 -96 29 59 95 -62 91 -47 18 44 -100 33 21 75 -17 3 71 -72 58 58 -12 34 78 -56 21 66 1 -30 -52 43 -91 8 -68 -77 88 28 -99 7 -100 -71 -58 18 39 -11 97 -100 -24 -30 -82 -21 61 -13 -85 -54 -5 -58 -63 81 29
3 39 -48 25 -61 -40 38 23 -76 69 24 -20 -48 74 -35 -24 32 -64 -17 49 -25 56 -43 -97 93 -90 45 -45 -23 29 80 -81 -97 -100 -45 -63 64 73 -61 31 8 -42 -2 22 -70 -60 -21 -79 -39 62 -12 -94 -37 -53 21 -35 31 -76 89 9 -2 -33 -44 -88 19 17 12 9 -86 85 83 -32 7 90 -47 45 10 77 -7 -71 90 32 46 -7 55 -4 11 35 27 -49 43 69 -45 -44 64 67 -78 59 9 47
-91 -83 -35 23 53 44 -72 45 -16 89 7 -83 -90 55 -57 -58 22 -9 79 40 84 80 -18 -23 -28 -38 76 78 82 14 -75 -39 -56 -100 -65 -88 30 9 -16 -68 45 44 -12 -3 -50 -82 20 -57 -78 -60 64 21 -89 3 -76 33 47 -13 -73 46 -44 97 1 49 63 -81 -4 -17 -68 40 -39 -73 7 -57 -61 -31 -13 -71 87 39 -67 -43 -24 82 80 83 -49 -48 86 16 35 75 75 -34 -49 -68 9 -95 2 95
96 37 27 35 -30 -94 -75 -59 -75 32 45 31 47 -23 59 9 -20 -5 -21 59 -31 -57 -90 81 -5 -17 81 25 -63 -37 -43 77 27 41 81 42 0 23 19 -1 21 -19 12 -16 82 -87 -83 31 -18 54 72 50 -11 33 81 45 -64 -99 -25 -42 41 37 61 -1 60 -37 55 85 14 -1 10 62 -73 38 -17 12 -15 -20 65 -89 -72 -63 79 -45 -23 -33 -74 -27 -84 46 -45 19 -85 13 -64 78 64 -58 45 -100
73 24 -35 63 -50 -16 77 -3 40 63 -76 -28 7 20 99 33 -21 2 7 -56 66 85 11 -9 -54 13 6 -43 56 19 81 -82 -70 48 25 69 58 25 43 -33 24 -77 -72 -29 78 69 -93 -23 -21 42 -20 41 -98 -11 57 -25 4 6 47 31 39 -65 90 54 67 -21 9 21 -74 -1 -24 30 65 -5 -12 -13 44 -50 -43 46 -81 11 98 -38 50 -4 84 41 91 16 -36 12 -12 92 91 54 80 -65 88 -10
-99 -88 4 -80 10 -18 -1 31 -90 81 13 3 28 15 3 25 -74 61 -90 55 -12 -46 -76 17 -73 -71 98 57 60 -44 -66 77 -5 -82 -100 16 41 -46 -39 88 -78 59 79 16 19 -70 -37 -24 67 77 88 -60 -44 82 -19 78 58 11 -28 18 31 59 66 -34 23 -84 53 38 -3 -86 -71 66 40 -11 -34 -72 61 -4 81 49 -28 -80 -52 -93 -9 -76 -60 -33 19 11 -12 -58 3 -90 58 -12 -68 -24 -35 62
-34 53 41 10 -80 31 40 59 -14 -69 -9 -75 60 -41 -96 -38 -88 -18 -30 36 70 41 -19 -84 -97 -70 -92 -21 29 -62 64 72 -15 93 -55 54 14 -10 8 -8 59 25 -76 -23 86 -24 -25 -83 13 8 65 -46 36 -46 65 -75 -70 -83 37 99 -60 24 35 -93 64 -31 55 47 71 -87 48 25 23 51 98 29 -59 63 -10 39 65 8 28 19 -99 27 -45 -31 -47 2 -27 -89 -46 -4 96 79 -74 87 15 -36
-93 55 -52 -8 79 -97 -54 -46 25 -81 -60 -36 18 86 -37 -52 6 28 -91 -26 -64 -12 87 -35 -6 16 -38 -25 95 -100 -32 -31 92 99 -62 47 61 -90 -81 -17 -82 -80 -99 -82 40 -71 -82 -21 -26 26 70 -64 -28 -62 -86 -60 -26 -81 -60 52 34 -38 -52 -81 45 49 52 75 -76 -2 -75 -75 -40 -64 -99 51 57 34 22 -43 -63 -6 90 -36 -68 -96 76 63 -48 98 99 -28 -6 -66 -75 -44 -99 -97 32 30
22 10 -69 72 -49 75 29 -11 -10 32 -11 3 -60 -33 8 93 2 -79 54 72 33 -77 -86 14 -23 51 33 -100 59 66 -84 7 -85 40 -55 28 18 14 44 0 -60 -40 -70 -16 -94 -68 81 7 -77 -49 98 -48 -24 70 -84 -97 -34 68 -76 -30 30 -49 -55 37 -39 -75 10 60 51 -25 -35 -43 -26 -89 48 77 -64 40 -10 5 68 -50 -44 50 72 -23 95 -87 -99 -33 -10 11 67 -26 62 80 -84 47 67 90
-42 -40 -90 85 98 -48 78 30 65 -32 -74 39 83 48 -66 88 86 -53 -10 60 -91 -25 96 98 8 31 -70 77 -61 -90 -4 56 83 -27 30 20 92 -72 -60 -99 75 -74 88 -89 88 -81 50 15 -9 -52 23 54 11 -97 -15 -37 -7 93 65 24 58 -62 36 -11 90 90 -16 -45 -63 -89 98 52 30 -7 37 82 -28 -77 -74 -10 49 24 -2 50 29 46 -74 6 42 43 53 -83 -88 -82 18 -45 -8 48 78 -43
25 36 -56 13 -3 94 62 78 53 -51 -74 -89 59 9 13 87 -68 -87 -70 -59 66 -98 -96 -70 -64 -41 94 -97 -83 -71 -14 88 38 51 78 1 33 -99 44 49 -22 34 12 38 -52 -43 -99 18 -56 60 31 13 -77 21 99 -44 69 55 -28 51 -50 -89 78 58 43 5 -10 -69 -74 -22 28 -2 -34 -77 62 -76 54 18 -45 85 -56 -32 -59 99 -36 24 -85 -36 40 -11 -47 -80 -17 -32 17 0 42 96 37 -40
-97 55 15 55 65 92 -19 -44 18 81 70 49 -61 -29 -19 -47 -3 -82 7 -18 -14 42 66 -92 85 -11 -44 -49 97 88 73 -65 -55 24 48 42 -48 50 76 67 12 -5 27 -82 7 -48 -72 -16 -27 6 89 -36 -48 -8 -58 23 95 -67 31 -45 -90 -28 -4 -52 -64 56 -97 35 15 13 -60 79 -83 -2 -39 -93 89 48 66 16 -33 -2 19 59 -29 -16 41 -91 -75 -68 58 8 -84 18 53 92 -16 56 -5 -20
27 -74 -100 50 56 30 38 -23 92 -82 -32 -46 -46 52 64 -65 41 57 -36 -80 -68 -58 40 -91 83 47 -52 -85 73 5 -48 -84 77 49 -39 -5 -83 91 -81 10 53 -31 -41 74 -5 -84 -94 74 54 88 17 12 97 22 5 17 -98 -36 26 89 -98 -38 -97 -17 -92 1 -86 63 43 85 -22 29 63 7 83 -64 -7 9 32 15 -39 -61 38 77 -53 64 -84 35 -53 50 35 88 -29 -90 -92 5 -13 -17 24 97
-89 57 7 -79 35 15 96 25 -55 -33 3 98 -27 67 69 -22 -11 45 -53 -81 73 -84 -72 20 -6 -4 58 -93 -41 43 98 71 61 97 -60 -35 -92 -96 -39 -60 -32 61 4 -4 7 18 -96 -61 95 78 -25 53 50 1 -39 -13 44 40 -75 -33 68 -5 93 15 27 -46 38 -35 15 -66 -36 12 -20 -82 -28 23 83 62 -23 -91 60 74 56 -15 98 98 -82 60 -53 -10 -13 -82 -73 8 56 0 -76 23 -98 -58
-12 -12 81 -67 67 -1 47 84 -52 46 -5 -60 67 38 -95 -91 14 68 73 -12 34 65 -22 92 -21 -63 77 29 -21 14 -75 20 -64 79 -41 -72 -57 33 -48 46 58 -43 -64 83 -2 20 31 8 14 8 80 -8 39 37 16 46 46 79 -67 40 70 -81 38 -95 -66 -67 83 48 82 33 -34 44 62 26 22 69 33 93 -27 -75 95 85 88 -80 -69 77 96 91 -75 -12 39 75 -16 9 -55 -1 -24 90 70 -96
-74 66 -9 -89 89 66 39 22 -74 -36 -26 -79 68 -39 -63 -4 60 -88 -11 -17 -85 23 66 -83 36 -55 56 -58 27 -76 -85 -91 -74 -29 12 18 -3 -32 27 71 -37 -68 95 66 -4 8 -45 -41 71 -57 -89 -100 -31 19 -74 8 2 -28 -59 -33 0 -88 30 63 33 31 -94 -49 17 -99 -33 25 -76 88 25 -86 -19 -12 -57 81 -2 -91 -90 24 32 -76 65 -29 -28 -94 63 96 26 61 -49 36 -89 17 46 7
-84 -1 18 -86 -21 -68 10 -33 -24 75 -44 93 -91 -95 -14 -9 -70 59 80 -21 -10 -22 25 -72 87 73 96 -58 53 5 41 -87 -46 -53 -72 32 50 42 60 5 57 69 64 -91 99 63 -76 58 18 -37 -74 96 48 57 85 -31 -20 29 -20 31 -4 50 -73 45 95 16 -77 70 14 75 94 -72 55 -2 -63 85 59 92 -97 -63 -47 -38 -24 61 -60 -23 14 68 -98 -14 62 13 -24 -62 -85 -84 -38 -30 49 87
-25 -19 -44 -15 -42 -82 -4 -47 -16 99 11 -67 77 48 47 92 33 46 -6 -53 41 -85 -30 99 91 -54 -60 -50 65 -77 -85 27 -84 68 -81 74 -40 -28 75 -1 18 -74 35 -32 -19 -66 -84 -76 8 -58 25 -65 -25 -82 -63 41 62 -25 52 -8 -98 11 -27 33 12 -60 -58 -85 59 40 -91 32 47 23 -18 67 4 89 43 83 50 -56 60 -52 40 -71 -82 2 54 -71 24 48 23 -76 -20 -25 79 -64 53 -44
40 -47 -13 -42 62 -76 -21 69 -13 73 22 -78 35 -52 46 -19 17 8 -4 -33 -73 -26 96 -58 97 80 0 16 36 28 30 27 6 51 -2 -10 -99 37 16 -42 -89 -10 -38 73 24 61 91 -18 -68 -75 67 5 92 -92 46 -92 66 72 34 -27 97 62 -44 10 -22 61 -76 93 -11 -10 -75 81 -2 -60 -64 80 97 61 85 28 -61 15 -1 98 -21 41 78 85 -23 -45 52 -10 -51 -27 -34 44 -37 -85 -25 -47
-60 -43 -98 -23 -65 31 -96 -67 53 -17 -59 88 -76 -18 -8 76 69 -54 -57 -44 -79 -37 -18 57 93 -17 -35 -76 -95 79 -3 -17 -53 59 1 -53 -73 -42 62 27 -58 -54 -50 -96 -94 61 60 15 78 -37 -71 86 66 -5 52 -11 -78 -27 -77 43 -19 21 -9 -42 -49 -16 -97 71 2 -78 -56 -29 16 -83 -32 1 0 28 -86 51 -78 77 61 64 -57 43 -38 91 13 44 30 -90 48 16 97 -81 65 -75 48 -70
85 -56 46 -24 90 -47 -96 -79 15 -40 -11 -35 -16 2 -57 2 -94 30 64 83 95 75 77 -87 62 62 -14 -99 -56 19 -35 -92 -85 8 -100 56 26 68 -40 -13 -93 -99 -29 -62 -12 8 81 -31 56 97 -59 12 -77 8 64 53 46 11 98 81 -26 -73 -21 21 -72 -36 -13 -57 -63 26 43 62 -92 -82 -51 20 -64 48 52 78 38 -9 -10 -50 -26 58 25 71 69 3 8 76 44 -62 -59 -39 -35 56 -26 -8
-73 -84 -74 88 47 98 57 -37 -4 43 -81 -36 35 -16 97 -3 73 -54 -51 74 54 -47 -42 -3 -66 45 65 -42 25 -50 84 79 -92 48 -16 -20 99 98 -85 -94 -89 -68 -71 -47 -70 21 -86 20 91 -49 -37 -74 -52 68 59 95 -57 -81 95 -24 57 15 -49 78 14 78 -25 24 87 -80 -97 12 -67 92 -78 -33 -54 0 22 76 45 -94 -14 0 76 -43 10 37 -98 15 -97 91 8 32 22 38 53 45 -100 71
57 -45 -35 48 14 86 -100 -33 -36 -33 -65 -64 30 -39 53 -53 56 -30 7 31 56 29 -12 -16 -53 54 35 94 91 -65 91 10 -47 -59 36 -98 37 -61 25 -9 -36 -49 -51 23 32 64 -13 -6 41 -3 -49 81 48 -28 47 46 -29 -89 45 57 -51 -93 -89 42 17 75 2 85 -51 -62 -47 -94 -79 64 -72 -58 -30 17 -47 -52 -30 36 -84 85 74 -43 -64 21 93 -70 -27 -90 42 -96 54 -34 -18 73 10 52
-53 44 -42 97 61 -77 -96 36 41 66 -43 64 26 77 62 -14 -22 19 -6 -67 -81 0 8 68 -64 35 -46 24 88 -61 -29 29 88 -48 5 51 -6 -24 42 -43 -31 42 46 65 -30 -88 -46 75 76 -80 -97 89 -40 19 46 21 -69 15 -6 26 35 92 65 -12 -47 28 78 -67 -25 91 -51 -21 -16 -25 -16 -19 56 78 -97 -56 67 -46 10 72 74 -81 -41 54 -57 36 -62 19 7 30 38 -44 35 -25 -57 -10
18 -13 -90 -34 13 47 -52 -96 -16 -71 51 -21 63 26 2 32 -24 50 -83 -95 -96 3 43 -20 30 38 -68 69 -51 -20 85 -13 -51 -27 -76 -58 68 79 12 60 44 58 -42 53 -2 -54 81 -15 -72 -23 97 30 -82 -62 -3 -77 83 -5 36 79 -3 -37 66 12 12 64 -65 79 36 -14 -1 0 -22 -69 -46 90 -65 63 36 83 -16 -5 -65 -24 20 99 38 -39 -52 91 -31 -2 -54 61 42 8 79 84 25 -100
11 -93 88 79 6 -67 -24 -72 -30 -2 -98 -8 86 -16 -1 36 -7 -18 69 36 6 61 -37 42 85 32 27 -41 87 -92 23 64 30 10 -45 61 36 55 17 83 -73 80 -44 -90 58 -79 86 46 40 -81 -43 26 32 19 -92 -96 -43 -11 -78 -75 -99 -23 -49 83 37 -56 49 90 92 67 -44 60 -56 40 -64 84 71 36 -99 6 34 70 -29 -26 20 42 -49 -95 -80 -39 9 -38 -90 28 -28 0 -78 -14 -46 -14
-74 -44 -14 -19 99 24 -38 3 74 -91 72 -79 93 -20 94 -73 78 76 78 -49 -57 -67 -90 -83 -75 -67 -61 53 75 -94 80 -17 -73 28 -22 69 24 -10 -78 -43 74 1 37 47 87 -98 -44 -2 -31 -89 -15 -29 23 48 41 55 -38 57 88 92 -88 40 73 -37 66 -27 -12 -24 -7 72 -28 -49 -99 -27 62 39 -94 -74 -60 11 91 33 83 32 39 -51 -50 -84 45 -85 98 -94 14 -44 -14 -96 61 -76 31 66
-98 55 96 -38 -90 99 -67 81 -92 -12 78 37 13 -93 25 87 80 -56 -48 18 -95 77 60 -31 4 -88 -71 42 -74 -57 67 -27 -26 11 27 -5 97 -32 -52 90 -36 69 -80 -5 -14 -81 -42 73 0 -41 31 -77 33 22 -77 41 -19 -75 -36 81 77 -56 -98 -100 38 23 28 85 -57 92 -44 84 -29 -68 -23 36 -84 11 66 5 14 -13 90 -95 -45 67 23 -44 94 74 -41 -89 -76 -47 52 -17 -70 -26 -18 71
-47 20 -100 -13 -88 64 0 -100 -95 6 16 85 20 19 62 -37 -31 63 55 64 -92 7 -39 -97 62 33 76 78 -56 67 37 47 67 -41 -59 -46 -24 1 -35 -96 -70 -47 -13 -72 -94 57 89 69 86 12 -76 43 33 -47 90 43 79 -42 89 -20 22 -78 17 0 -49 0 42 83 84 -2 -24 -95 50 19 -70 17 49 -62 -24 80 36 -72 -21 71 93 -71 -97 -13 27 6 26 -47 -84 87 -39 8 82 73 -83 83
-6 -82 55 -48 -78 -93 -48 -49 50 -83 -57 23 -18 -58 11 -39 26 -78 -83 -21 67 73 75 18 -16 -25 63 8 65 -87 -97 -60 32 3 -81 46 -87 -57 12 -36 66 34 42 72 -28 -94 -68 97 -63 52 93 -16 -3 69 21 47 -47 52 94 -37 -96 -99 16 54 -58 20 -62 78 50 -61 29 -3 -91 72 -78 -89 -69 46 17 13 60 51 70 -53 -79 -27 43 -84 -81 12 -94 71 -47 -16 -13 75 60 -53 -95 59
-42 -34 -8 37 -7 -71 -89 -55 -18 -82 10 -89 11 22 3 -64 -75 99 44 39 -33 -3 -78 21 -62 -24 49 -70 65 85 -22 -40 38 -55 33 -78 -84 41 37 -73 84 84 88 -20 8 -5 -6 -36 -77 -5 37 74 -91 57 72 8 -44 -9 -63 70 -24 59 14 65 -85 31 -89 -45 -5 23 -47 92 -67 77 -40 33 -16 -9 -70 22 81 77 -61 98 -47 -38 43 -9 -7 91 67 -78 -50 -37 19 -31 57 5 -49 12
-100 -96 69 69 -94 42 24 50 9 28 43 98 -19 37 -84 -51 66 0 -29 79 69 81 90 1 -46 4 -77 43 67 -35 11 -12 16 83 51 14 78 -31 -70 -43 -83 87 -40 -81 -89 24 -87 -97 -32 62 12 -35 89 -98 94 33 96 -86 -39 17 -92 -37 -81 47 96 52 2 -93 -58 13 23 -69 -22 60 -46 -66 -94 -45 -59 -73 97 -93 87 -18 73 54 -81 -67 60 13 55 15 -4 -39 58 81 57 90 -8 -2
-26 97 -1 -80 46 -63 -6 -12 40 -82 -10 -26 -75 46 -54 64 21 16 81 6 -47 4 44 -31 93 56 76 -63 47 6 37 -89 -32 96 31 7 -60 -37 -85 79 15 -37 -70 -53 33 -70 93 39 22 -91 98 5 30 17 -8 -44 -41 -93 -58 25 84 92 47 -50 -74 90 91 -81 20 -4 -15 -100 -95 80 -18 92 -16 -80 -88 21 -64 71 28 -19 -46 83 41 -49 70 -79 -11 -55 39 17 33 2 -76 91 64 -54
73 -14 93 -59 86 -70 91 61 13 30 -63 81 83 -55 -94 -73 -2 42 80 86 -53 -90 -61 93 -87 -42 36 -23 -27 13 -49 -36 11 49 -35 52 -99 -18 24 79 -5 99 -35 -87 -99 29 39 -36 -36 93 -58 -6 -23 43 43 -70 52 30 -89 -15 -65 -84 -80 -30 94 5 64 92 4 -79 80 -8 54 61 -81 24 -58 75 -21 -30 -8 -77 -85 57 86 45 -31 65 94 13 71 55 97 70 -41 38 -1 -69 74 -38
-38 27 -74 86 17 -86 45 -67 -19 -13 68 4 63 -72 -88 -2 -94 -4 27 -2 91 -79 0 -34 -85 -6 -78 -13 -97 -81 2 -26 4 -92 -83 1 52 86 25 16 30 -41 43 38 -96 29 92 -51 -38 -58 -48 1 63 74 92 -35 -47 -17 92 71 60 92 3 44 -38 86 94 29 45 -35 -12 69 36 22 -36 -29 -60 93 -65 6 99 37 -62 -55 7 70 -11 86 62 -18 25 -100 41 -1 -2 9 79 -61 -6 46
66 -43 -23 -44 36 -86 57 45 98 73 -60 62 81 -34 46 19 -84 9 19 81 -94 63 16 86 91 78 18 57 93 -76 -51 32 -35 95 -68 -93 -100 -29 -14 99 35 40 57 -37 -99 44 -57 94 -42 -19 -60 -87 -9 -86 98 41 37 30 87 -31 -70 2 70 -61 -4 -95 99 -98 -92 -30 13 -16 2 -5 -13 7 73 65 -73 65 84 21 -7 -2 2 -22 -39 -22 3 -100 2 -80 72 -34 -36 -80 -42 69 71 -68
-61 44 87 39 -34 -51 -37 97 -80 -17 -44 84 -60 18 -55 78 -86 -94 16 -79 -54 -86 30 66 90 -44 11 -58 -73 -34 19 28 35 17 -3 -59 -15 -60 -9 -39 62 60 -9 -77 19 48 -16 -1 -6 -33 4 84 -7 -11 5 17 80 64 65 -9 28 49 -11 -51 9 92 58 -92 55 3 -89 -4 3 84 1 -2 -10 70 57 -14 0 31 29 -47 -87 -71 -77 -96 61 54 -65 60 74 -82 83 -22 20 87 81 -8
-51 35 -3 -51 99 88 -58 46 -82 -98 86 -87 28 35 12 97 -9 51 -83 99 -93 11 -95 43 93 96 -7 94 -48 -98 -17 41 -69 20 -20 -92 -35 41 -19 96 -42 29 -26 7 -27 -73 -44 24 98 -88 25 73 -11 4 -19 -65 69 -85 28 -68 -67 42 -99 45 -95 38 87 -84 2 2 -85 8 11 94 43 69 30 -16 -60 -40 62 56 2 -46 9 -44 -4 -57 61 -48 50 -27 20 -66 18 87 27 2 -64 -97
0 -74 5 96 67 3 34 57 -79 -36 55 -32 -11 35 -6 8 -50 1 -46 13 -46 6 89 -50 -11 -6 -81 47 50 -31 24 27 16 56 6 -92 -81 22 26 89 -51 -93 -25 -22 47 17 -86 -91 -58 -61 18 -43 37 91 75 57 38 71 -39 42 -17 -41 -61 86 -35 -76 -84 47 52 45 7 18 -56 72 -13 -42 -97 -54 -99 74 54 -54 -24 -69 -2 -45 -60 -72 -40 20 -62 -60 27 25 43 -34 -61 51 18 78
-6 66 59 54 -77 47 -80 -26 -17 -25 -21 -73 -17 71 7 83 -32 37 7 -76 -74 40 -36 2 60 53 36 -99 8 -13 57 -28 -9 -93 -45 88 89 -8 -4 29 -46 39 27 -87 51 37 58 98 -87 57 94 3 5 90 92 70 -82 -41 -59 66 31 73 49 -3 57 -95 36 -84 -91 -87 -97 -17 -81 50 56 37 -7 -96 -4 8 69 14 45 42 -13 -52 29 -4 -59 53 5 -71 17 30 -28 -36 -33 54 -95 31
-86 77 -37 56 -19 -93 85 -56 59 41 63 -77 -65 -41 -30 -88 50 42 73 -63 30 65 5 58 69 66 85 -55 11 90 -82 11 -93 -22 -87 -61 23 14 -38 49 81 72 -86 58 98 65 -22 46 -32 62 34 -38 -13 88 -30 -80 60 -63 -9 -97 51 79 -6 54 -8 -99 -12 -26 -57 70 -56 11 -96 -99 18 -56 60 -24 38 93 47 93 -93 44 0 -61 83 4 70 -45 -52 -39 -36 -13 -39 11 90 -88 -82 32
-67 -90 85 -29 8 -63 -12 -78 -9 -16 -71 62 -94 -28 -67 78 0 -92 40 72 51 88 -26 40 95 -97 94 87 -36 -29 -76 -92 -99 23 83 88 -67 18 -53 -5 -85 90 38 66 -97 -4 31 76 57 -38 -38 -73 -44 -47 42 -83 -56 49 -9 -4 82 -81 -34 -81 22 -87 -80 -4 -61 -16 31 10 -16 -51 -42 -72 -16 80 13 27 8 -11 32 18 -32 -86 55 -32 53 -10 75 -4 62 78 -23 12 37 94 20 -97
-61 -96 47 -49 -51 55 11 25 2 -12 29 -91 -74 -96 -1 2 18 -21 -8 95 -90 -78 11 -15 9 50 -11 81 5 -93 92 -82 -42 77 -45 -74 -39 36 61 4 8 -27 -85 70 68 -11 -28 0 3 92 -40 55 87 -70 -89 69 25 -66 -24 -61 -16 29 55 -76 -11 -21 -73 31 72 23 0 68 40 -46 -20 -55 -30 63 -43 -18 75 56 -84 -30 -30 85 25 -5 -62 71 57 -90 -49 -44 -16 23 -17 -75 48 13
0 -91 -55 94 -77 -94 -59 -79 12 3 -2 -83 47 -27 -88 -48 97 44 -83 -34 50 25 -6 -87 56 60 -92 97 36 -35 81 92 12 -82 86 86 8 15 9 44 -18 -95 -100 -4 -36 19 83 45 27 6 69 -2 -63 -36 90 53 -85 43 49 73 -28 -33 57 8 -100 21 97 -21 -75 -1 27 -51 9 -74 -25 95 -58 -28 -41 -44 -24 34 52 40 -77 -72 -13 70 97 42 -31 -50 -71 -73 -31 4 2 27 -66 56
69 1 55 -1 -92 -65 -67 -4 -27 -15 -61 -98 27 -25 -90 -14 64 78 6 -41 -1 47 -63 37 -39 -4 -94 -13 -91 35 78 -61 52 -83 58 -8 -97 -5 -31 -21 62 86 -12 -27 35 -60 -95 -20 89 -14 78 -26 -69 -39 73 85 -85 81 -54 -84 7 -75 -29 64 2 -70 -55 68 75 31 -72 -20 -23 -28 54 -18 -45 46 -52 -92 7 15 -11 -95 69 40 83 -39 -92 44 12 26 -71 -86 -44 77 10 93 -76 40
92 41 18 -32 -6 79 -83 -85 -51 -100 -26 83 -55 25 -64 80 -69 9 78 98 -32 -49 -36 -13 -47 57 -47 73 -11 -91 87 88 -4 74 -92 94 -6 -71 72 60 -44 92 57 26 47 -39 -76 89 -46 9 7 22 -67 9 70 -66 -51 -99 53 -53 53 -71 47 23 40 -94 38 38 -19 -99 49 -74 13 7 11 -37 -92 -34 52 34 55 -34 67 -98 -39 -45 -2 57 -94 -53 1 95 -16 -3 95 1 -71 42 94 -9
79 82 16 -98 -16 45 -52 -26 58 83 80 -79 -48 88 -92 -99 51 -76 -35 72 50 -10 -76 37 -71 58 10 -12 97 19 -14 -24 60 91 -11 -69 76 67 -92 97 -4 -88 32 28 75 -75 -89 35 -50 -63 15 34 -75 39 -26 42 88 -36 -54 -67 79 94 46 -47 -29 -1 -57 10 40 -24 81 -23 -56 31 -13 -1 22 91 18 -99 80 37 -19 59 -77 -97 6 69 -99 -13 9 -13 -26 -44 95 65 78 -6 89 -39
96 -77 66 -30 -26 -29 53 -71 24 94 36 90 -83 49 -37 16 83 26 31 -27 -86 -47 -27 45 90 53 -82 42 -74 -25 -63 9 89 64 74 92 17 -78 60 51 55 -64 68 93 50 -69 -1 17 -40 -20 -86 90 -58 56 65 30 -61 28 12 1 -2 64 -25 76 -91 -100 -18 33 -70 -37 75 -100 80 74 -33 -13 -91 -33 65 -79 -70 65 80 13 -19 -87 17 5 -18 -63 -36 -69 -27 -36 76 -59 -4 99 62 74
5 12 79 -97 -86 37 68 74 47 49 -31 58 -29 5 -96 23 -63 -72 84 32 -32 -85 -45 -42 40 -94 4 -58 -100 -45 63 59 -44 39 -30 -2 25 27 -68 -37 65 95 16 76 49 -15 -40 56 -53 25 -89 -38 58 -2 34 -96 -3 95 -12 -89 29 -27 -62 57 -43 -47 10 -48 -71 18 38 -93 -15 -1 -65 -23 -11 -12 51 -88 60 83 -30 57 -75 -68 -11 15 -37 66 -58 -1 0 34 46 11 -47 60 62 -26
-100 -71 -32 -76 41 -53 -12 -34 70 31 60 67 35 8 -39 6 -30 -57 -48 44 -3 -3 -99 71 -75 42 43 89 56 78 49 65 44 41 51 -40 -20 -29 40 -3 92 -68 -39 19 33 94 75 77 93 90 -86 53 -78 68 47 27 -72 51 -34 -92 42 -87 21 46 -12 -44 86 56 -43 6 -52 -6 87 -100 -48 68 4 14 -48 -92 54 -25 98 -18 34 -81 -26 -18 -55 -62 -86 -9 -63 8 -84 -63 -97 17 16 86
-40 91 65 2 92 -30 71 -72 -76 21 -21 62 -60 80 -10 11 57 -15 40 -58 -16 -91 -46 -35 -29 40 -49 36 -83 -72 14 -74 -90 25 45 11 65 52 71 24 -16 59 38 -95 -47 39 26 -50 -69 35 7 44 -9 -83 -5 -83 -67 22 7 94 -80 15 89 80 -78 81 -76 24 51 77 89 -72 -100 -76 -27 -73 -74 13 -39 -82 62 96 -85 -16 -65 -55 -74 25 -33 26 -20 -6 -37 25 32 -90 -92 -10 -30 19
51 -100 68 -58 65 -2 -87 -84 60 -65 -71 98 -22 12 53 62 -82 75 94 40 81 -22 61 -3 8 -29 45 79 -68 0 57 -30 -31 -39 -32 -43 -89 -13 -78 91 30 71 67 33 -70 -36 41 79 -62 16 -33 -98 28 56 32 -34 -83 -73 58 58 67 47 60 32 -87 59 -25 99 -5 35 -81 -55 -39 19 45 -83 39 34 -7 -59 -97 -73 7 60 37 72 45 54 -34 -26 -44 -38 47 -46 -54 -77 -50 -15 -87 87
98 97 49 94 87 -71 86 -50 23 -24 32 30 -39 -29 -53 17 -65 -51 21 -19 14 -4 25 64 -73 -80 -74 46 -59 -5 48 -100 -57 3 -58 -28 -57 61 -8 6 9 88 16 46 62 97 -39 -16 76 6 -3 5 -81 -62 -84 -54 -4 98 -84 99 -92 56 36 -4 -88 -41 92 0 -42 -97 80 39 5 28 -22 -91 -80 13 -98 -16 77 -16 -67 -64 58 85 58 57 38 19 67 -29 50 -7 15 87 -22 -55 9 -90
-29 -15 -95 5 -54 92 -62 8 -6 92 -6 -2 80 -81 -83 -12 -49 43 29 54 -21 13 19 49 7 -51 54 28 1 -6 -80 -11 -93 -29 -55 4 85 47 92 -86 -23 8 -98 -64 -1 51 -53 -17 -19 -48 -40 -67 82 51 -97 57 61 57 -13 64 -45 -95 -20 -48 -51 -49 -16 59 -79 -94 49 -22 -41 47 -78 -83 58 -89 28 -45 -32 97 96 47 13 -95 6 28 -57 68 40 -52 -52 -38 -84 -33 -48 -22 70 -55
1 -8 -44 -65 -22 -81 78 44 82 -4 -48 60 86 76 25 2 -56 77 28 -21 -45 -42 9 -49 95 -60 72 66 99 -62 47 81 59 76 -44 50 -20 -58 28 32 85 52 34 -38 70 -32 -82 42 -55 -64 -89 -27 3 90 98 71 -71 -70 -20 -49 13 -99 60 85 -26 83 -69 -62 88 44 -35 37 28 -33 -37 48 -63 -69 -31 93 -11 -98 15 23 -37 89 -35 83 77 -41 -27 18 -35 -22 -75 27 -55 97 -38 -93
53 -6 -47 -49 -23 -33 -62 47 -57 23 52 -40 40 63 66 -90 -36 94 76 37 21 -74 -50 -4 77 5 53 -88 -75 -72 20 66 -90 27 53 -18 -62 2 -50 -73 -95 -76 92 -45 33 -37 0 59 -31 -82 95 6 93 65 -44 -91 81 68 47 32 -16 90 13 -71 63 -36 -90 -13 28 -78 -89 32 19 85 -27 92 75 -75 -6 -15 31 27 -15 94 -5 -87 70 -26 -8 23 7 -83 30 87 81 47 -28 -34 -37 10
-71 -46 -34 -74 -76 -45 -8 -25 -41 77 -13 -23 69 13 78 44 98 -85 -99 83 5 -65 -23 -78 90 33 28 69 -93 -48 -76 -5 62 29 -36 27 38 -43 -34 -100 -63 -82 65 96 -2 16 10 -99 63 56 89 16 -49 -34 -97 9 -26 99 98 -32 74 -84 -87 78 -18 -8 -60 -32 53 -67 -62 -45 -73 94 -17 87 82 14 -75 28 -67 -57 43 69 52 -83 65 -47 14 -72 76 -88 70 -44 72 -57 -38 56 51 -96
92 -9 -16 -7 55 -57 -50 15 99 -71 -26 92 80 38 -23 -56 40 90 2 -96 -29 -37 92 94 34 60 -38 67 -1 -99 68 13 4 -45 52 61 -88 -81 6 -93 46 -87 -60 -20 -44 -3 68 63 -11 -68 47 -72 71 59 90 -14 -68 85 -14 35 75 38 0 58 17 -50 -43 -28 89 -12 -84 52 47 -17 23 12 17 26 18 14 -50 27 68 58 -22 -85 -43 -51 -68 74 -65 -2 -62 1 60 -26 -55 -31 -49 32
-82 -15 -75 -71 -65 88 15 9 8 39 -36 46 65 -49 32 -60 52 -1 -85 -22 -73 53 20 -60 42 -64 -59 0 29 73 87 45 -9 97 -62 63 -66 49 -37 26 -92 -62 -50 -80 61 -14 -82 -34 52 -82 -54 -26 -88 -73 -90 -52 -56 -64 -89 79 -68 -7 48 89 32 -81 14 95 28 -8 -10 92 58 -7 99 -8 67 -100 18 -67 -88 29 14 -18 -20 -81 66 98 23 -32 82 68 -39 26 81 -20 -17 -13 -65 -55
-88 -76 99 37 70 92 82 35 1 -90 -22 89 -24 -98 -73 -57 -94 36 -73 -10 30 -22 54 67 58 -32 3 -100 -15 14 38 -14 -57 62 -95 58 57 -73 76 -57 66 -60 -16 43 -62 79 45 0 -21 -48 -41 63 -19 -83 18 44 -52 -61 -60 45 63 -23 -93 -75 69 32 47 46 -2 -63 89 58 -10 -62 -35 21 76 92 -84 6 26 -91 -96 -100 -85 -27 91 -39 -45 -15 89 -3 -30 3 84 11 60 -67 33 -52
19 -15 -83 39 -88 -84 59 -79 -16 64 43 -58 -84 -57 -10 -28 37 97 53 84 -95 -27 10 92 -70 -26 86 38 61 -66 -18 7 99 23 68 -63 -96 -49 86 -53 -36 -3 -3 37 -9 -86 -67 18 95 11 -97 49 -96 -94 20 39 1 97 -100 79 94 28 -74 -19 -85 -65 -93 -3 7 27 26 44 2 -84 43 45 -58 -85 21 87 -34 -14 90 19 8 -13 -92 45 -41 87 32 -92 48 -22 98 -62 80 41 63 73
