-73 -17 -82 -55 48 42 -14 13 -31 -52 -41 38 24 -70 44 54 -6 -58 -76 -93 97 7 61 -92 5 -55 -72 -19 50 -61 7 28 79 -22 -81 80 45 90 79 -12 -79 95 68 -51 -47 -88 80 12 8 -54 -21 51 -82 -98 -22 65 -65 78 42 91 28 -71 -23 23 9 -98 -75 62 73 62 79 -84 87 -25 95 -18 -64 -25 72 65 -37 -24 -51 -69 -93 71 69 72 -61 85 -84 -67 35 -97 -46 99 -25 -83 -6 60
-45 24 -61 -96 2 63 98 -20 26 61 8 21 59 -82 42 -87 -14 -45 32 46 -40 -59 22 -35 41 17 -55 29 48 76 -40 -35 75 82 27 -67 14 51 -40 -10 -13 -1 -7 49 -96 -45 -25 0 8 -37 37 32 -90 25 82 94 2 86 -55 96 5 -99 20 -21 64 -33 10 46 85 67 68 98 -35 75 1 2 -55 -5 -64 -24 -3 35 -46 -65 26 85 64 -65 -13 16 -100 -50 0 -100 -81 60 -17 -77 -47 52
28 66 92 -79 -11 74 -49 -90 18 -11 -50 2 -91 10 8 -80 -23 -21 -26 -57 -96 94 0 69 -55 95 9 79 1 -53 -45 -74 -25 76 32 -23 47 -77 -49 72 -62 -15 -88 49 12 8 -70 -68 -17 46 -38 -91 -74 68 -6 -23 2 -67 88 94 23 93 43 26 28 44 -12 43 50 -41 38 27 14 96 -1 81 71 16 39 83 -98 20 76 11 -75 -60 -52 61 -81 -66 -47 10 20 21 11 -59 -11 30 10 91
74 -18 -69 -78 83 60 -62 -75 85 -44 75 -12 89 64 -56 -6 -5 -86 9 -37 -47 -98 -49 -26 72 -9 65 83 38 -60 27 -60 -38 -16 98 81 -84 75 6 -50 -97 -49 96 19 -37 24 -97 97 19 84 -85 30 11 -23 9 88 38 -53 -47 -91 41 -86 96 -59 20 -88 97 91 -70 49 -18 87 69 95 17 -14 -4 52 49 -12 -67 32 86 72 90 41 91 -85 -62 -27 46 82 91 -81 51 -1 -33 55 42 -98
-20 72 70 11 89 -9 74 19 -16 -68 -41 0 -54 -43 2 -17 71 -41 -68 -37 -35 27 -15 85 21 86 -37 46 -49 -33 -86 -89 -82 23 18 -64 -58 38 81 35 -9 51 44 -28 83 -86 90 -73 -24 -57 -71 39 93 0 78 -89 73 -73 63 -62 -49 -81 -87 82 33 -92 28 88 56 82 42 -74 -93 58 -55 -99 36 -34 4 -39 5 70 -87 -14 -3 43 62 97 -41 21 90 67 -88 13 -58 -11 -53 29 -7 -66
26 -35 -85 -2 47 52 -23 -98 55 -9 -58 -30 38 -34 -54 13 22 13 -76 30 75 -17 -86 81 -82 -42 81 -11 27 12 -99 -57 -25 -11 -14 69 -10 -34 26 -88 46 -42 50 30 -59 73 -54 50 17 -19 23 -48 -21 92 -82 -38 3 -85 9 -42 88 -73 49 -27 19 -6 -58 -95 -22 -40 -77 -41 56 50 -60 -8 -95 -16 36 54 -62 -8 45 29 -30 68 54 28 23 71 -3 62 64 -89 83 -77 -66 89 -78 38
-42 62 98 -45 -96 -63 86 90 48 38 60 16 -23 -1 -19 -86 94 -63 76 6 21 29 21 29 -29 -16 -22 17 -11 -42 -17 42 89 -59 37 19 70 -36 -44 -98 -11 -38 64 -45 49 -48 -27 16 57 -5 5 87 -70 -73 91 -92 -72 -68 49 96 0 -33 -3 85 -48 98 -23 -91 -66 8 -38 -55 -10 43 -62 -14 65 -51 -30 -85 29 87 11 -60 -1 0 -61 49 85 -10 -93 24 -24 34 83 3 -97 -6 58 54
0 92 37 79 92 -83 -35 83 -51 0 -62 52 -74 42 -21 72 -90 28 9 -67 -66 -84 -8 26 33 -70 66 -64 89 31 84 -87 -87 57 9 53 -25 66 -20 -92 -77 -31 -31 -15 89 8 76 11 64 -73 -59 80 -81 -20 -96 83 -22 -92 -81 -1 -21 -64 26 -38 -10 -56 44 -10 85 -98 66 -11 73 -74 23 14 66 -27 56 -51 52 94 21 96 65 92 9 45 -61 -42 91 -13 -33 48 22 -10 60 -41 -58 36
-35 -52 18 27 -48 1 -98 18 16 56 17 77 10 -50 -50 -4 -83 -75 46 10 41 10 49 -68 59 -36 72 -46 -98 -11 -52 90 -83 26 -6 99 32 -99 95 -48 -66 -85 -54 -7 26 -72 75 5 27 -65 62 31 46 -99 69 41 28 -23 23 -8 -50 61 -44 -19 81 18 -19 -3 51 -35 -69 -40 33 -78 -33 -36 72 39 34 -77 -25 1 -52 -91 -71 -61 33 -42 -88 -37 93 -32 -51 -85 -43 -21 42 -2 -2 58
1 -19 12 -39 68 65 55 24 10 -28 -82 56 -18 49 -50 71 -71 9 1 71 22 81 -76 -22 -30 -69 33 67 3 39 -65 -86 47 -47 -82 -68 46 -3 -41 -55 -20 -23 -58 83 75 -85 -48 -37 89 -10 7 -15 -75 97 92 -17 -21 25 -1 66 41 -15 -78 27 23 -77 -48 -53 70 40 -29 60 -36 14 14 27 -84 -17 2 62 -68 -45 14 49 -62 93 92 -34 -45 14 11 -63 18 -74 95 -50 95 -91 -43 -70
-58 -12 -32 -14 -2 -55 65 20 30 -10 50 28 -15 -16 64 18 10 -44 -4 9 26 -64 -22 -98 12 24 -54 62 61 -97 -64 -95 5 11 -9 -28 -22 83 -2 -79 96 94 43 54 -79 59 6 -56 52 -36 15 -48 78 -92 -79 79 -7 -73 27 -59 32 -54 -8 -16 68 -2 74 64 12 71 71 -32 71 -54 65 -70 -93 98 -6 69 10 31 9 -22 45 44 99 43 56 7 -64 12 85 31 20 -22 30 38 96 -41
77 25 50 -79 54 -58 59 -2 0 -72 54 -47 -81 43 -40 -4 1 -84 -24 -73 71 76 60 5 77 -17 67 -44 51 -23 -61 23 21 4 -66 7 19 67 -83 92 -35 51 -12 41 -23 -82 -43 -55 97 88 27 -86 -29 -31 52 -82 -92 -10 -34 18 -82 -9 -76 -77 11 32 -83 88 18 75 -68 -2 52 80 -97 28 67 -67 -34 13 88 70 82 72 13 -56 86 -78 -23 35 -88 -74 90 -48 85 -4 62 72 -67 18
38 -83 98 -10 -98 37 41 -35 92 16 89 -45 60 -60 -10 92 56 -89 -22 -94 53 -23 69 75 -32 63 -93 -22 78 -67 51 -34 86 -19 -53 -50 -80 -2 -34 -69 8 -13 -1 52 -28 24 -88 28 -37 -77 32 -80 11 21 -60 50 -51 64 68 -32 -41 96 10 -74 1 72 26 -95 -37 84 -100 -10 -45 85 33 -61 35 70 -74 91 -52 13 -85 -31 76 58 99 -52 0 -25 -69 -99 5 96 10 -11 33 -51 48 93
-69 -32 80 -76 -19 55 -48 -92 38 92 -2 -96 -58 65 79 -1 -17 -81 53 -47 -45 58 87 -100 51 -85 41 36 -84 62 97 -23 39 -91 76 40 -28 -81 -41 -2 78 73 -80 -100 39 65 -14 -75 31 -73 -21 -77 62 48 -75 48 63 29 64 9 -56 -77 63 67 64 -32 -65 -69 -32 36 0 6 -62 34 -41 46 52 25 80 66 1 2 -80 49 19 24 -51 97 -93 -39 98 -92 38 71 -68 27 -52 -24 76 70
10 8 -99 -37 -86 -12 49 -74 -12 -38 -92 41 59 79 -65 -83 -17 -14 -96 77 -12 14 12 49 97 -40 -2 -5 43 74 -30 -100 -12 76 -51 67 -4 -14 82 48 11 17 83 67 1 -88 71 18 -28 50 -75 7 39 63 24 -80 64 73 72 93 -19 46 61 95 -33 4 -16 -86 85 -57 9 -49 44 -77 -38 -58 3 32 -56 59 -14 14 -78 52 -44 39 16 -27 -59 -32 -76 -15 -48 11 26 39 83 8 79 -53
57 45 2 0 70 -24 -33 20 -33 -92 -28 -23 0 -57 37 -4 -18 84 -98 -64 -6 -23 -39 93 41 96 37 -57 -69 75 -98 81 55 36 36 32 26 -83 72 94 -28 -57 -9 46 -29 26 -93 -6 36 81 -21 83 -15 -89 26 -38 -54 33 -42 6 -32 4 -43 -31 10 77 -50 -34 -27 -1 -23 -10 -50 51 23 45 -31 50 -45 -47 -95 -53 -90 53 -41 -50 15 52 24 27 -90 39 -32 -84 24 71 89 90 -73 73
2 -48 8 81 7 -63 -48 -47 56 -50 -21 -46 31 -35 -61 52 57 67 -90 -39 -67 78 -2 -16 -60 -74 98 59 -59 95 43 -43 95 -69 -21 15 44 -38 -42 -6 -62 -91 -71 -43 -100 -95 -74 78 -68 91 -2 66 87 41 -29 -52 -66 -72 -70 -37 -36 22 -16 -76 -53 -30 -92 69 11 -24 -41 -11 -73 -27 5 -38 -96 -30 8 44 -54 -67 97 -8 17 49 -87 -19 -70 -29 -54 -67 11 55 87 70 -36 -70 81 -9
-23 -20 52 11 29 1 94 67 28 -98 6 16 33 -85 -51 -81 61 40 -75 95 91 -96 -3 -9 64 43 -42 13 87 -33 -57 -96 -89 27 55 64 78 77 54 -86 -41 60 -4 -84 -35 -89 56 58 -49 98 -51 -87 -19 -14 37 12 -83 -65 -51 -4 66 0 23 -29 69 68 -2 -85 -65 91 -36 69 66 -48 -51 -10 44 -1 75 9 -10 -43 -63 55 -39 31 54 -18 0 -10 -46 76 65 -47 -17 52 30 -77 9 -49
67 -65 -95 21 41 -71 30 -94 -4 -53 -46 74 68 87 -98 -95 31 44 -3 -32 -72 -23 74 67 46 -48 -93 -5 -81 12 30 -79 -66 38 86 91 -1 65 -35 -13 95 64 -26 89 -32 -89 -95 -69 -6 26 -80 32 -97 -83 22 10 60 34 -59 40 -25 -70 1 83 99 37 63 69 -33 25 -45 80 -78 -58 52 -74 -65 -20 79 -53 23 -86 -52 -23 -96 -54 45 4 -80 71 55 -8 -94 46 -52 -4 -94 -55 -27 54
-100 10 -6 43 -92 87 30 -59 -54 95 86 1 99 8 62 47 -30 1 46 -17 -88 61 -69 78 -28 -30 82 -29 -45 63 -98 -84 32 19 -63 -80 54 -58 76 -63 -47 17 18 -3 -76 42 -90 -51 82 23 14 93 15 13 -46 -29 1 61 -77 -95 29 -89 53 -31 41 95 72 37 -16 38 66 -9 -65 -38 36 57 -29 -57 2 -2 1 -41 -10 -50 -38 79 -1 13 -74 44 -9 -73 68 -80 19 29 93 59 63 41
-50 -46 -75 98 68 29 -80 -36 -12 -23 -46 -3 -42 -9 -14 -38 -6 32 -8 -27 5 -9 -9 35 58 -36 12 79 -99 -99 27 -19 -71 70 -10 -36 5 -31 56 -100 -99 -27 23 15 64 -21 -17 66 -78 -40 -56 78 77 -38 -84 88 83 -47 -44 -70 -21 28 -77 39 -99 82 -48 -36 -31 5 -58 -87 -37 43 54 -72 91 17 -95 -34 20 -87 -8 82 31 6 56 -81 95 30 35 -14 44 -29 57 -79 -12 28 32 -85
81 25 87 23 32 68 -58 -11 37 81 -94 -92 55 77 -27 -95 32 -10 89 62 73 15 90 16 -6 -1 -17 -31 -75 -84 -15 -4 -26 96 0 4 59 52 -3 51 -48 86 50 5 -88 -89 73 -51 92 -41 7 -97 -83 13 -15 -4 19 67 -86 80 86 11 69 -59 58 48 10 36 6 -65 76 -16 39 -19 51 70 -24 40 -58 -11 72 -76 77 72 -83 -57 -42 95 95 -23 14 -52 9 22 -17 -98 -20 -20 -34 48
91 -88 -74 -18 53 63 -12 -78 40 71 -66 3 4 -6 86 68 -81 -77 -37 -20 -36 62 4 -76 -70 -57 98 -36 86 37 -17 29 30 51 14 -50 44 -56 37 -19 -98 38 54 -95 -64 28 -27 -4 -75 -91 78 -26 51 -15 3 -80 -69 -35 -83 -94 97 -41 88 1 42 -67 48 -75 -37 29 -91 90 52 35 -2 61 -23 -31 -82 -63 -49 93 14 67 -65 58 -35 72 -55 -11 -23 32 46 19 -18 44 -49 -91 61 -71
-70 32 79 -94 38 -75 -90 -6 1 14 7 -24 52 -19 -87 -75 -95 -19 25 80 -4 55 -78 -56 -14 -30 50 -55 42 42 45 3 -25 11 1 5 8 -93 -16 18 34 48 -60 -24 -54 12 86 58 -66 19 36 -90 -33 -80 -38 -49 -14 33 91 30 85 92 -31 -6 90 66 -13 -80 63 33 -43 -3 -31 -59 59 30 54 35 -5 -59 -69 56 -47 69 57 -69 89 43 45 -42 -66 -12 -8 -29 95 97 -3 96 -6 44
-61 -97 -42 91 73 28 48 13 57 -81 -78 -68 27 54 -63 95 72 -60 -88 71 -77 67 51 78 77 18 -52 69 89 -55 46 91 -86 59 13 -21 73 -84 83 35 -56 12 35 -88 73 -21 -11 -11 9 -14 -80 -51 57 3 72 90 -99 -82 -67 89 -43 -67 -100 -61 -15 65 -99 -93 99 -84 82 -66 6 -25 1 -85 43 93 79 -70 -43 3 -28 33 68 55 72 60 -42 88 19 40 46 56 -69 -60 -61 -20 -62 67
18 47 21 7 -24 70 -55 47 75 -49 63 -55 39 -42 51 -50 60 -9 -91 90 67 -88 23 -37 32 73 -50 72 -13 84 0 -4 60 -32 -49 -80 71 -92 -51 8 -52 -70 95 -59 76 -35 -52 18 -68 -24 -19 54 97 -28 60 26 93 39 53 94 -5 57 48 -64 -48 -56 -37 -94 -80 30 -36 68 -96 -46 -80 -26 -92 28 86 1 -77 86 -62 4 22 21 -14 51 -49 -62 90 -51 17 -7 -86 -36 -78 -63 -69 -58
-46 90 -41 -1 21 69 -67 25 74 34 -1 -50 -77 8 -13 -85 94 -63 59 -92 85 3 -85 40 60 -76 66 5 -21 -95 -74 -55 31 -8 60 -20 -20 -98 -19 15 85 96 -78 96 -32 -67 -3 -62 53 -19 -90 -12 23 -6 -48 56 -90 11 42 50 -89 -5 92 80 -30 5 -38 -17 -85 20 -23 -28 -92 18 46 -94 -17 -62 6 -55 70 -35 -84 -33 -80 2 4 95 81 -44 -95 68 -80 27 45 61 -58 71 -18 16
-86 28 93 23 -10 50 82 -89 50 -73 87 -18 97 -13 15 2 28 -6 67 87 86 -72 57 -3 -28 25 24 -95 -65 27 5 84 35 -14 6 -24 83 82 -87 8 -77 -75 16 -53 1 -39 32 14 -1 -92 49 39 85 -90 69 73 -65 -86 9 -65 12 89 -45 -18 -14 68 -53 -36 76 -75 -70 36 -72 -68 -35 1 -88 0 -13 -84 95 -85 -50 -25 5 51 -99 -73 99 -50 7 98 23 4 -12 74 35 -15 -70 -19
73 77 85 95 8 -57 8 -79 25 5 -71 58 64 96 55 13 52 81 79 14 -92 -52 -80 -5 -85 -42 16 -41 -2 -95 -23 13 -99 77 -74 71 -22 97 92 33 45 85 -88 62 55 -87 35 -92 8 51 -70 15 16 -85 -27 -2 34 -15 -38 -19 -86 60 97 -43 12 78 50 -49 -8 -37 13 -7 42 93 -11 76 -59 23 11 3 -38 23 -41 82 -11 92 -39 2 -67 -62 3 -92 -41 91 68 -90 -82 -83 -31 -56
-41 67 49 -38 -52 -87 -8 46 -39 -5 -10 -69 67 98 -1 67 44 39 78 -93 -55 11 51 33 -91 -36 -69 98 -81 -23 -8 -14 -23 56 -57 22 37 -10 21 8 48 89 35 14 64 -29 -46 -52 21 92 -97 -64 -63 -15 20 -69 -67 -54 4 -69 27 -47 33 35 -80 -48 -45 -64 16 -90 30 -94 -68 36 -31 -20 -75 35 -22 -71 51 -2 68 -20 -67 -6 5 -50 -41 -82 78 -49 81 37 -97 88 35 21 -99 -46
35 -77 -100 23 58 73 -77 12 -18 32 63 -51 44 80 -50 -91 75 -42 5 -98 -62 94 94 94 -82 45 -28 44 18 10 96 -47 -28 -80 -44 -49 -99 83 -92 85 -80 -53 -39 -79 72 -7 7 -12 46 99 95 50 70 -32 15 24 -16 -3 -15 21 15 -38 -62 -67 -3 16 81 79 -20 78 22 23 36 95 -71 18 -23 -32 -86 77 -83 66 0 -19 -39 -96 27 86 -15 -79 -76 -2 -84 -71 -12 -8 -5 -23 -1 -50
-58 -18 76 -25 -45 -90 76 2 65 -53 -34 11 22 21 25 65 46 26 14 93 23 -39 64 -90 -9 77 -19 -61 -6 -11 85 10 -67 -70 93 32 0 -79 -83 -43 -79 -11 -69 -2 -16 27 42 -13 -21 -20 -58 15 -35 26 20 70 41 -42 -80 -89 -25 -85 18 59 -4 15 -6 74 23 58 24 43 -3 -29 -75 -46 -46 -59 -49 -98 -3 53 57 -34 -78 90 -52 77 31 -44 12 -83 54 -59 79 84 -67 -42 -43 3
74 -8 -36 13 -64 -74 48 -25 -50 -97 -36 -65 61 -43 -94 -95 52 -68 49 9 16 -15 -55 -68 65 6 3 -3 -44 89 57 -55 -97 23 32 47 -69 -44 25 8 -10 -85 -44 -23 -73 14 -17 96 74 -4 8 12 -71 -65 0 -69 59 -51 93 -13 -86 32 -92 47 22 90 -68 8 -39 22 88 71 1 -34 -87 87 92 97 -15 84 -66 15 -71 -17 -47 -18 35 -24 3 32 -77 58 31 16 66 -73 87 32 -59 31
-21 69 -1 -19 -67 -5 -99 95 2 18 -36 -4 9 85 44 89 -100 14 90 36 -98 90 -23 34 17 18 -87 76 25 -66 -66 20 76 10 52 73 48 4 5 -43 96 50 10 -52 75 65 79 90 -12 75 -41 80 75 13 27 73 3 20 -66 70 17 -69 -46 -31 31 -99 -43 -40 56 -12 92 98 5 -1 -83 -57 31 70 -12 64 66 28 -4 -82 -65 30 -21 36 -58 68 74 14 -46 21 -17 32 54 28 17 -42
63 96 -73 82 44 -60 98 52 71 -68 -18 27 -22 75 -76 -64 34 -51 -13 68 75 60 -21 -96 42 -70 -43 -34 -10 91 -88 59 -93 29 81 -25 -93 -12 -47 31 -60 -9 0 0 65 -29 -8 42 -42 -27 78 45 47 -2 -67 -17 88 -92 -32 -37 -50 -14 3 -2 -12 13 18 41 -85 60 78 -1 76 63 65 8 -73 -78 -97 87 21 35 34 -38 -13 80 -78 3 -42 -21 48 37 -38 40 -7 -94 -47 21 -9 88
70 30 33 50 49 -32 47 32 9 -70 -62 17 -19 81 75 47 43 -83 -67 -20 7 -23 90 -26 18 79 -78 50 85 46 40 94 -76 92 91 32 -16 83 79 95 35 -38 41 -92 47 58 -44 18 58 9 -30 -81 88 21 71 -46 3 92 34 -94 39 -3 -71 41 -19 -66 41 -70 5 -13 24 -49 73 31 95 -85 66 -47 -4 68 18 -14 -89 -16 51 -1 -4 31 35 -41 81 -94 28 -2 -86 95 39 35 -13 -10
-91 60 24 9 -3 81 -58 -19 12 -46 -91 54 81 -12 3 70 58 -72 9 -77 20 85 -74 82 -3 86 43 -75 -20 98 24 12 83 20 -13 -85 -60 -98 52 -35 -81 -31 68 -10 -30 -93 22 34 -8 71 -86 -92 -54 -58 -26 -24 23 34 -97 68 8 33 19 85 -3 -15 90 -64 -2 88 18 -42 91 -15 95 -9 44 69 60 98 92 -78 -94 44 7 -58 54 -31 52 66 -71 22 -51 85 -80 87 -17 -37 -15 -85
80 5 -34 -79 -59 63 -45 84 -19 73 81 64 70 -69 -100 -18 54 71 -12 -92 92 -9 60 75 -100 -72 3 -55 -77 11 -62 -43 21 -94 48 -85 55 -71 -13 2 62 66 -88 18 -7 -86 -4 88 -85 -83 -52 84 -76 65 90 -63 71 76 -90 81 4 -91 60 16 -100 46 -55 -35 41 -85 -88 -90 76 67 -86 40 -9 93 -50 36 -85 61 64 -48 52 69 -13 46 23 -22 83 4 27 -57 -28 -10 -90 -27 -13 78
-78 -93 9 47 -25 -79 -80 36 66 -12 -21 77 -29 -36 -16 -53 72 0 -56 -94 -90 71 -100 -55 56 25 97 33 76 -7 -72 -66 23 38 -74 -71 7 71 65 77 -9 -31 47 41 27 -100 81 -29 -7 -91 -23 -25 23 8 -62 -60 -62 -28 39 -99 32 -87 16 32 90 24 91 41 4 43 -7 54 -42 8 -17 59 -74 65 -15 -8 86 -64 42 -73 1 74 -15 -51 1 73 87 45 84 67 84 42 -73 -61 -18 -71
-22 -88 -25 -16 31 -15 7 65 2 93 88 30 91 97 -96 -30 0 10 69 41 -53 -78 25 -72 2 80 60 59 -48 90 -62 77 -59 44 -48 89 -67 12 -40 84 -3 -88 71 46 -82 -71 -2 -63 55 78 97 68 -89 -22 96 -85 6 0 -40 -80 -61 46 -33 -18 36 -34 61 0 13 82 -11 54 79 12 43 60 -22 -60 -92 21 34 -25 96 2 -72 -66 -55 -42 35 53 88 -60 31 -14 -76 -18 48 -70 30 -29
7 9 76 77 80 53 -17 68 -21 22 6 -52 27 -99 -28 -49 90 -74 31 12 -30 70 -84 -33 -92 -44 87 -75 30 67 -23 -86 91 10 44 12 -27 -8 -71 -27 40 9 -14 -94 28 -36 -97 -99 -84 -3 67 40 24 2 76 -8 85 63 -71 -26 -73 75 10 69 -3 49 -73 -1 37 31 -6 -57 -18 45 78 32 -27 -67 53 -30 -70 -82 -69 -28 -60 6 61 15 -85 -26 9 61 72 -4 99 -26 -89 8 60 -29
-27 -33 66 62 81 -3 82 2 88 91 -34 -65 87 17 -24 51 -88 28 -39 -55 -11 -63 -72 73 -93 95 -16 53 70 56 13 -33 -43 -9 24 81 38 4 6 -26 4 -75 32 12 13 -19 -61 88 -65 -72 18 -83 -62 -26 -50 34 -97 -33 8 17 -62 -16 -55 29 9 75 -93 68 80 -8 -1 57 -88 75 -68 55 -17 1 -56 76 -82 98 -99 -76 70 -92 26 9 74 -66 -75 86 83 -13 -68 75 -20 -68 41 -77
-8 37 -52 -94 10 61 -70 -26 83 -32 31 13 -6 -61 4 -77 -83 -50 -75 16 5 -68 51 -65 -55 81 7 -55 -88 8 -7 81 -89 -19 -88 2 -4 -73 66 -69 90 87 -77 59 -93 -23 -55 49 88 75 84 24 95 40 -86 25 -69 45 -34 98 -60 26 -51 -22 23 26 -89 -26 -51 36 90 -24 39 2 -86 -46 18 -6 58 43 46 48 61 -77 -57 20 -46 3 78 16 -100 75 35 -65 88 -96 26 12 95 -22
-62 -95 -6 -32 -80 20 10 -19 -47 -98 -53 -51 -1 -63 68 91 -7 -61 4 10 -68 -99 98 -23 35 57 1 -96 35 6 2 -27 -51 4 80 18 -68 -74 -45 7 38 69 27 -6 -73 85 -64 17 23 -4 92 87 -14 -77 95 -58 44 87 22 15 85 -47 -88 -31 -25 57 -12 78 -94 57 -29 2 -25 65 -56 77 -20 93 -48 84 88 13 86 58 92 56 16 4 41 93 92 77 -60 -63 0 59 -4 12 30 71
-18 -31 -77 43 72 -37 -71 65 3 20 -46 -47 59 92 81 -40 59 38 58 69 85 96 54 -70 3 -78 -56 33 -48 48 19 -73 -85 18 9 48 87 -68 -32 -6 -83 -37 -58 -31 -12 -83 30 93 93 -9 61 7 40 -75 -83 -36 17 31 -68 -96 70 -3 -71 73 -17 -58 -41 81 92 -10 -59 -63 -36 -63 64 7 95 -97 -72 -26 19 -4 33 -27 77 -10 23 -11 -33 -73 16 -63 -32 -33 -39 -16 74 39 -60 -65
7 -90 -25 59 -99 46 87 53 -38 -31 16 25 -26 -33 28 -45 -49 -45 -25 27 34 -50 -66 89 -43 49 74 -48 45 -32 -75 55 -47 -14 58 -66 -38 39 8 -44 -19 16 -95 -90 -8 -11 -31 -79 25 11 84 26 -77 94 -52 -86 22 69 -3 -99 37 19 -12 -76 -39 -75 -80 -88 -20 16 -24 52 -43 -96 19 5 20 62 -41 -3 6 -21 -22 15 -29 37 61 61 95 -61 82 19 94 -95 -94 88 39 20 -96 32
97 64 7 99 -92 7 -76 16 79 -15 -88 -61 -67 72 0 -33 29 -82 -47 76 -20 38 -91 -60 66 46 62 -66 73 -8 90 46 47 48 -8 -33 -87 89 -83 72 49 -89 65 60 88 -67 25 10 76 15 88 -75 88 -36 91 16 65 -72 5 19 -55 0 -77 -44 69 93 -50 -13 -61 63 76 35 78 -74 -4 -59 -98 21 -97 -68 16 32 -82 -11 -73 39 -45 35 -92 16 26 57 52 -54 48 -3 -97 -89 95 68
-92 -85 70 -94 -93 -86 57 -2 -48 6 -79 37 65 35 -21 -18 55 -47 75 -90 -23 -74 -20 11 83 17 56 -88 86 -67 58 29 1 40 86 -46 38 53 -43 -35 -14 -45 -7 -82 -26 25 -44 11 65 -10 61 -72 -3 -24 54 -67 -45 21 -39 -17 54 -17 8 -32 -43 -3 56 38 -7 -10 27 -53 18 -62 17 -55 41 -61 -38 -50 65 27 62 24 1 -57 79 17 -24 -23 -28 -11 -100 98 -86 92 29 -66 -68 63
56 -17 -44 -50 -65 -30 39 27 -24 -36 72 -83 -43 84 63 68 -49 -47 -45 -27 -65 62 -92 10 95 23 -64 34 -52 29 -74 -30 36 48 -76 52 -69 47 21 76 -61 99 81 -55 -57 40 17 12 -21 -54 -58 95 -99 -85 81 86 -37 -27 30 -55 72 17 27 79 37 -85 72 -36 50 78 25 42 -16 -53 -60 54 81 -89 -60 55 -19 -22 -9 18 92 -47 20 -74 -40 77 7 55 -42 -66 4 -41 -80 30 -25 -74
42 -41 -2 -25 -100 -8 -79 33 48 41 27 44 77 -69 -87 19 17 90 -72 86 -98 -78 -68 -4 -79 -55 -57 22 9 52 -55 -93 9 -53 88 51 -84 -64 -45 53 0 -54 81 54 53 17 -7 -5 -25 35 19 -31 -74 4 -36 -16 -18 -58 8 -76 41 4 85 13 -8 73 61 43 30 74 2 -20 -10 93 49 12 92 44 -34 29 63 89 19 52 -64 -86 -73 65 97 82 68 59 -17 -78 -6 21 55 -57 46 34
-70 -28 -61 -3 -61 51 -61 86 -70 -54 30 33 3 -7 -13 28 -85 46 33 6 90 26 72 -47 63 32 14 1 97 -42 -56 86 -96 -61 -60 7 -35 43 -61 92 81 -22 14 80 -38 -38 -89 -93 13 -99 -36 51 -92 -82 -95 35 38 -3 93 82 76 -64 42 -12 92 -85 51 62 -7 26 -69 -10 10 -50 32 66 20 23 1 -35 -25 -80 30 18 -82 -97 13 -19 -41 -33 -58 -94 -44 -29 -66 26 -85 90 -44 17
-47 2 -52 -53 79 73 4 -46 -22 82 -64 29 -45 -92 -42 -74 38 -67 -92 -37 80 25 73 47 65 -14 -100 42 -43 86 89 -34 62 10 6 -23 18 -15 71 -90 -83 -3 46 4 80 56 86 -85 82 98 17 -81 39 -11 -21 -80 6 4 -60 92 87 70 58 -81 -54 -3 -53 62 -82 56 6 16 -45 -97 68 47 88 -61 27 89 -27 -6 -27 -30 -67 -28 50 23 67 34 -76 20 72 -51 40 -47 32 14 79 -14
20 -42 -23 -7 -1 -37 -65 64 41 -73 -90 90 6 -89 73 -46 -56 97 -60 73 42 -60 34 -54 -7 71 19 12 -85 51 -36 44 69 -53 5 75 -68 -26 41 5 -88 85 -67 16 -67 95 51 8 -85 -48 -36 -2 54 -64 -49 -23 55 48 10 -27 -86 -22 -24 -28 88 94 37 99 -57 77 45 -67 -86 65 97 83 -27 26 43 -6 -53 -57 -71 69 24 -76 -10 -87 21 33 10 -47 77 -2 36 -5 -15 -76 -52 3
-90 5 -95 26 68 56 45 -73 -86 -3 -50 -67 97 60 -32 93 17 88 35 -1 4 -89 -18 -53 -38 59 -65 -62 -21 -11 -70 77 96 95 -37 34 54 -24 -30 -96 -80 -44 30 -79 -94 10 74 -79 -72 -67 34 -34 65 36 66 -60 -34 -73 56 -36 32 -71 -43 40 -49 79 -51 70 82 14 76 21 -12 -78 90 -99 -40 25 -51 76 82 -43 91 97 87 -5 30 -1 43 -74 37 -40 -26 -52 -44 91 70 -49 80 -32
-78 43 91 53 86 -41 -38 -44 -10 13 -25 43 -34 -38 -34 45 75 97 39 32 -67 -75 -69 -7 -90 -40 57 34 -51 -38 22 -28 79 -31 -44 32 -75 -83 -94 11 39 40 -40 92 44 -41 -14 9 -35 -53 -32 -98 21 13 -75 50 -8 -45 -57 -52 43 -86 80 -54 -18 -87 77 -88 40 -46 -61 -10 -55 -39 -44 96 -49 59 25 -58 9 24 36 2 49 -49 -14 -58 22 -77 7 33 49 72 96 -8 15 5 58 -22
-97 -31 -93 -75 80 -33 2 92 -69 -13 -11 -82 -99 28 -44 -37 6 10 -29 96 72 -37 1 -38 23 -30 -56 27 73 97 57 69 42 -86 16 2 -72 73 32 72 -1 64 32 -33 55 -20 98 35 8 16 89 -68 1 2 -88 64 -11 71 -48 -29 -7 29 -30 -92 95 35 3 51 -42 94 -56 13 39 -64 66 -70 74 13 -30 72 52 84 -59 -42 55 -98 1 23 42 -44 80 -27 -41 35 26 -97 -89 -78 69 -63
-11 36 -47 -3 87 86 -5 -95 37 -7 -25 -26 -38 -58 -40 86 -23 99 -99 -84 -25 71 -59 -31 52 12 54 59 40 81 24 73 -46 -63 7 47 10 -47 2 -33 0 -74 15 -62 -14 -24 7 70 44 -78 -22 60 78 70 63 -10 -90 38 -55 -21 99 24 -38 17 16 -15 18 56 37 -5 77 -6 69 19 88 61 58 38 -93 59 -18 26 -72 -73 48 -6 50 24 70 98 -56 83 15 -7 94 -91 59 7 18 68
-15 -83 -70 -66 -10 85 -80 55 -81 -18 -10 21 21 -39 13 -98 21 76 51 51 -74 85 66 -13 36 34 3 -26 52 95 -21 -24 -77 64 -79 -100 99 81 24 87 -29 -30 -41 74 1 -82 96 8 -98 -28 -54 49 8 -30 -6 -13 -22 93 69 -49 68 39 48 68 -24 43 -12 52 -54 65 -98 23 91 -97 60 -49 74 -77 -5 73 90 -92 -36 -82 11 44 -38 54 55 -30 50 37 -79 31 -47 72 -82 11 -69 63
-21 -79 66 70 -78 -57 35 -13 81 -63 80 -20 85 71 81 2 56 -52 50 24 -67 80 -89 -37 -96 45 -35 99 18 53 -57 81 25 32 -58 -37 32 23 14 -58 69 -29 -19 38 45 -25 -94 -97 -83 -68 74 -58 30 -70 11 48 -87 87 12 27 -12 16 29 42 14 94 -36 5 76 -76 -26 35 2 84 -3 -2 -30 81 -93 72 -10 -99 82 -11 -46 29 -16 21 -100 99 -55 -55 85 3 -18 40 -81 -31 -27 39
-89 84 20 93 87 -24 51 -74 12 -3 -86 85 0 39 -4 -91 -24 3 56 35 -98 -38 86 -96 88 69 -50 -91 14 -1 -97 55 -97 75 -7 40 15 34 -11 -86 -29 -14 5 -63 -20 -77 -23 -35 37 34 -33 30 52 27 -44 -64 -82 -32 45 -29 26 -35 96 -76 -62 -85 -77 50 -16 -66 51 31 -32 -27 13 -39 -89 -94 43 -83 -4 -9 34 66 36 -14 76 67 -49 -83 92 -43 4 -64 2 87 -56 -21 -69 -29
48 95 3 -44 59 -47 35 26 -61 78 -6 -13 18 -4 43 70 -55 8 -9 46 -8 77 43 84 -37 -54 -2 38 76 9 4 40 86 -85 45 -89 -55 19 91 64 -5 86 -48 39 -81 -77 68 67 26 47 1 28 18 -19 70 -92 -86 -50 61 64 3 84 -81 -31 17 3 -48 -85 25 -50 91 95 41 8 -70 -27 73 -66 -92 -69 -82 72 -81 -90 75 79 -94 -59 75 -26 -41 98 24 22 -98 18 -89 -91 64 -35
21 -7 -83 -47 51 82 65 37 44 -41 36 -3 27 -5 4 29 12 12 -94 -38 7 11 3 -6 -90 -41 77 -78 75 -46 -78 65 99 -17 -47 -73 82 47 27 72 6 64 -36 -76 65 -5 81 -47 24 -31 -64 13 75 -55 -10 -1 -83 7 6 -30 -99 48 -76 -9 -30 51 27 53 65 6 2 36 -51 41 -21 83 51 -74 -43 32 77 -51 50 21 93 23 92 64 -25 -69 -85 -51 27 -99 -72 38 10 -35 77 -28
86 53 22 43 -61 -54 -60 -49 63 95 79 9 -44 0 -93 2 -75 -7 -3 -98 -93 -64 -55 -67 -16 12 75 42 -48 -53 14 -22 -11 29 41 -41 -78 60 37 -31 -44 -75 -70 21 -95 -99 -75 -82 -25 89 -79 58 -71 40 25 21 -77 7 -21 41 -73 91 -90 44 54 -45 -65 40 87 50 -75 -66 53 -91 89 91 9 -55 28 -35 78 -2 27 92 -9 -71 15 71 90 -12 34 43 81 -75 -46 47 42 -39 82 -81
-22 44 95 3 -34 22 40 21 88 -44 3 31 -27 74 -66 -77 11 -6 69 -45 -66 -93 53 53 -91 57 -3 77 29 65 -49 23 -10 -37 77 10 1 -84 44 -54 76 90 -13 -1 -24 88 -46 17 -53 -86 -10 18 63 -29 97 -38 -10 -64 -59 -54 15 59 10 -91 -24 91 5 -87 -5 39 -46 32 46 87 37 -56 56 -76 51 -47 -42 -29 -60 43 35 -78 40 -53 51 -99 13 -50 43 -58 79 -43 75 -20 52 -91
67 -97 28 62 18 58 -83 80 48 -17 -16 -24 -85 -56 -28 -65 4 -89 93 62 87 42 -53 -34 10 92 -4 -86 -14 13 40 87 -16 14 18 -13 95 -5 67 57 67 -27 30 -86 50 77 -20 21 -27 -18 17 -58 -30 -4 -6 24 64 33 -55 -97 81 -94 65 46 3 -93 -67 14 1 31 -10 -73 -68 -43 -24 49 -43 -97 73 83 20 -80 52 74 24 86 58 -19 -69 28 -75 -92 -85 -88 -9 81 60 -69 -23 -61
99 -50 81 -94 -93 55 -14 92 2 -67 52 -42 63 5 -24 -57 -14 -81 80 -77 26 -54 24 -75 75 98 -35 71 -57 95 47 7 -84 -38 83 26 -17 95 24 93 99 8 0 -32 -98 77 -2 59 21 12 -80 -25 3 -1 -88 51 41 58 -63 94 -11 69 0 17 35 -39 9 -65 -93 83 48 -44 87 -43 -88 -44 82 -47 -34 19 60 13 -53 -94 0 21 97 23 -52 -91 32 34 -81 -77 -4 33 -65 18 -34 -21
-92 55 -6 34 85 69 -84 17 16 76 -37 -9 52 88 78 5 34 -30 18 34 91 -47 -27 21 -91 -69 11 -74 50 81 -53 61 61 25 57 80 16 93 -50 -30 43 -68 76 -89 -48 -59 87 38 8 -8 65 3 -47 45 53 -16 -9 89 -60 43 77 52 26 72 -48 -2 34 36 77 -39 -17 -90 22 7 -67 -18 -57 58 64 53 -100 -77 33 -57 -71 56 56 -74 95 -7 -97 -34 28 49 17 49 88 -96 46 81
-71 -33 -24 0 15 10 -85 45 1 42 -96 30 -50 -60 42 -52 40 97 87 54 -66 -27 88 18 12 74 -5 -89 76 78 47 16 -70 57 -64 82 43 2 50 99 -67 30 88 40 51 61 -59 99 -23 23 -44 65 -16 -64 0 42 70 -52 -64 -20 -95 -32 -59 29 -1 -16 -10 -87 8 -90 47 -40 -93 87 71 -7 13 -21 -66 81 -23 -95 30 78 37 51 -19 -5 -52 27 -96 25 -59 -95 73 47 84 -88 90 -16
99 -19 -41 -100 -29 -77 -21 22 -36 -44 50 46 -47 70 -86 81 91 44 -14 -87 29 4 -63 -97 9 51 79 6 60 -91 72 59 -87 -23 23 56 94 -90 83 20 -4 78 32 8 -29 -46 -91 -38 -14 44 -4 73 -30 -31 -20 87 65 -31 2 91 -36 -65 17 -71 95 86 -80 93 79 99 -61 -73 12 -9 31 93 55 -62 -53 72 -69 85 60 50 54 -32 72 18 30 -81 -59 78 98 -11 85 -85 -33 -70 -41 67
87 -25 36 30 -75 -21 -37 -10 91 41 -11 58 -57 -43 -100 91 50 -5 -6 -73 -1 -100 -98 32 -17 96 17 1 31 54 -10 -26 -57 -53 81 -48 -38 -51 68 52 -11 55 -19 -30 -33 -44 -82 -97 -85 90 -2 99 -46 -79 -97 -35 -66 35 -67 34 41 -37 13 -22 -45 1 28 -40 -40 -76 -68 -60 -48 -45 -13 43 -94 -23 -77 25 38 -3 65 86 76 74 91 83 -75 -60 -33 13 19 9 -80 -90 15 -19 -73 -87
-61 51 11 -96 -36 -18 -4 7 -9 80 91 -40 -68 -11 45 28 85 -88 4 47 41 10 -80 -49 77 -86 43 -67 -3 75 -15 -14 15 -76 80 -59 23 -72 44 -65 -36 -40 44 33 0 48 -94 -58 24 32 61 -97 -49 -5 80 37 22 97 29 -69 73 31 -74 42 22 -74 61 48 -10 -32 22 -73 8 -28 77 -62 91 36 -37 76 8 67 25 -11 -15 -50 39 8 -79 -37 8 56 -2 -14 -78 60 -100 -98 66 -66
43 69 -65 70 11 -96 -88 67 -98 -48 -43 -66 -68 69 14 -23 73 -44 -94 88 -17 -98 44 71 -58 65 4 -1 -10 5 22 76 -51 -12 26 95 -2 -62 63 -68 80 25 -48 4 3 -93 -22 58 -52 -95 81 17 59 -94 13 5 -33 -90 61 -20 7 31 -88 -32 -4 -54 -20 7 -14 31 46 80 -89 91 0 -91 -59 99 94 65 -83 -86 80 1 53 -70 76 53 -5 23 74 -16 -97 -7 75 -66 91 0 -86 79
-37 16 84 -21 -80 -21 -49 -12 86 -69 78 -59 7 -44 -94 -78 42 -89 13 68 36 45 97 75 77 -87 -44 73 24 -67 42 -22 -52 -78 96 -17 11 12 38 22 20 -8 -31 24 66 -61 56 -93 -41 0 -51 16 -88 68 19 -33 -89 4 -14 -31 -22 -34 92 -90 60 -27 -84 78 54 -22 -70 -17 -29 34 88 -63 -21 59 -24 82 -26 -6 7 -79 -59 -71 48 96 17 -77 5 -12 -22 -85 63 -1 -28 17 -84 88
87 71 -74 -65 -49 57 5 90 35 15 5 57 -20 -68 20 -24 -54 75 -44 38 -32 -2 83 -52 -91 33 -19 67 3 31 32 -79 42 38 -6 18 -41 -14 -34 99 -66 -16 -82 -57 -2 68 94 70 -53 -94 25 -81 -56 -26 84 92 87 -65 -63 -57 -57 26 31 -29 54 60 -95 37 88 15 -12 84 -9 66 -23 -40 -80 -4 95 69 -48 84 79 -9 26 -96 -37 42 -91 45 84 -51 13 -53 -12 23 -72 67 -21 -62
-43 -70 -45 48 -74 -3 -26 -65 -17 -29 -8 5 57 -41 73 10 -85 33 23 20 -3 40 86 -13 77 10 97 -93 90 -98 -83 73 -54 8 -44 -64 -86 38 -30 -19 46 -27 -62 -76 -53 87 -10 -25 -100 97 0 -58 65 -25 -77 -28 3 -16 61 -80 90 22 46 0 -72 52 -27 -21 -30 -88 -17 25 -29 -57 -69 16 62 64 91 47 -47 -72 27 -87 5 53 17 -87 43 -85 -43 65 -42 -25 97 -91 -58 -61 90 -6
-64 31 29 21 -100 51 54 5 -5 63 21 -2 57 -34 -25 -16 -37 84 14 2 -68 8 92 -43 31 76 6 30 -78 -35 -14 19 68 5 20 89 90 -44 -40 -100 -99 86 61 -8 35 -43 -12 -13 -73 -17 -48 -54 -68 -36 -47 -57 -29 7 -51 3 -76 47 -41 98 -60 -98 -26 -10 93 31 -83 22 -34 52 -16 -7 25 20 22 48 -66 -59 9 15 -35 -67 -51 22 -79 -30 31 50 35 20 41 26 90 -16 13 -76
80 -85 12 52 -61 -22 -39 98 -85 19 51 -72 91 -53 43 -79 82 7 10 -48 91 -70 -19 15 -48 30 -58 -36 -57 92 -53 -56 98 23 95 10 -35 -9 -85 35 1 -62 37 20 13 -39 2 -20 78 -59 -31 60 -86 -42 -13 -34 19 -78 -9 67 56 5 44 -3 -24 28 96 -87 -88 78 75 74 73 37 -60 46 -52 13 27 28 72 6 -40 -37 13 60 44 58 -85 85 -80 56 -89 -23 -11 4 -38 31 -16 -99
-63 52 58 -3 -44 1 -35 70 -93 36 44 64 -7 34 11 14 47 77 79 -75 -16 7 7 -33 -73 94 -2 86 -95 68 -89 -67 -49 38 37 -79 -89 -30 2 33 51 42 16 -12 81 -15 2 39 10 -7 -47 43 54 20 -39 -50 67 -33 -68 -43 12 -88 35 -98 -87 67 -53 -39 -60 6 10 96 73 43 61 -19 14 -84 65 45 11 45 39 -93 -83 -24 -80 -66 -12 14 39 -44 -63 48 30 -5 -66 73 98 -99
-24 -11 -21 22 72 60 -60 14 -68 -86 -43 -89 5 44 -4 -85 -72 51 62 75 41 -59 43 0 -39 -26 -48 18 59 7 -78 44 -41 13 60 -59 -71 -30 -28 -65 -39 33 -47 44 29 -52 -35 38 56 1 -69 -60 -97 -85 47 11 25 -16 51 56 -43 60 30 81 -28 -94 53 76 -65 -46 16 -97 75 78 40 11 49 -76 39 24 13 -42 56 -57 -70 39 -1 -89 29 70 58 59 5 57 -42 -42 -19 87 84 -22
70 21 -76 -33 3 -47 75 79 -93 84 -12 -89 -91 -79 49 72 -56 -15 -53 52 -64 33 -76 20 80 11 39 -29 1 -48 4 -70 -74 -40 -95 67 -79 57 -2 -43 -5 -64 32 -67 31 3 20 -71 1 45 9 -62 -28 -10 71 5 -34 -49 28 -10 -54 51 -99 -6 -72 77 -88 43 -49 76 45 87 -48 -25 18 -29 -45 36 13 1 -33 -17 -63 -47 71 55 72 -41 -28 -26 -41 -79 -38 99 17 80 -97 76 3 27
-100 -100 -97 -26 -82 -61 18 -92 -96 17 -81 -8 -82 59 -92 55 46 58 -72 91 -99 -62 63 -69 48 -17 58 -18 -36 24 91 8 46 -98 96 -20 -2 89 81 -58 -22 -90 -96 -57 -12 17 1 64 99 -28 -39 79 -13 -76 48 -54 -19 20 66 -26 -52 65 -100 39 -8 -80 -45 99 34 39 -82 94 -88 -64 23 -38 -88 -9 -78 -45 -41 95 -50 53 97 80 84 17 -65 76 -71 -2 15 72 -47 98 76 -63 78 -17
-57 -16 34 22 -68 38 24 -98 23 43 -74 27 89 -79 87 -80 6 93 -7 -4 -17 63 32 -94 66 51 82 36 97 50 56 3 -49 -34 -94 51 -79 -55 -76 -44 -57 27 0 -28 57 62 -20 35 51 -52 80 2 7 -31 51 -23 42 3 -5 12 13 81 22 20 -78 50 -36 -26 -94 -90 63 16 -24 44 -51 70 -98 38 24 -84 -67 -1 -35 65 -47 47 17 -38 -77 77 -41 63 -92 -22 -60 28 84 16 -21 8
-16 -96 5 -54 39 -50 29 -5 22 -34 -56 -34 85 -97 82 55 -78 -93 60 -52 -35 78 -5 50 23 -54 -48 -24 -29 24 -59 41 8 -43 23 -76 51 -42 -73 -40 7 75 -10 23 -21 -27 -37 -73 33 77 -51 -59 -5 34 99 86 -18 -18 -35 -67 -80 59 55 -24 -43 5 -45 97 -16 39 14 -97 5 -34 41 68 -60 -85 -13 8 -85 44 -51 -77 -85 -71 -1 -61 -93 28 15 52 31 -31 -78 -28 -41 31 61 15
44 92 -84 59 91 5 -72 58 -26 -13 84 -43 -8 61 -81 -45 -80 47 60 -18 -1 -23 28 99 -45 -26 43 -98 39 21 80 -89 87 66 79 56 15 -58 69 48 -23 -91 -45 -92 -35 21 -24 -34 24 83 56 5 -68 -17 -22 -55 96 -77 54 72 5 -28 56 87 60 -18 63 -81 -8 -40 -47 -93 -17 85 6 -97 -31 -65 88 -63 -60 -42 63 -54 -41 83 -57 17 32 -2 79 19 77 -21 36 -27 75 -70 50 73
49 35 96 -25 -68 -32 50 18 70 34 -55 72 37 47 -20 99 5 72 15 32 -78 -78 19 39 41 -80 -36 15 32 -27 -1 -60 6 83 28 47 -2 26 85 -1 -45 12 -8 -82 -67 51 32 -83 -7 -49 -77 47 -84 -10 61 69 81 59 -60 56 -16 -2 -50 -36 -34 20 -28 83 -71 62 -15 -54 -77 89 92 -89 -85 97 -25 18 25 -96 -10 -4 -80 -5 -99 1 38 49 85 40 -77 65 7 -89 88 -27 -19 -98
18 -14 -31 -58 -96 12 -55 86 92 -55 16 35 -39 -5 99 -47 -53 80 89 -73 -1 64 -71 22 -86 35 -27 -47 97 0 -87 -51 -89 22 -47 -72 63 -34 -31 -42 18 -31 75 -58 -23 8 -96 32 38 -68 -47 93 40 -64 -70 67 10 22 17 -5 -87 43 -4 92 73 -52 -80 38 -68 -94 -63 53 8 61 39 -75 -84 68 -59 -68 74 75 -26 -39 -12 64 9 -37 -14 -77 -17 5 -43 49 10 -62 -52 -54 -95 -39
-57 54 -57 -46 -8 -41 91 25 -70 -85 -100 -76 18 -55 40 21 31 11 4 18 -42 24 -24 81 30 86 1 -60 93 17 -64 92 -44 -75 46 89 40 -88 9 74 73 -56 28 32 -98 -99 38 98 -28 -14 -7 -18 -92 16 -75 -81 47 -85 -30 34 -1 30 -12 20 -80 -98 -55 -1 -33 53 49 11 -53 -3 11 -11 0 42 2 13 17 8 49 -42 32 95 -94 -27 -32 5 50 -86 7 -77 76 -73 53 98 67 44
0 73 2 32 -35 -4 55 -53 -15 -42 -51 -81 16 89 27 -55 30 -41 64 -100 42 41 10 79 -70 -94 46 63 66 -81 2 -55 97 87 -64 -29 86 -69 -40 18 -12 73 -88 93 48 11 -2 -2 -41 -90 62 -25 -87 -36 -4 44 -43 -53 -67 60 -20 -51 93 78 45 -93 -34 -88 -16 12 -20 -30 3 11 -64 -69 -5 -41 -14 44 -91 32 8 77 -73 -9 78 -90 27 -20 -18 13 94 58 12 -67 -97 -23 6 39
15 76 17 -70 -34 -57 -100 -54 27 -41 -35 59 -48 -11 46 -52 -7 -4 -29 -89 69 -82 -3 -6 24 37 69 73 -9 75 -80 -2 89 45 32 -60 47 -66 29 -5 78 -54 47 -87 8 -84 -86 -11 64 76 -26 62 93 41 83 84 81 20 53 67 -90 -54 -61 4 -24 65 93 74 61 8 -2 -33 76 -58 -18 -73 -42 -46 10 54 -62 -6 38 -9 39 -74 -22 -86 -50 -24 -5 -20 40 -10 65 65 12 -69 -83 -52
-40 -9 71 -71 25 8 16 -13 74 54 47 -58 -62 -56 78 -5 79 64 -23 -76 87 90 -2 -82 -19 16 6 -77 -74 -1 -91 -28 28 -16 53 -38 -70 -51 67 -32 -47 99 38 95 -59 72 3 31 -95 82 -29 -75 -56 99 -24 66 43 17 50 -48 -96 33 -83 -75 -3 98 74 -33 42 -31 -13 39 -21 26 -80 66 -2 33 90 -96 13 -8 59 -21 43 33 -9 58 -52 60 -17 15 -92 21 -57 81 -54 -41 -100 -37
34 78 37 69 -46 -74 39 20 -85 -61 96 32 -68 47 -91 24 -60 26 -51 -79 61 84 -36 -71 -51 -44 51 -89 57 25 98 -18 -9 -28 -30 65 -23 58 4 22 -69 36 -60 -67 54 49 -46 -77 75 -62 -36 -20 5 -62 -38 7 87 -79 -1 51 80 7 99 38 55 45 -35 -73 11 -95 33 -54 30 10 -60 -82 40 -87 -86 98 -4 -4 -4 40 29 91 -41 -33 61 -24 40 85 -34 1 1 20 -78 86 -6 -95
44 80 -97 -34 -55 -79 33 -4 56 -93 -31 5 -21 10 -24 7 84 65 -31 -70 -37 -20 -62 -6 -91 62 -5 -65 2 12 86 12 -24 -8 -99 48 -63 55 -2 -1 85 84 29 -28 83 -6 -73 -37 -42 -61 -42 -51 95 89 69 -66 31 -82 -16 30 -71 -33 -78 7 -5 16 -77 -100 31 5 -81 88 -62 -10 -82 -100 44 28 41 75 -53 -57 -74 -39 5 -96 8 57 -76 49 -26 -85 -74 50 70 -32 -9 -17 -85 4
-1 -44 -32 52 69 51 -57 -97 31 -41 95 -81 39 40 -37 33 -24 -22 -72 78 68 83 40 77 81 53 -100 35 36 37 -92 -77 47 48 21 8 -12 -27 20 -53 38 20 -44 -94 11 8 81 -70 -43 80 -40 62 -91 22 -37 -18 -55 -87 -37 27 -16 75 -33 -80 -35 96 63 42 73 -100 81 49 69 3 0 80 3 25 -64 -33 -44 25 -91 58 30 63 45 40 25 -83 2 -71 5 -89 33 -52 -21 38 -75 16
97 -60 -48 41 87 -82 53 57 -58 -56 57 58 -68 62 -64 -29 -35 -78 -12 -40 -78 -1 -10 42 -47 18 80 -87 20 -42 -85 -69 1 -87 58 -9 -11 -86 -20 -63 31 51 -49 62 -78 4 -99 -85 0 -24 -28 -95 68 11 92 -68 0 -34 72 -27 -84 50 68 52 -52 58 69 97 17 1 -10 -64 43 76 -9 -32 -78 -79 -1 -2 -48 84 39 -12 7 -7 20 -92 -24 -37 -77 -28 -14 -6 -29 29 -70 31 -13 -4
-91 -39 -80 38 25 18 -87 -92 99 -58 92 75 -15 51 -10 -55 -22 84 18 51 -70 1 -1 12 16 -42 47 -60 -57 -22 20 -29 3 -80 -44 -13 -80 -73 27 -57 -16 6 67 -50 55 -68 -34 -58 -12 -92 29 64 48 -88 -82 -99 27 32 13 -16 -46 95 -72 -90 -42 62 75 48 76 21 -62 24 40 89 -83 -63 95 -93 57 -45 31 21 -54 28 53 67 36 -47 -91 98 63 -26 46 -93 52 -75 80 73 83 51
-79 -35 -40 -50 -1 74 -78 57 19 -31 99 -16 -13 -36 7 -16 -36 30 56 -61 -76 -70 -68 8 -27 -67 18 61 -71 72 46 12 90 -100 -95 56 68 7 -37 -95 74 34 32 -17 -17 -23 -41 -49 -72 -97 88 -31 58 27 -27 -36 -75 -48 69 -49 62 96 65 -57 -24 61 72 -42 27 9 87 10 14 46 -5 -43 -36 27 -46 6 11 23 24 0 -79 45 53 -56 -99 52 -5 6 -12 26 86 95 96 -6 31 -42
-66 31 58 23 41 -25 -44 -72 -51 -61 -48 73 -9 2 -35 76 -77 46 -86 98 -35 -47 -13 94 62 -65 -91 -37 63 -6 -77 11 29 74 -5 50 88 3 -83 -52 -76 81 -9 23 -56 -57 44 -86 -55 96 90 51 -23 60 -100 60 24 32 42 22 -90 -1 -19 -73 -24 -63 -54 24 66 59 -40 27 38 54 81 -48 -94 -35 46 45 93 -56 42 38 71 0 -10 -93 71 98 38 46 -57 -69 -96 -74 94 -71 -18 -80
10 -41 37 44 -63 -8 -74 57 -36 -37 -89 69 31 25 -79 49 -96 -92 27 64 -95 93 24 -72 77 -98 57 83 -43 -85 81 14 34 -77 76 58 -68 25 -11 -77 -96 -14 82 17 -61 97 97 -35 17 -57 -7 -82 31 -78 63 14 -48 -81 75 -51 78 9 60 97 -78 -81 19 -81 40 -46 -17 -73 -42 -35 22 -25 -89 -23 -50 -78 51 28 -85 64 75 94 95 -58 -1 11 -77 -65 65 -57 66 27 -29 54 91 -85
80 55 -19 44 25 13 0 -40 -70 -76 92 -69 -29 -55 -19 -79 -13 99 -23 -22 -60 67 64 46 42 15 71 -43 64 -30 31 -8 42 73 43 -22 -28 6 93 26 -84 21 -41 24 34 13 -13 37 43 -53 48 -52 27 -3 -82 -57 -79 -16 -85 83 -79 14 8 92 -23 -32 78 8 -70 -35 -74 -98 12 14 55 93 -99 -19 26 34 3 -16 24 -65 -84 -97 -31 79 -27 99 -97 -66 -19 -53 -93 62 -41 62 -4 -13
69 -41 0 -79 -24 -68 -40 17 -2 21 -75 -79 -64 -43 -75 -70 -93 -52 -51 -44 -64 99 -35 -44 32 -75 2 37 -27 -62 -40 -95 -58 -62 -94 -20 83 -42 -30 -93 -30 43 53 69 50 -43 -64 -21 90 69 -28 -88 -23 25 -56 95 -74 -72 29 4 3 -88 45 68 -80 42 32 -25 86 73 52 -17 -43 35 -94 19 -95 -40 -99 49 -9 17 -32 -11 -83 -86 -60 18 -100 48 -14 -9 69 47 75 -89 66 -5 -60 41
