11 18 13 60 -33 -24 92 -33 -31 17 -62 -93 -98 52 48 -88 -60 -10 13 -54 64 -47 -65 -96 88 -51 97 -7 -60 -37 -16 54 -38 67 79 -25 -3 66 -96 49 77 54 83 -2 42 -40 12 -41 43 17 -1 27 -27 -10 -24 -65 -35 90 7 55 -79 -28 -48 70 67 22 -73 -31 -40 3 -70 -55 8 -39 6 13 -32 25 -42 -7 -61 -11 -22 39 -54 -86 -40 40 4 -50 -70 -78 -33 -11 -53 -6 89 22 76 -84
-42 -74 50 69 -22 -42 62 -95 -4 -29 -4 64 71 -37 90 -63 -85 -15 0 -43 -8 -15 82 -65 -63 3 -60 -47 81 -77 13 22 15 25 18 2 16 40 -20 -25 69 -8 -73 -18 29 31 97 -53 -22 -85 74 9 83 56 64 -74 -87 83 0 19 -80 -7 15 -1 -61 90 82 -90 -77 -7 -76 58 81 19 52 96 -1 86 -21 -75 62 18 72 -12 -36 6 -75 81 73 -80 -13 83 32 30 15 -50 3 -34 -25 -58
47 60 76 48 50 43 86 11 10 -99 -19 26 -40 23 -5 52 66 44 70 -74 -75 -34 -13 -70 84 46 2 -14 96 58 -35 -63 16 26 34 46 -44 -95 -28 -1 30 -56 64 40 -46 48 48 34 85 8 -95 -87 -91 6 35 40 73 -72 70 90 -37 -30 54 9 -74 -31 -15 -50 18 36 -16 -87 96 -10 -18 11 -98 -58 -62 -16 98 9 -30 9 90 -41 84 36 74 15 86 -24 44 -62 54 -62 -42 71 -82 -97
-99 -3 -90 69 72 87 69 40 82 -85 -57 82 31 32 53 -48 -6 -21 86 65 -81 80 54 23 -2 -85 73 90 36 56 -100 -43 93 14 22 66 -100 30 -77 -47 40 -3 28 9 61 -100 24 -97 13 -11 92 34 67 -4 -62 16 -24 90 -32 -35 -43 -46 -92 -31 52 44 -17 20 73 28 -97 21 -45 -19 -42 97 39 -82 -43 36 93 -91 23 -22 -91 35 -40 94 44 -13 -53 -89 -91 6 -61 89 83 -54 30 26
-67 37 1 53 72 -32 -59 90 92 35 68 -10 -99 84 -68 4 7 -48 -48 -92 -82 -56 86 45 47 -75 -9 17 44 -70 29 50 -80 -4 50 63 56 -34 8 82 -3 -69 62 -32 23 -88 -76 -76 61 -67 -22 -6 43 -58 64 -83 22 24 37 -86 61 23 -33 74 34 -93 24 68 -53 75 -37 99 -82 -25 40 43 95 92 42 -25 -25 -61 -95 -34 12 -51 -89 24 50 -99 -9 -25 -59 -29 30 98 -54 -36 6 -96
72 -60 -47 -76 73 2 -79 77 -93 15 10 31 -87 72 74 6 68 -85 38 52 -83 -29 -1 -24 -38 -65 -43 -42 25 -60 12 -81 -58 24 65 84 25 -28 3 76 -27 -21 79 86 17 -89 -76 87 -42 -12 31 77 -72 88 -67 44 24 32 -77 -36 -23 -97 -4 -40 -52 58 31 55 37 49 94 44 -47 68 78 -82 12 4 2 -96 -45 -88 -14 -51 76 -67 -44 89 32 -32 -40 -42 32 -40 -17 94 -81 10 -96 -44
-83 10 8 8 -23 -24 -87 36 -3 -12 26 -64 44 -35 94 6 -33 69 -97 -13 38 28 -4 -66 -16 -85 -14 65 10 -69 13 -73 87 43 60 71 -42 22 -45 -45 -32 -27 72 -49 41 45 10 85 5 -78 39 47 97 -8 -27 26 -83 56 1 88 -85 21 88 61 65 6 60 -73 48 59 -26 -53 -49 7 -36 22 -91 41 97 54 -57 32 -21 -9 -63 -72 -3 50 81 -2 92 40 82 67 70 -68 -60 62 95 -3
-68 -5 -12 6 -82 -9 -4 -78 -36 3 -40 -33 51 -8 22 -53 32 -89 -16 77 -37 -98 39 81 93 -32 -67 -30 0 45 73 -40 23 68 -17 82 49 98 -74 56 26 -98 75 -64 3 23 -4 11 86 -45 -18 64 17 -34 -95 7 29 50 -48 -60 76 33 -12 1 82 -30 -54 3 -40 65 69 74 -48 -44 74 -12 28 90 34 -43 -73 -33 22 99 -99 -83 -11 58 28 -44 -23 -75 -43 20 76 39 75 -27 -81 -100
-81 82 8 76 -100 92 22 -23 -69 70 -43 60 50 64 81 -43 -1 15 47 0 11 8 30 65 -11 -4 21 14 92 19 53 -19 68 95 72 -99 33 -47 -39 59 -28 -27 40 37 -20 -61 44 20 7 -34 -24 87 -29 25 -73 77 39 -54 15 43 78 24 -75 54 85 -62 46 79 -51 1 -38 88 -3 54 49 79 -36 -30 -18 -32 -75 -57 4 -94 -48 -23 34 79 -99 -62 -19 28 -75 -83 -2 -27 73 -86 -29 -57
95 -28 -71 35 45 -73 -2 1 40 -98 -98 38 -79 49 93 71 48 -81 75 -63 -91 59 81 27 -16 -77 68 -35 -65 -96 85 16 -49 24 -62 22 50 16 -29 -53 -73 29 64 53 37 -22 -58 71 97 -79 59 89 -17 15 -47 25 -64 22 -77 -91 63 54 3 26 -64 -54 -71 49 98 -16 52 -82 88 -47 9 -28 -22 -69 47 -54 -63 -77 59 -87 38 -80 -75 62 73 37 81 -5 4 5 -99 -59 15 -46 59 10
-62 83 -66 -98 -72 39 -1 -28 45 17 -41 -17 44 34 -62 52 -27 -55 -59 -59 -83 95 -43 -67 -67 -65 70 -8 93 93 -19 -39 49 74 -87 -96 93 20 -25 -24 -97 -5 -28 39 -33 13 71 52 -59 -47 26 74 84 -35 -2 36 -92 -98 -28 42 97 46 -45 48 54 15 -5 -81 -56 -26 47 10 64 32 50 55 -45 85 -98 49 80 35 42 41 61 -73 67 54 36 71 73 81 -48 78 66 -83 -68 0 -95 -9
42 -99 -48 66 -86 57 98 -6 -53 56 14 -41 41 53 54 55 55 94 5 57 -16 -82 57 -86 4 -84 -56 -81 -78 10 75 7 -51 0 40 -16 -49 35 5 95 -84 -65 28 31 -7 -87 36 -21 72 -87 -32 56 -90 -53 45 -68 23 -15 83 34 -70 -29 -27 -36 -67 -100 75 -44 -40 8 -23 41 80 11 56 21 4 -1 78 -96 -50 48 45 88 -1 -56 -27 -76 -37 -70 31 91 -6 59 -92 -98 -11 -16 84 36
12 56 -70 23 -86 55 -81 9 20 49 74 -97 -45 25 74 -90 18 -99 88 -71 87 35 -93 -5 -54 -87 -30 51 -28 -72 3 -49 41 -33 -1 1 44 -9 -32 40 24 97 78 -54 83 46 -50 82 67 31 -63 -56 62 60 75 -41 40 94 95 52 -4 4 -91 6 -74 64 70 -60 68 46 -42 44 -56 80 93 39 -71 63 89 1 -83 79 97 -4 -51 -12 86 -83 69 50 -56 -19 9 67 -69 -87 -17 25 82 -18
15 -79 36 67 48 -57 -49 9 28 -64 44 -35 21 29 -12 26 -71 -73 -70 16 -62 -93 41 24 17 77 -81 59 -18 85 65 -71 16 -69 -65 -13 44 -40 8 33 -65 -10 0 65 6 70 -30 96 -34 -58 21 50 -23 -14 10 -54 81 -74 -2 42 -35 -46 33 9 -86 12 -7 21 -55 4 -89 -38 64 -18 -64 28 1 -87 -49 87 57 31 -20 3 -11 33 -86 -62 78 -71 -66 3 -77 -57 30 -19 2 -77 28 -68
32 -52 60 4 40 68 -27 -89 -70 -44 -35 29 69 28 -23 50 63 82 67 -13 87 -37 -20 -94 43 16 27 47 44 76 -31 -49 -67 -46 -76 -4 -34 72 -98 -85 -29 -44 -34 -52 87 -3 -33 -66 -97 82 -16 48 83 1 0 32 -59 48 74 90 -39 9 69 -82 52 4 57 19 -69 44 35 4 -59 -10 -69 89 88 -1 18 54 94 19 -95 57 -64 -82 69 56 -63 65 -26 34 23 75 -48 73 47 17 97 49
39 -55 57 11 37 45 84 40 16 46 -42 -82 71 83 -4 -90 -75 -66 -32 -7 -63 -83 -93 42 -57 -40 8 46 -28 4 35 -70 -4 51 -22 98 52 -68 -73 58 -98 76 -85 -1 -81 -73 43 -88 -90 -80 11 -14 -62 39 65 -2 -33 -32 33 15 60 59 -17 -99 60 -78 23 66 61 -2 -88 -24 -94 -91 48 -63 -81 98 -36 -58 -34 73 77 -73 -33 9 74 27 77 -83 54 13 62 31 11 -62 1 -41 -99 -93
-25 45 45 1 83 57 -84 -59 -77 25 -74 2 65 -58 49 56 89 51 -58 24 -35 34 -32 71 -83 -74 44 -59 -23 4 -34 -7 64 48 61 53 -98 47 -39 15 -84 -54 -60 78 -94 -48 -38 -37 76 49 -83 73 35 30 88 8 -27 83 -24 23 70 30 -12 1 -45 -56 45 -26 47 -7 -41 38 -16 -53 56 -62 -89 -87 60 -88 -54 50 -36 55 27 95 98 -18 -56 -11 63 70 -89 -48 -12 65 -68 -90 81 66
55 -86 -43 65 26 -26 -98 -20 -80 -54 -15 -35 49 5 78 65 -89 26 -29 89 5 70 -76 -33 30 -47 92 73 -5 -68 -66 85 19 -100 -10 84 18 70 15 83 97 -37 -2 89 62 39 50 28 -17 -69 -13 24 -62 -95 -69 -98 -56 -90 93 56 -72 -14 99 -30 -87 -65 47 61 -44 83 51 70 63 23 24 89 98 24 81 -6 7 -92 -45 -10 -14 97 -86 20 -78 -91 -52 -62 -33 -63 -20 97 86 97 43 -36
15 -31 97 30 87 -43 -87 -5 -95 -82 -91 -75 -72 67 -63 -95 -90 -54 81 75 47 -43 -76 -14 -49 -14 69 -67 -54 29 80 -91 17 56 7 32 -23 -45 93 -32 -50 91 77 -9 67 88 59 -54 -75 -43 44 35 57 -56 -100 -9 -72 -64 87 -67 -83 -40 -69 25 59 -57 -15 -29 -50 -7 88 80 -18 88 68 75 -46 37 53 -94 -44 41 -68 -19 99 54 -20 -32 -88 67 -10 24 -83 83 -39 -70 -58 5 -41 -48
-29 53 -63 -69 -16 -93 50 -75 2 53 71 -68 -14 -45 0 36 -1 -74 5 6 -28 66 87 84 68 86 43 -54 -66 44 -11 -7 86 -21 -44 59 22 -55 -70 58 31 -38 75 -87 -20 -1 -52 -26 42 -83 -25 3 7 82 -77 -10 10 -38 -28 48 93 63 58 42 46 -98 -26 -17 -47 -23 53 22 -19 64 57 26 -28 -16 74 27 -70 -18 48 -25 -8 0 79 -72 -24 -95 70 -6 -26 -20 61 40 -41 53 23 15
88 -56 -97 -47 75 -97 47 -39 56 66 34 19 62 13 5 84 -91 21 -83 56 12 81 -75 79 41 -87 -35 43 39 8 48 -77 -45 -94 -85 -96 -69 42 41 49 37 -100 -95 8 97 -98 0 -9 -19 37 -28 -76 -83 -95 9 11 -56 -25 -5 44 -85 -48 -96 -92 32 -21 18 4 -18 -82 -61 -97 77 42 50 69 21 -7 -2 -32 4 4 -41 -40 -53 2 74 -85 2 -46 19 -59 -78 -5 3 77 -61 69 68 -44
73 -23 53 -1 90 10 -76 -65 -61 -41 46 -92 -48 43 -45 45 -31 -77 92 -59 -15 -35 26 63 -65 -66 -90 86 41 76 78 27 -1 -33 -24 -98 -16 -24 -61 64 -73 52 -56 31 -40 -82 72 88 7 -25 -42 -79 -54 62 -45 34 -7 19 51 -62 20 -45 7 -1 -94 41 -100 71 -65 97 53 -43 -84 -65 -66 98 24 80 -20 98 -80 -47 53 -7 27 -88 21 94 37 86 53 10 13 -67 -48 53 -25 -69 -6 55
-36 -95 -80 37 -20 70 -27 33 1 65 30 -32 54 71 43 38 72 58 -77 8 95 91 -55 24 3 29 45 -43 55 -20 -76 -26 -51 -49 -75 8 -62 -72 -88 14 54 28 -12 -30 -92 28 -86 45 99 -34 -66 -40 -81 -81 -10 98 -74 -41 -52 -39 2 81 -89 16 -66 -46 39 45 -27 -2 94 48 32 75 -51 88 -21 93 38 95 -61 28 40 37 -55 -72 82 -71 27 -47 46 71 19 37 -10 50 -34 66 20 36
-91 48 -56 40 -44 70 -68 -60 88 -54 62 3 16 18 -63 -22 -80 -27 6 0 -93 -66 -1 85 -30 91 -51 -67 30 -89 -25 83 -40 48 91 -92 -54 -79 -5 -51 42 -50 94 96 -57 -44 -63 18 62 -57 3 -21 -80 -4 90 86 70 1 84 -38 -11 90 -54 53 29 -50 28 -35 -89 -38 26 -76 -24 -92 -46 -86 79 -10 -79 82 -61 32 -89 -28 1 -90 91 -98 -1 39 47 56 -16 84 61 7 63 9 -9 45
-86 -12 84 77 58 -36 76 38 80 -65 18 -67 83 -19 -26 -96 4 31 -62 56 21 -4 20 -59 94 42 24 -39 -13 -27 34 48 5 53 -3 25 -25 -4 79 -85 69 4 70 -25 6 -54 73 -3 23 -90 -53 60 47 90 55 87 -35 -26 70 -33 -57 28 41 46 96 -49 -39 32 49 -12 42 -64 -21 -39 -71 38 -9 -23 42 31 -70 -57 -23 -75 19 -62 -67 -81 15 71 -88 -87 -72 98 -25 -16 -97 -37 -53 -22
45 -3 -60 -29 -70 -42 3 -88 -52 23 -66 -92 2 77 -16 -89 13 -76 -36 60 69 -100 85 -83 -8 0 -45 -7 -24 -14 86 63 72 -83 16 -63 -7 72 -52 72 -84 -74 -55 95 35 87 -88 -75 94 -59 -11 16 80 99 73 -51 -47 -30 -34 -84 -71 0 -69 90 -39 88 28 -23 36 -97 41 52 86 -72 68 95 -77 49 -87 -35 86 29 -77 -29 42 -60 55 -81 24 -4 -88 64 28 -96 49 -4 -43 63 21 51
87 -96 -30 42 -65 95 -75 5 36 -8 30 -93 97 24 -27 41 -4 -74 -58 -24 -61 -61 54 59 50 96 -1 -69 90 -74 50 31 28 -24 75 38 -11 -86 -79 -41 -65 -29 -26 -82 54 12 78 27 55 24 81 -68 -51 -81 -22 -39 10 -54 -50 -66 95 48 86 16 72 -71 24 50 -3 -44 -42 51 -7 -71 -83 19 54 -66 -95 -11 -65 64 -47 91 30 95 -4 41 -72 86 93 -23 96 53 68 -32 78 8 -13 37
-10 -34 -61 84 -32 86 68 98 -32 79 24 -67 -63 36 10 -4 -33 -38 -99 -88 -40 -19 20 22 97 -74 -96 21 25 1 74 9 -24 52 34 81 -54 97 -94 -34 -98 79 29 -87 -25 85 -46 -66 -100 -23 26 55 -10 -69 -9 -76 57 14 9 -79 99 -80 -8 -26 -44 -23 90 96 70 91 -26 48 -30 -78 3 -90 -88 99 -26 36 22 -10 1 42 -33 -25 88 -59 42 17 92 -68 42 -81 99 -15 89 -46 -20 -94
15 43 -98 4 -87 21 35 -62 32 86 14 76 -19 19 11 -15 -10 -36 -53 -57 -2 -35 -24 64 -41 69 -19 1 -28 14 37 -45 -30 76 -86 54 -22 -85 12 65 8 59 33 40 58 64 50 -56 -12 -60 92 -42 -31 34 -48 78 52 -64 -35 -32 2 81 -98 55 -65 33 -72 1 -35 38 -59 -92 52 -14 -27 87 -86 -46 86 -57 95 76 -59 6 -79 -43 -15 -9 -79 56 68 -71 -32 -82 -42 99 1 -24 97 -81
57 13 53 12 59 -60 -66 -19 65 41 -71 -65 -93 -40 -31 -76 66 39 -40 22 20 -62 28 -5 96 -70 -29 -26 -77 -66 81 -25 -61 39 40 -92 68 3 -70 22 43 50 18 33 -77 4 75 49 21 5 7 -79 42 93 -21 15 -75 61 15 -60 60 63 98 -30 51 -50 95 -61 -54 -43 -18 -44 99 -27 62 41 -4 12 -78 22 62 -12 87 6 -63 -84 -75 73 5 48 -59 -68 42 -14 -52 93 73 28 -85 -67
-63 34 33 12 -21 -95 -85 44 76 -16 7 39 47 25 -19 95 -36 9 46 45 81 63 -43 -90 -8 88 -70 -52 30 -20 -64 -37 -42 24 80 50 86 -46 91 -3 10 -47 -16 -98 42 36 12 29 16 4 2 90 -86 17 85 -75 -23 -18 -3 -52 -64 -1 35 94 74 92 69 54 -37 50 -28 98 -40 57 -52 46 -94 -14 39 -27 86 -91 82 87 -21 39 23 -71 -28 63 -1 30 -5 -43 -66 -76 34 -29 8 -12
46 24 9 76 -6 -81 -64 -95 26 -4 20 99 -30 -43 -8 14 -20 -20 72 5 82 93 -32 -53 61 12 -48 -81 -31 1 8 -42 24 -98 -10 18 96 -33 -77 -12 -7 -61 61 -64 -96 40 -52 23 44 94 30 90 37 78 -46 -9 -96 58 44 -76 -24 -11 -98 -98 7 -26 87 28 71 58 -36 -79 30 36 95 -19 95 -29 33 11 -26 95 -6 -90 54 62 -20 -8 55 32 -11 39 20 -42 68 -51 -44 89 -75 29
3 -54 23 73 12 83 -31 2 44 54 -26 99 67 96 77 84 -9 -62 -15 -86 -56 -67 -68 69 27 -97 -52 -97 92 -5 24 3 -76 93 -6 -18 -29 -61 25 -41 -28 95 -14 -79 53 -82 -92 -73 95 -59 -23 -25 -1 -86 46 33 69 76 -4 -69 -4 31 26 -29 -88 -100 -74 -15 14 -57 4 -87 66 81 -20 -45 92 67 -39 11 79 69 -91 50 48 44 20 -91 -24 -95 -60 87 92 19 11 22 47 -41 6 -10
-47 -76 42 60 66 -92 63 -34 -92 77 -15 -89 -89 4 -49 -14 29 -8 -62 -44 -61 -76 26 85 34 66 7 -42 -80 8 60 -72 -32 -89 -23 -59 37 1 88 90 36 27 -45 -1 -49 -74 -48 -92 -1 70 -83 -40 -96 -10 4 9 -64 45 -88 32 -43 -10 6 -53 86 72 -40 -95 -100 -77 -2 -26 -3 -31 92 84 -66 14 -77 -20 15 82 87 36 -67 -14 78 -77 72 -15 -11 62 37 58 -9 -24 65 -63 -28 43
-39 68 71 37 -9 -97 9 -62 -36 92 -40 -61 29 40 92 34 -51 -98 -47 56 17 96 32 -90 -97 -65 -46 -12 -85 34 -76 5 -65 -87 -67 -95 -37 46 -56 -95 -48 -89 -41 -87 -75 12 98 -25 -75 -89 -94 71 75 -70 -15 -21 -38 96 -89 71 86 63 25 69 -86 34 -58 45 96 -34 -90 27 58 -34 -18 96 -89 -43 36 74 62 89 -11 87 -35 80 22 -89 45 -15 -34 62 61 91 -19 -85 83 25 23 -52
-13 33 -1 -43 -67 44 86 72 -6 39 99 -94 1 -2 -64 -30 3 98 -47 -65 24 42 25 -32 71 -17 24 -24 95 -43 -43 49 -79 -56 -31 10 71 20 -22 51 10 -64 75 -20 48 99 -76 -68 -64 25 29 89 72 12 81 60 -12 3 69 79 59 10 -11 -52 91 95 -74 9 -98 -36 81 -89 43 -67 -75 28 66 94 -3 72 85 -43 21 7 -39 -57 -71 -45 24 -16 33 -12 12 8 -42 -31 88 20 41 -77
19 -32 56 -91 -67 -10 -26 -62 5 18 71 51 94 59 30 -9 4 -42 90 -81 34 20 92 -14 -34 99 -28 -55 91 57 77 -5 68 -21 86 -57 41 -14 -47 72 -3 -24 -85 64 43 -4 94 81 -96 21 -65 50 -42 63 -16 -56 -10 25 97 9 -83 33 62 9 41 70 57 -68 -38 49 -42 80 6 43 -16 -68 32 19 90 -13 5 -6 8 12 -48 -29 -81 -5 58 -75 46 1 -90 67 40 -65 11 35 -35 16
26 -92 -57 -88 17 42 -2 81 17 25 96 35 -10 79 -58 -70 45 -15 99 83 27 87 27 -25 -14 -20 -27 -93 -38 50 -25 -6 53 49 75 22 85 -29 -68 81 -93 20 -71 68 -89 29 99 90 -35 -42 33 24 92 -56 -96 71 12 68 27 12 52 -5 -87 82 -17 72 -76 63 -43 -91 -6 98 -81 65 -2 -34 -73 68 -94 -96 -41 -25 74 47 -17 -68 -80 38 81 -4 -18 95 -27 8 -40 38 71 67 -86 46
-59 9 14 -15 17 9 98 39 34 -58 -91 -64 -42 -1 36 34 12 48 -90 56 -3 -17 -47 52 -86 68 -21 -93 84 77 10 -57 85 40 -82 -76 67 -30 -62 -32 35 69 90 -67 92 -56 71 21 36 -53 62 38 77 -76 4 -47 73 -41 3 47 -10 35 4 3 -64 -19 -26 -48 22 89 68 -62 96 -43 20 61 94 48 -99 67 -8 76 -60 31 49 -90 17 29 -15 26 -83 13 -63 -43 -6 -24 -1 -65 3 -79
-54 1 -42 -74 -1 -18 97 -88 68 -83 -91 27 30 63 94 56 -46 -63 16 10 64 6 27 41 -6 38 24 -23 0 -23 -100 28 -33 -76 60 -29 32 94 -63 53 19 -33 -73 56 -37 -43 11 15 78 3 -21 -43 -16 2 -32 30 91 60 38 -55 -46 66 63 -14 48 -40 27 -75 -98 -84 -50 87 53 0 38 24 7 73 -30 46 -86 -55 -75 -26 50 -7 -70 83 32 -91 -1 -20 -11 84 42 -22 32 -48 68 -81
-17 68 -36 56 62 -60 -89 64 -88 59 -2 -26 62 74 -17 -29 17 -92 72 -39 -77 -59 75 66 95 41 0 -45 34 -76 -46 72 -7 -17 -35 -54 -31 8 80 94 23 17 30 23 -99 -97 -16 -43 56 44 82 15 15 54 -48 -67 59 -65 86 -43 -37 29 3 -2 -21 0 -16 98 -10 21 98 -33 86 -15 -48 24 -64 -32 -57 88 96 -30 42 -17 -19 -14 14 87 72 52 -90 -28 -57 90 52 -57 -27 -81 35 73
61 8 -10 -28 83 -48 13 86 29 23 -37 94 -70 -34 -71 -82 -19 50 38 -59 16 61 79 -36 -39 -43 42 -59 92 -93 64 89 -71 33 3 -84 38 -24 -35 9 -32 58 53 -29 -20 -74 6 63 -23 24 86 -85 70 -40 -52 -60 38 24 -11 -78 -70 -72 52 99 -83 -66 -65 -83 -8 28 -39 48 20 -59 -64 -19 68 86 62 7 97 -89 -87 -15 -86 -61 -30 30 69 81 37 89 24 32 12 73 61 2 -68 -75
26 -43 81 -58 -78 4 51 90 12 61 92 12 72 -94 41 -46 71 -5 2 89 -2 -14 51 -37 -79 95 24 -90 -33 48 34 -77 56 48 -63 76 -34 -43 -75 -46 -89 -1 62 70 42 74 89 -34 -18 73 -92 95 11 -9 -15 -79 46 -5 80 88 67 -5 24 -24 -54 -69 7 -77 -98 32 -31 17 -45 -97 89 86 78 -84 -9 -61 81 -57 -55 56 -72 8 28 -61 -38 -59 -99 67 -76 -68 -32 -86 -85 32 46 -22
-34 46 72 -58 89 -87 70 93 57 -44 17 -96 -2 51 -29 55 -80 -78 40 89 25 70 -16 16 98 8 -53 27 -85 -74 -91 -74 -79 97 -21 -23 70 -42 -58 -8 69 74 98 13 11 -29 88 65 -41 99 79 -28 66 75 -82 -3 -53 -33 82 -70 4 1 89 29 -68 77 -45 -14 49 -62 -9 73 -55 88 -10 -47 55 -42 61 62 -88 -95 77 48 63 13 31 -70 30 -35 74 -23 -70 -42 19 61 -52 17 -79 -35
-76 32 -19 15 89 42 -31 -52 -18 -40 -94 21 -58 54 77 -37 -81 -34 -86 -42 -99 -46 62 15 39 -96 39 -76 71 -99 50 -22 49 -36 99 28 59 16 -42 -96 -52 -30 80 -90 -38 41 81 -75 78 95 -99 82 57 14 -28 -97 33 40 -100 -4 82 -98 -38 26 16 -96 62 86 -83 13 -51 -55 35 -38 -85 82 4 10 6 3 84 84 61 81 -28 -29 -96 16 14 20 13 -90 90 -87 5 71 54 1 32 55
73 -54 93 -9 -51 54 -21 -79 64 -40 -15 11 -89 46 13 53 16 41 25 -6 5 -82 -90 71 -72 31 95 -54 -59 -19 -47 -19 57 3 -84 -85 -5 97 54 43 14 32 -93 31 59 91 -76 58 -28 -31 47 88 -27 19 56 -100 -15 -83 -74 75 -92 71 -56 19 39 -55 64 -95 -35 -63 -70 73 -92 48 -85 -72 47 82 70 26 65 62 -53 51 -97 74 -77 -98 99 3 20 23 -21 94 -94 -94 -18 -24 -45 -22
65 -5 83 -49 -62 -100 -94 -100 75 8 75 -45 -25 69 16 -72 91 -16 37 21 -50 73 -21 72 -19 -1 -78 95 31 -95 -50 6 58 28 -79 45 44 -76 -85 -31 62 28 91 -97 -99 -48 7 77 -73 43 -89 2 35 -23 90 -63 -24 -91 43 -48 16 -100 -66 12 -79 -25 12 71 96 91 -51 10 -10 -30 -31 67 43 -12 -32 -31 -66 47 64 59 85 -96 32 -32 -40 93 -3 4 21 -5 -62 22 -14 -88 54 23
-56 35 -82 61 -4 -100 69 -78 99 37 80 54 92 65 17 46 -91 -78 -55 74 -67 -89 26 -52 20 -64 -18 76 57 -10 26 -29 71 -92 23 23 -17 -43 -50 -76 -14 3 72 22 -26 57 -41 81 -62 87 -77 5 36 -13 40 81 -28 -63 48 42 49 64 -69 37 3 -90 73 43 22 -100 39 56 82 14 -35 -4 31 63 -37 72 -60 -95 -92 -8 52 94 61 -92 33 -24 -67 -24 33 -2 70 -80 72 -67 -54 -13
-86 -45 -49 -86 2 92 -94 -79 57 19 46 -69 -89 -44 -10 22 -100 87 62 45 -31 -54 -72 -19 86 -29 37 45 25 -12 7 -92 0 -86 7 -87 9 57 -80 -89 -14 -25 39 69 5 -20 34 -79 16 73 -39 -2 -18 70 -29 -33 63 -25 -30 86 90 -45 -100 -53 -93 -100 70 -97 -90 -4 -36 -63 -37 27 48 31 19 -61 -64 -43 75 -43 -93 57 -100 29 -7 45 54 -47 15 -14 90 -63 -70 -56 5 76 19 59
48 -31 72 12 -25 81 -1 29 48 -5 -92 -70 87 94 76 69 -32 31 -86 97 -89 -87 67 35 6 -80 66 80 -80 29 74 -61 69 -32 66 -27 -69 11 67 -7 -11 -75 -40 -8 67 51 -30 -48 87 -93 92 -88 -33 26 -47 -90 95 -93 95 -68 -97 41 52 85 -22 80 -54 -46 -76 52 -71 72 -29 50 -27 71 64 -62 -76 50 53 -9 -98 99 16 -36 40 88 58 73 -7 -75 42 17 9 -83 27 24 18 64
-100 57 -60 73 -64 -26 82 -79 55 60 -13 -67 78 95 -65 -69 50 -50 -36 -82 -39 -88 77 -11 -80 7 98 10 52 -1 -79 94 -92 23 -69 -3 -12 -32 -80 -48 2 87 23 65 -7 -20 41 99 -92 -68 58 82 34 -59 -73 55 87 0 -90 18 77 55 87 -82 55 -80 70 -18 56 -19 -80 -87 -4 -15 -44 42 76 28 -5 -59 3 51 -29 12 64 -8 -27 64 56 -22 92 -90 -70 -56 54 77 97 96 -33 6
15 -21 74 29 86 -11 86 17 -65 -81 -25 19 99 -94 25 -8 83 -25 42 -54 -52 99 9 34 -78 29 -32 -44 47 45 72 29 -47 -21 55 -5 64 -32 -52 -75 53 -46 29 29 -27 -53 -47 28 -87 -83 30 -34 -17 -9 -61 22 83 67 77 79 -93 -86 -78 76 -16 -68 -82 -55 36 -96 -45 80 -13 40 64 73 -72 12 -26 1 -55 74 -62 88 -27 1 21 47 -12 -79 -24 -64 -76 -99 62 73 -85 73 28 2
-23 25 68 65 -56 36 84 81 -7 -5 -86 0 -60 -67 59 -73 84 -32 91 -59 -82 -46 47 32 94 24 -85 49 17 -77 -48 -74 21 -14 -86 -2 -36 -41 -98 -39 -78 -17 -81 96 -2 56 57 89 16 33 -30 10 -15 -8 -96 -37 -31 -34 -51 -15 -18 -27 -20 -15 -54 2 10 90 90 -8 94 49 26 20 -15 86 43 -18 -97 46 -9 62 -90 -57 99 -88 11 -74 43 -80 -10 -55 -72 -69 77 -10 -13 -19 -51 -85
46 72 -94 -91 -72 -88 25 49 98 -1 -92 -34 43 23 6 -16 -57 42 36 6 5 23 -81 -22 72 79 95 35 90 -91 41 -92 -1 -72 80 2 -93 64 87 34 -36 -24 66 -75 19 39 75 52 -1 41 10 -37 -33 -83 37 -13 -82 29 5 53 -20 83 27 68 -94 17 -73 53 55 -4 -1 82 26 -57 88 -65 46 -63 80 66 -71 -73 -97 -31 44 -79 -38 -8 80 -46 -69 -44 94 -97 84 97 -86 95 -49 33
14 -84 -42 -63 -12 14 58 -95 -61 64 -29 -34 33 -68 33 24 -45 6 -20 -70 -96 -87 -77 29 30 -94 -91 -11 91 23 -15 -32 98 42 94 -78 -39 -32 56 4 87 -77 4 -53 85 23 90 75 10 5 -20 93 -39 -89 -18 89 -81 -62 -46 -49 -43 -88 -79 5 -39 -43 50 54 93 29 56 69 30 26 87 31 72 -60 2 -46 60 -98 75 -42 -76 -19 -89 -13 6 -90 -93 5 14 11 -78 73 -23 -14 63 -3
-27 15 -92 18 -79 57 92 61 65 84 -40 -28 -44 56 75 84 -14 -55 31 24 1 43 96 -15 21 -74 -44 91 91 -85 80 36 -49 31 32 -30 6 -74 -30 -38 -50 53 -48 -97 77 75 -38 21 4 76 -50 70 80 -10 58 21 -52 86 -47 19 42 62 29 79 -98 39 -75 -6 -2 -63 -63 -59 -69 -21 -37 -7 -55 -9 -20 78 -82 -88 -45 4 47 -2 -19 50 71 14 -94 43 -9 -79 -93 -6 -57 1 62 62
-66 -54 96 -42 -1 63 -98 -25 1 98 -30 -85 -72 68 -85 80 -80 11 -10 46 64 49 -53 26 -80 10 -86 7 61 -80 -7 -15 98 -40 -39 35 8 40 -95 -45 44 -10 -64 -87 -22 -3 32 -21 -32 28 -65 51 -60 -60 -74 -37 27 48 -42 67 -82 29 83 74 41 -42 -33 -76 55 44 -100 -24 71 93 -17 15 -84 -53 99 43 21 -56 62 70 88 -12 99 -20 74 15 74 50 80 -74 -17 91 28 -67 -33 31
-5 -40 -100 9 73 63 -85 -58 -91 -47 64 -90 84 -55 96 51 17 7 -93 -65 -27 76 -46 -30 24 -67 -79 -8 -25 -23 -63 -71 -42 -36 41 36 21 -35 -78 93 58 -99 4 -20 -37 20 -6 70 -71 96 -30 -61 -13 2 -9 2 33 -7 -66 -81 -80 47 56 69 17 -41 9 -33 -51 14 90 63 60 -12 94 30 33 -70 -46 -18 91 -91 -34 -61 61 31 60 87 58 -39 -57 -89 36 87 -28 51 -39 46 -15 74
62 -19 -100 -94 43 14 -3 34 49 -71 -53 13 -36 18 -92 -52 -94 52 57 -62 -56 28 -11 -24 -16 -29 83 30 -45 63 0 -87 5 48 24 13 5 22 -65 71 43 65 -14 57 22 29 77 -87 -73 -98 34 25 26 27 33 -48 -26 52 -30 30 -10 91 3 5 -5 -14 -22 9 76 49 96 85 -15 -100 48 15 -46 -99 23 -81 60 60 81 27 -19 85 -40 31 -96 37 94 -67 -29 71 1 73 -45 61 -5 -37
70 -94 88 -85 33 -92 -47 -99 -29 99 -4 -60 2 41 -8 59 -21 -84 81 63 -53 -89 74 -3 79 -85 -43 0 -44 -63 -59 36 -31 -74 32 -9 85 89 81 -58 -67 -38 -45 -50 70 64 22 -49 -80 -15 -7 -93 75 42 59 64 -85 -8 -71 -42 74 -60 -45 -3 29 39 0 -17 -10 -1 -47 -37 78 35 -35 68 -12 -57 -93 57 -14 -82 -85 57 75 -5 86 -72 9 82 73 -4 25 41 -69 -80 83 -30 -64 47
71 -45 70 50 6 -1 -40 -18 -28 31 53 0 58 -82 14 -43 29 92 89 -55 96 16 -87 -26 -39 44 -83 5 -66 -90 -3 13 20 -37 -19 -95 -54 70 -78 -80 -28 97 63 20 -7 71 -12 74 -47 -49 -37 71 10 23 71 -41 -31 -89 22 98 -61 -71 71 -22 24 -88 -41 -52 24 3 9 -43 82 -21 95 -89 85 3 -97 -42 33 -22 -69 0 77 -17 -4 -74 87 -68 -19 -98 -46 -75 -42 3 52 -100 -6 -38
20 -20 -5 -82 22 -32 68 -64 -36 35 -66 -32 51 -7 8 5 83 -23 -78 -5 3 20 78 40 19 19 3 2 54 96 3 -43 -67 99 -75 21 95 42 70 -4 -61 -40 -23 96 11 -21 33 -98 -50 83 -18 13 61 4 -44 16 62 -10 -52 80 28 94 -82 -49 65 7 -96 -4 36 -46 -84 -86 -72 -47 72 -33 20 78 57 -33 61 46 55 5 56 -40 68 -74 57 -27 25 -66 -56 -90 -50 -84 82 -70 -5 86
21 -20 -100 -77 -79 66 66 -9 -56 12 -80 -55 -59 65 -11 8 43 16 93 -54 -59 -7 30 -96 63 -80 18 57 -64 58 -66 -73 -99 10 37 2 -55 -86 -73 -14 29 10 -22 85 13 79 -39 -58 93 -25 5 -62 66 71 -35 -13 18 -15 -1 90 85 40 86 -9 -94 -48 -11 77 28 76 -11 79 46 72 96 -11 3 90 -40 48 29 -4 91 -72 74 67 44 -86 0 66 26 64 -26 -93 21 -50 92 -14 69 35
14 -80 89 -32 -18 -4 -40 79 67 37 -40 32 24 -27 -95 -9 -17 -75 20 88 70 -97 -93 -59 -35 71 9 -98 -91 -29 40 -27 3 -72 30 98 -30 -79 -98 92 27 72 -85 10 -27 -66 -3 84 -8 -15 -7 97 -6 69 -60 -69 6 -68 -77 -45 93 51 -99 -73 84 36 77 -80 -39 -81 -96 -6 96 65 16 10 78 81 77 -10 -55 71 -62 -11 44 75 -94 3 59 -1 -8 -87 -57 -50 -51 -47 -25 73 32 50
34 39 32 27 27 70 -67 41 -17 62 56 -74 -10 -29 -65 -29 22 -65 52 45 -69 45 66 8 -58 -53 5 -53 97 -96 -81 -84 -70 -41 -57 75 -54 -1 60 4 64 47 64 -26 48 -2 89 -58 33 38 51 -61 47 99 49 54 37 2 59 -53 57 61 47 -96 79 77 35 -63 -77 -1 86 -18 21 -92 -37 79 -5 -71 -62 -48 -70 -99 53 -4 10 21 51 -59 65 -77 -97 3 -59 4 -83 92 -35 -61 3 19
60 84 -78 84 -96 -81 68 42 -53 74 36 -27 47 -77 -63 28 -82 17 -35 48 47 -74 0 -86 -87 69 73 0 -64 -75 -85 51 78 -99 -53 80 28 63 26 72 -60 -46 -24 81 94 -18 -54 -15 86 -71 -31 -23 67 -100 -9 51 1 32 -72 -61 -65 -64 -93 -45 -32 94 32 49 51 90 -52 1 81 64 83 -70 -34 -86 58 -89 -65 -91 37 17 -91 9 -45 -15 -76 4 37 -41 -34 -58 -81 -26 -28 49 -74 -8
-13 31 -20 68 -29 46 -71 13 5 -34 46 57 64 52 55 -46 5 77 80 75 9 -3 -66 -95 36 78 -31 -31 20 29 47 -75 96 64 2 95 -35 58 -41 44 -95 -11 37 -92 21 30 93 -88 -18 -99 -20 -21 -74 23 86 -79 47 -51 48 25 45 16 6 88 49 51 -91 16 46 74 -51 3 -44 10 -83 -28 -56 72 -49 4 -43 86 7 6 -12 9 5 2 77 -49 96 54 14 -76 -51 -34 15 65 -56 1
-62 -87 9 -100 -86 -3 -62 -9 89 -65 -30 30 73 60 -76 22 -83 -46 17 81 85 -12 11 -100 32 37 48 24 -53 97 -82 39 -75 -27 46 -43 80 -9 -70 19 70 -100 60 -20 10 25 -100 37 -67 -52 20 31 28 89 53 39 32 0 -83 -25 75 74 -69 -77 38 13 -38 -82 59 41 73 14 -100 -65 32 99 -10 -87 -39 53 14 10 -95 -3 -63 21 -56 -8 -60 -14 -98 -28 36 -53 -73 -22 -20 37 -27 99
-88 -23 -21 -76 -61 32 -40 -52 55 -77 67 23 -80 -52 25 -43 36 95 -87 -46 -48 -95 95 60 63 -60 14 60 -90 -44 43 30 -55 -16 -80 -67 -6 58 38 -44 60 48 -18 -45 -35 -17 -91 -36 -44 -86 37 87 25 52 -3 80 99 80 70 14 -74 -72 0 -60 -49 -66 53 48 -56 11 -39 -69 -20 -51 -92 -87 23 56 76 -81 34 -23 32 -48 -42 -8 -57 -2 52 57 86 -43 -79 -69 21 -91 -3 18 -66 -39
99 -48 66 -58 56 -45 -84 -56 77 -91 -1 74 61 -6 -51 -61 48 5 27 -26 -44 38 65 54 -7 -18 39 15 90 11 94 33 14 -22 -59 -56 -20 78 7 60 47 94 64 -27 -66 -84 -28 19 89 34 -12 76 90 -53 62 -94 -64 60 -94 3 -33 -99 -39 -99 -55 -88 -3 86 18 99 67 -61 41 48 11 -68 -75 -35 -3 82 76 75 95 56 -96 35 17 -51 58 -41 39 23 84 21 -25 77 71 -36 74 7
-38 36 -44 -21 15 -58 15 -39 -37 -69 60 62 13 72 17 54 38 -98 64 -66 86 6 -6 82 -32 58 -32 88 43 0 68 80 -8 97 -3 -6 -76 -98 48 20 84 -36 -37 -60 -85 -78 -16 11 88 97 21 -24 -59 44 95 -21 -61 -37 65 -8 -36 16 -15 20 39 -50 -13 6 25 15 76 -82 97 31 -65 67 -16 -49 31 20 93 53 -38 -53 75 93 -27 67 33 -23 96 -2 -100 1 -48 -97 -16 56 49 96
10 -95 66 -81 50 36 -43 92 77 78 66 -63 -93 -88 4 24 46 37 38 -3 -35 69 2 -45 -72 -99 42 16 2 -22 -91 62 -26 5 75 -32 -66 49 20 -28 43 14 18 79 96 55 89 -7 81 -100 -67 25 -92 66 -20 -86 -96 -70 76 -50 55 -94 -66 -53 -47 -15 -27 32 41 17 19 -84 -99 -24 -81 -53 67 9 11 -15 62 89 -28 40 77 -41 -17 59 13 -2 -54 32 6 -41 20 24 89 63 75 44
-61 -60 -92 57 -17 25 51 86 24 84 20 -88 -32 -80 -99 -82 53 84 41 30 -15 -33 11 -79 -81 66 -18 -20 -24 22 79 82 -55 -7 -6 61 36 -17 -16 -33 -79 -26 -73 2 -34 38 -7 5 -74 27 -19 -82 -43 19 14 -46 51 85 21 95 -60 -80 23 44 98 -2 -73 59 33 40 58 -24 -32 -29 -22 -34 -56 83 43 21 -78 58 14 -57 73 20 -46 -65 8 76 97 -89 92 86 14 -19 -65 99 -95 -55
70 -71 94 -72 -28 -89 -48 -32 12 -90 -48 89 18 -84 35 -93 35 5 72 91 9 52 -91 89 7 -46 75 -9 -23 -22 81 -39 -93 51 -15 -49 54 12 -51 -25 18 96 84 43 25 -13 -81 77 1 50 80 55 9 85 65 -31 85 -64 68 75 22 -70 79 4 -98 50 53 -46 -6 -29 65 27 -81 14 26 -13 -54 31 -43 56 27 -57 62 -33 96 -13 72 -24 -25 -99 -37 -10 91 95 66 14 10 -83 -19 74
51 19 19 28 -54 -16 -22 -19 20 -61 -57 76 37 80 88 -95 -25 88 70 -90 85 -50 -42 -19 14 -80 82 -80 -11 18 92 -86 -4 37 52 46 -74 -22 47 -94 36 99 77 -34 -9 31 84 75 23 88 28 32 -66 5 -75 8 52 32 2 24 56 26 -96 2 -21 71 -20 -73 87 26 -64 -20 -40 -24 82 -90 -38 39 -47 43 21 27 -8 49 -99 22 -64 -85 17 -87 -87 36 5 43 45 13 -82 -60 17 45
8 -33 91 -73 71 36 88 91 -79 10 55 88 -17 32 -1 31 -87 -29 -87 32 79 -90 19 58 14 -71 73 59 76 -84 68 42 73 1 -45 -13 91 -26 -42 -19 -65 -97 47 -3 -43 98 82 20 6 7 -27 11 10 97 59 -45 61 60 -45 -15 -83 78 -71 12 -54 92 20 60 36 -41 94 -69 71 86 3 42 5 45 66 -66 -13 44 27 -62 49 -9 -79 -47 72 36 -61 -55 -43 98 68 93 81 -12 -37 -54
-62 76 -17 -99 91 -15 29 -36 -26 -89 -41 42 19 -72 61 -49 68 -41 72 -34 11 66 -67 89 49 4 -55 -16 20 -38 -88 -39 33 -67 -16 -31 41 42 76 -15 -40 -23 -51 48 99 15 -10 -76 75 -16 2 -21 -7 -65 94 4 -32 20 48 16 98 21 -14 -55 88 -89 22 -69 9 66 -16 90 -32 5 -76 2 -81 13 -30 98 39 45 48 33 18 3 -52 55 -18 -10 74 -80 -51 -72 -93 -27 43 66 58 -86
-27 -22 -22 8 70 -54 -72 74 -67 14 45 -37 11 -91 -23 -89 72 -55 89 59 60 48 77 -60 10 95 -65 -47 49 -74 0 94 -29 58 -27 51 -55 52 70 -18 -14 60 28 47 -32 30 -26 -26 -57 71 97 31 -62 -4 60 85 -37 -5 63 -73 58 -70 -31 10 -67 -90 28 -31 78 33 -18 -100 87 -54 94 -9 55 84 5 -44 -59 57 -27 -95 -45 -13 7 64 12 -29 -37 -29 77 -78 18 -5 -84 -76 -53 3
68 -70 17 -79 35 -14 79 93 66 29 -76 -2 -26 79 -38 84 -18 -59 49 25 88 18 -86 62 94 64 50 -4 -59 -78 51 -89 51 -96 63 51 -14 -9 -49 89 74 -35 -36 -73 85 33 -4 74 -15 -69 -59 92 88 -23 -83 59 -73 -81 -65 63 -60 19 -95 6 -15 80 17 18 77 27 -81 12 42 40 -63 19 -50 -68 -49 80 56 -91 81 36 -59 63 -17 -62 78 63 -67 37 -95 -16 -2 25 -6 80 38 -19
91 -52 -77 -54 -26 30 11 75 -58 18 -2 -97 -36 46 13 84 -97 98 -87 -8 -96 -66 30 -54 -55 -57 -56 -11 -13 2 -4 85 41 -52 78 97 34 20 86 -20 25 43 -8 27 -1 -89 79 84 -74 26 -39 8 57 25 85 67 -95 32 8 -2 -46 78 49 60 -58 68 -31 -16 -48 -47 -76 26 57 -90 -58 -84 -4 -29 -30 -3 -45 6 11 -35 48 66 90 10 71 84 76 15 47 -41 -80 30 57 -24 92 -42
-95 -62 -68 -78 71 58 13 -83 0 -94 -9 83 -1 37 -67 -70 47 59 -55 48 35 -24 -7 23 84 97 56 6 -11 -56 -56 33 2 60 72 -100 -93 57 13 -69 -45 -6 22 15 -46 11 14 16 -7 99 -10 41 65 63 -10 15 -44 -95 95 -15 52 67 -54 -45 -21 -60 33 5 -10 -98 -76 54 71 -56 -19 89 -14 -90 -51 -81 84 36 -65 58 72 -82 -56 35 87 -71 13 -8 5 7 0 80 -36 49 -68 -64
79 -13 19 55 17 86 -29 -43 -10 -79 64 -4 -81 26 -97 -42 13 -46 16 39 -11 -75 -57 -62 85 78 -86 26 71 59 38 -90 -87 57 -53 26 41 97 -57 86 -12 90 17 18 43 -69 55 -87 6 -25 61 -65 61 -11 0 83 9 -71 28 -21 64 -92 -90 23 -15 68 -46 48 -33 -80 8 -39 68 13 -98 -31 -21 18 -46 36 22 75 -85 -76 83 70 73 -99 -92 -88 -37 -73 -57 41 -15 61 83 73 -52 -9
-3 -70 -81 49 -38 -20 -2 23 -43 65 -7 90 47 36 88 -39 -26 -16 -97 -66 -79 -63 26 -50 84 -10 30 -1 85 38 -83 84 5 24 89 84 7 10 56 56 -15 -7 44 -2 23 -25 20 -63 33 55 88 -84 -82 -87 49 42 34 -78 99 46 73 61 -63 -31 -80 -16 93 -83 47 -68 -76 44 70 84 97 97 -15 -26 -13 0 63 12 77 -1 3 55 -28 59 48 56 -57 -95 -96 95 50 -100 -15 73 -91 92
-43 -74 -75 52 -6 -26 63 -64 3 64 -6 -46 28 -65 -84 -16 15 77 63 91 21 69 57 -87 -63 27 -65 -21 -69 44 -47 63 37 -80 21 -37 -36 20 -40 -82 -47 40 58 53 57 31 77 91 33 -41 98 86 77 29 71 -62 16 -92 51 30 60 -92 -46 74 -85 12 -13 -58 -12 -30 -48 -22 53 -95 52 -64 4 55 96 -54 13 -79 54 29 -8 87 50 12 -73 -69 -1 -48 98 -61 12 88 -12 -46 -29 48
-34 46 94 37 -1 -71 44 -80 94 42 -95 98 -43 8 -66 93 -74 -47 -100 78 85 -6 29 -57 45 -33 98 93 71 -85 92 -86 -78 -42 54 -14 71 34 -84 -28 -56 -84 -51 -69 10 -26 -44 93 85 21 -10 -80 14 -59 17 40 44 88 17 49 7 -78 -22 56 41 -97 13 -11 -26 -76 74 -89 50 -70 37 -78 -9 -54 -34 63 -75 -60 -43 -38 95 -33 94 29 60 71 -96 92 79 70 -44 44 65 10 -42 -26
35 46 37 -75 -38 29 -41 33 19 59 23 -67 79 -16 1 39 46 82 -81 87 -91 21 -95 -48 15 54 -8 -32 -92 99 57 37 -83 79 -52 -82 -13 82 33 17 22 -70 58 -67 -95 -95 71 32 -96 68 -47 21 25 -56 -37 -68 75 -54 -25 33 80 64 -42 -50 -36 99 56 -9 78 -52 93 97 10 -46 -1 16 79 -19 85 56 -78 -77 -23 -29 -58 39 24 60 -27 -43 -57 -93 -57 -32 -85 -60 -62 15 54 -30
-28 99 62 9 50 76 71 -84 -2 -63 53 45 64 77 60 -75 70 88 77 65 49 -89 7 57 -72 -4 -66 -70 67 -18 -34 71 -53 68 8 27 68 10 18 4 -31 61 -33 -12 31 -61 -36 60 -96 -5 56 -56 72 -4 50 -4 38 -28 -24 -41 25 -12 66 -19 -77 -73 49 -95 -94 23 -9 -16 82 66 8 87 48 -21 -75 -69 96 -93 -15 -10 -66 -15 38 5 5 -47 78 57 -86 -85 17 -8 71 89 8 -59
-84 90 -52 -28 -5 67 -1 -44 -35 29 42 -80 14 -94 25 77 -84 -32 9 32 80 60 61 -63 -12 20 26 81 63 49 -11 -8 23 -14 -39 96 93 88 -36 66 82 -88 -51 -34 -32 52 85 43 88 -90 28 34 -25 -21 -79 81 53 84 58 -22 -77 -30 91 -43 86 6 29 -46 -66 -62 64 57 28 -3 -83 -61 71 72 67 81 2 -13 -53 13 45 -17 82 -84 65 -68 -25 -41 -57 35 68 -17 31 38 70 31
-59 33 -27 68 99 32 67 66 -87 14 46 -72 -19 -61 -29 -7 -27 63 -88 14 62 -17 -9 56 46 75 -83 -52 -63 43 47 43 31 71 -17 -28 -63 -47 55 8 54 84 -96 60 8 -99 -55 -26 -15 -47 45 -91 -41 -12 -6 -28 26 -55 -43 79 8 85 -66 -95 -44 -81 23 0 78 -51 -12 -79 -1 35 8 35 55 80 6 -56 -79 -93 -33 10 -15 84 -92 79 -78 42 -19 -95 -41 55 19 42 -82 94 -71 23
-65 67 -64 25 -47 -32 -25 24 -86 6 -25 17 -84 -79 69 9 -90 -91 -15 36 7 49 -47 65 -14 87 -48 -58 85 66 -87 96 -3 8 63 46 42 -37 -71 -17 86 -22 -64 -67 -35 -57 -86 -64 30 -99 9 38 -18 16 3 45 -85 -99 67 70 9 -29 -51 -36 30 15 -87 -15 -66 78 -54 59 76 49 -76 -79 -68 77 -48 -59 -84 75 14 -79 -39 -12 -2 -3 4 -27 90 -87 91 -1 21 37 37 82 -3 25
95 -88 -17 -83 -21 36 -75 -50 -57 98 -77 -22 46 66 -26 27 -73 48 -10 4 56 -100 92 -33 -9 -57 84 -29 80 54 -75 91 35 35 28 -68 12 99 -85 9 -20 11 41 -76 86 -22 70 80 -46 -50 46 -74 -67 -66 -48 -49 -44 67 32 70 68 87 -79 17 69 9 -63 -88 -29 93 82 68 70 -27 -69 -11 87 -30 99 -42 -83 -23 90 -16 13 -37 -53 -50 93 80 -54 48 82 87 -79 42 -48 -96 -64 78
14 -100 -20 -14 -82 91 -61 -5 -99 76 -76 70 32 43 -66 -14 91 94 -97 84 24 -38 24 -89 -67 -37 -3 6 15 41 62 -61 -45 30 53 21 55 86 29 -84 57 79 -85 99 -26 27 -72 -69 -14 -19 -43 -15 29 96 -9 70 33 -75 -40 73 28 -7 63 61 34 -85 -38 -17 84 47 -54 -20 33 11 -10 40 -87 76 -29 44 74 20 23 -64 -91 -13 -99 56 11 75 -80 38 3 85 16 -81 -48 -64 61 -79
28 76 49 46 94 96 26 5 80 97 -65 69 -38 -97 -48 -52 -47 47 98 44 59 46 -89 -91 8 -48 -39 48 27 10 13 -91 -87 -63 95 -62 -98 -96 45 39 62 -22 -71 36 -51 35 -59 -20 57 -58 82 -52 -5 17 -98 14 64 63 -19 52 -74 -27 13 -14 -37 33 -70 -78 88 -61 54 -93 79 -52 84 -88 -63 35 66 -98 -27 24 26 -50 45 -38 59 68 93 40 -91 -37 -68 29 97 50 -96 28 11 76
69 -10 47 68 65 -59 39 -60 -66 -40 -61 81 -10 -61 92 64 56 54 -11 13 -5 -69 -60 3 -88 -49 -55 -30 -31 94 38 -44 76 -72 60 -58 -37 3 -55 24 70 11 -66 80 8 18 57 -22 -85 -21 -56 64 40 5 25 67 -13 -64 27 87 34 -14 -50 46 -24 -61 82 -93 -58 94 54 -8 -84 -31 -62 -27 57 -89 60 -1 -33 52 85 -84 23 -8 -90 48 -40 42 98 -65 -12 -37 -12 15 -65 -27 39 67
-84 65 -77 -32 -8 70 -24 -86 80 42 -8 -10 -56 -4 65 0 -48 -73 -44 -39 92 12 -36 -65 -27 33 -53 -11 -48 65 20 -7 -67 -60 77 -41 -22 95 42 30 64 24 86 -79 -69 -32 -33 -8 -61 -65 79 -20 80 -15 1 -25 46 7 -60 -58 22 -59 -91 8 25 -1 -18 39 -30 -15 68 84 -76 9 70 -99 -32 65 -19 50 -34 -31 -7 -70 0 4 89 -25 50 -100 -25 -67 -78 39 49 -96 -81 -22 -54 77
-91 82 68 -49 22 -57 28 -24 53 -8 -8 13 -84 -39 28 -30 -37 -49 -92 73 9 -62 -84 -66 36 37 95 35 -44 -53 -74 -5 48 29 -36 90 83 -54 77 -87 56 65 -79 -10 -20 -80 -95 98 29 -76 13 92 -64 -97 48 -5 56 48 -34 36 -2 70 6 58 -83 17 93 18 6 94 10 -90 -32 25 68 63 0 -90 51 -92 25 -98 70 -37 91 -80 -73 63 1 -33 25 74 -22 24 72 -75 -35 -93 72 -30
-4 19 -69 37 -48 -40 77 57 33 72 -41 -98 8 88 44 -93 -70 12 -39 6 68 24 17 -8 92 -21 25 -8 11 -54 -76 45 -4 -93 -76 -74 -67 -90 -57 -1 -58 95 61 -48 -2 91 -70 18 66 -15 -51 68 -29 87 38 -30 -3 -74 -39 23 -79 99 15 28 50 -24 64 -11 10 -47 -59 -75 -72 -89 -14 -33 -36 48 19 72 -62 0 -15 84 -64 63 -30 -15 74 -25 92 15 43 -53 49 -68 -98 42 -29 -17
76 -11 -71 8 -98 6 -9 -71 -78 -48 -88 60 -99 -98 93 -83 75 88 33 -77 -46 14 40 -22 76 78 -78 87 -36 86 -55 -59 -14 21 -50 92 55 64 -66 -45 85 33 -72 -42 -79 96 85 35 -6 -50 72 -63 75 65 77 -90 -86 75 58 66 -70 -19 -24 78 23 -57 -54 -2 43 -21 77 -54 -81 -54 3 -4 -28 17 -97 -10 -77 47 -20 -87 16 1 -76 -76 -84 57 83 82 -65 -26 60 -66 -34 40 72 -25
57 29 96 49 -82 56 -46 -88 42 -33 88 87 15 33 54 99 77 -5 17 26 61 -31 74 -25 -76 -97 73 -51 45 -25 -74 49 89 72 7 92 8 -66 -70 86 72 67 -20 20 7 49 63 -72 57 84 16 -36 83 77 45 28 98 -2 55 88 68 -86 92 -85 40 28 17 18 -38 -17 -15 75 -22 94 98 -61 23 9 -53 83 99 -27 33 -56 67 72 -83 66 78 -92 69 15 72 -93 -36 -31 -9 9 -4 -93
96 -85 97 -78 -17 -33 -43 -45 77 -45 -6 -84 -10 65 -9 68 51 54 29 13 -46 8 0 87 -44 -40 63 19 -14 70 22 -40 -15 85 -99 35 30 21 19 21 34 11 10 32 -38 66 7 -5 -85 -38 -40 -7 -57 48 -31 28 -7 -66 48 44 -65 -5 -96 -17 4 71 13 28 38 45 58 -53 -88 22 -8 39 6 18 -35 75 4 66 25 -13 -91 -84 -82 -15 -35 34 -66 25 -7 41 -43 22 95 -64 57 -52
