58 -68 72 -59 33 8 -71 73 -96 -58 -34 62 68 1 -79 88 11 68 -63 -89 -9 -19 60 10 55 -73 -43 -92 -24 -31 90 51 81 -71 -6 -19 -19 -50 99 -70 46 69 99 -45 -1 1 75 -14 -5 -72 78 -3 -33 -88 -31 -75 63 78 -95 -32 -91 93 -20 79 11 -12 -93 99 84 -18 52 -39 -60 -75 50 -22 -67 -57 8 -48 -16 -70 -76 -49 -60 25 -95 12 15 89 -85 -38 -67 51 57 67 -29 79 46 36
-90 -27 95 33 95 -51 -96 93 -86 -76 60 -15 -97 -60 -94 14 32 67 -5 -41 28 77 -100 51 17 -9 -96 -22 22 74 -54 -76 92 -34 68 -49 -62 54 -5 -18 -59 -29 -97 -49 66 -14 70 -39 65 -66 24 -38 -49 -18 5 56 -44 84 -32 17 -91 11 -85 -5 32 -87 53 -46 -41 -37 21 31 54 94 -34 34 -33 14 -88 80 -88 -78 62 87 -18 68 9 -84 59 85 -68 92 -54 -5 96 -65 -2 12 -60 36
82 -64 99 93 -66 -81 44 -15 -11 33 84 -42 64 2 -35 -83 59 36 76 45 61 48 -74 44 52 -100 -24 -82 -92 48 88 -92 38 95 17 65 -94 -1 -84 90 -44 -54 -92 -86 49 -50 92 1 22 76 -20 99 34 95 -40 32 -60 20 33 -1 -84 -42 -92 -48 52 25 34 -43 -50 46 -97 68 92 69 -31 53 -46 92 -98 -58 -59 -15 -30 -73 -39 24 48 -71 37 -63 40 22 95 90 -38 -43 24 -100 -83 85
-11 84 4 -59 -35 66 -9 7 58 -1 72 -16 -11 71 -8 -84 64 -92 -59 -36 20 98 -93 -15 -22 -16 42 -39 -96 -24 -29 -36 -14 -96 -76 -15 28 12 49 43 -57 97 11 -18 39 32 -11 19 -21 -29 3 9 59 15 66 -60 -66 -62 -74 -69 -3 38 -97 95 96 41 80 36 -16 -22 -15 -45 -32 72 -36 -91 5 29 -57 51 -44 -68 -87 -100 36 -39 -86 22 24 60 -52 -73 28 -51 -40 98 -77 -14 56 -34
57 19 73 -75 19 32 0 57 -86 -92 3 -77 75 50 97 86 -80 30 -1 63 63 21 49 -86 -38 73 -52 -36 -78 60 45 47 64 23 -23 -20 -38 -52 -33 75 26 -69 50 -77 25 1 65 -42 57 -13 72 -92 45 20 -64 24 -25 -28 -100 -69 82 -58 -88 58 -95 -26 93 94 -78 99 -61 -63 29 80 -42 13 -10 29 -83 -58 -42 68 -18 -20 17 -2 7 85 -18 -11 -77 -73 60 99 19 -91 -14 55 -23 58
-41 -12 -87 39 -55 -98 67 -16 70 -5 -64 -90 46 -70 14 -47 -98 65 89 -9 -43 35 57 -89 76 78 -74 -48 18 96 46 -55 -14 -68 -51 -10 -52 82 1 -75 -52 -26 -17 -71 51 61 -57 -43 -74 -80 -17 50 29 -24 -82 -13 -8 44 37 89 -60 82 -79 91 42 3 90 -47 7 -92 -62 82 71 26 -35 27 46 52 25 8 67 25 -86 98 -72 30 -40 -76 3 -18 -45 -60 42 8 -66 75 79 -12 5 -76
67 9 -88 -1 0 -40 -4 40 -69 44 61 -38 99 -33 48 43 61 87 58 70 81 38 69 -87 -29 30 8 69 62 -15 -96 -17 -28 52 79 -48 -90 -27 26 30 43 -33 -35 35 -30 -18 -31 22 -14 -17 -4 53 30 10 21 -52 -78 -10 -16 -66 -93 49 -58 -85 53 -75 -16 81 -80 1 47 73 -48 64 -29 75 -47 34 81 -73 -40 30 -58 -2 -35 79 -74 34 -44 -52 5 -43 -78 -44 -48 -93 56 -74 -28 55
-22 -8 67 -12 44 -94 -21 -11 -44 85 21 19 5 -28 -7 92 -90 -100 60 -90 -62 0 -6 -81 -17 -4 -46 -38 -40 18 -41 21 70 44 79 -41 19 -48 49 -89 71 -6 61 -71 -20 67 -39 -73 -78 -70 8 -26 -99 57 -49 62 73 67 -32 37 -31 -30 -68 96 -55 -95 -54 93 34 -20 81 71 65 -97 -93 51 11 -57 -25 -63 16 -92 -80 52 -77 -52 -93 31 83 -25 -46 -23 -30 -83 -95 98 -94 37 60 68
15 -68 -66 -92 -74 82 -22 -90 95 -64 -30 43 -6 -5 95 -34 82 -44 1 7 -61 57 -75 29 -10 -64 16 -69 42 52 -56 80 -92 -59 -45 13 39 94 -22 23 -69 -80 47 54 -86 -84 10 89 -98 -95 -45 -41 61 5 40 91 20 -4 25 -33 71 -62 -32 -73 -43 -19 -45 28 -56 -96 96 54 61 9 78 78 -22 65 82 -11 79 -11 -52 17 44 -9 -19 4 -18 13 -15 29 -33 24 -56 98 90 -80 26 42
-93 -28 56 96 -39 12 48 79 -78 70 33 -29 30 95 -73 28 70 21 30 -82 -69 -4 94 -74 84 -12 46 17 39 -60 -67 10 85 28 -34 -41 -10 -53 -51 57 -28 14 -29 -32 37 -14 -88 70 11 -87 -45 -28 52 -64 85 -35 -1 -69 17 47 -72 -95 58 -91 5 -56 -24 49 50 -15 83 83 -33 -12 58 91 -31 -76 -30 99 10 65 79 45 -91 -22 -52 7 -14 10 83 78 44 90 39 50 -30 -2 -10 -44
62 0 41 -64 -57 -33 89 16 -25 -14 -49 9 25 -34 -16 73 47 -54 59 -88 57 89 92 20 32 -34 -15 -6 31 -97 13 -8 -15 -79 -9 24 8 27 -81 59 -33 -23 52 -14 -58 7 -2 52 -88 7 -89 -100 81 15 79 84 3 -36 66 95 85 58 40 -69 -95 46 -40 62 -80 -54 -94 -17 30 77 -64 58 19 67 -30 -49 -35 24 60 99 32 -12 45 55 30 0 29 -5 59 -37 34 67 -75 83 -70 -95
-78 98 -54 -47 -30 74 38 91 -14 -64 11 -61 11 -30 93 -48 -23 -33 -61 -12 61 -100 98 14 -48 32 -45 -21 51 -24 -4 -5 -51 -66 -90 -3 3 48 22 20 24 87 60 -93 -15 -87 -8 -29 17 14 -96 19 1 1 -20 66 -52 -1 -59 -30 90 14 63 -69 -53 -6 -41 -36 64 78 27 -16 -98 -13 85 90 -50 75 13 15 -84 -30 -100 -76 -8 -66 69 -45 -46 70 66 -91 25 26 -96 -36 58 1 38 -60
14 -93 -56 24 91 20 -1 -85 -74 -68 63 1 -53 -35 -98 1 8 75 40 -94 -1 43 55 -15 -84 -81 97 -5 -81 75 -10 13 23 -34 94 90 11 63 81 81 -15 -84 99 79 -19 -66 93 -43 -20 -77 53 -87 35 -69 43 -30 67 51 14 -77 -73 -54 74 -45 10 -55 -56 36 84 -58 -13 57 6 -43 40 -55 12 -28 76 82 -80 -68 -11 -72 40 38 -20 95 92 66 62 -61 -81 64 -71 -54 -36 -11 -33 -69
-1 51 -48 12 9 83 26 -45 76 95 38 86 82 -95 -87 -14 25 16 61 -74 7 72 -49 53 -72 90 -65 -35 -8 20 -5 89 50 -49 -56 -37 -97 -55 -44 62 -44 4 60 -81 -28 -14 70 30 -88 10 7 32 98 -91 -20 95 -63 -72 -93 -97 59 -33 -43 67 37 -51 20 -12 56 -95 97 -17 74 -10 -89 74 59 -94 46 16 -74 -64 -32 -99 -69 -19 -21 -55 90 -46 -7 30 -53 98 -59 -48 -73 49 78 -22
-59 -32 64 -70 62 9 -24 -34 -47 39 -54 -78 -30 -65 69 -23 -53 -57 66 73 -18 -46 -13 -49 0 98 -7 36 -38 41 32 43 12 21 -94 -89 -84 14 -59 -43 94 -14 -74 40 49 -3 -16 19 -30 -31 83 86 -23 67 -7 -86 -80 69 51 -72 69 56 -93 71 81 60 3 -81 82 63 65 40 13 17 -51 12 17 -66 68 94 37 47 71 -67 -76 -89 97 -100 -36 80 -67 -83 86 -28 59 11 6 64 85 34
66 19 -49 -32 -49 -17 -1 58 79 -62 -82 -51 86 91 48 15 59 33 -58 37 -81 97 -77 -89 -5 56 -2 17 21 46 87 -76 -77 7 89 93 53 44 -82 -64 93 -65 -85 74 59 75 -99 -37 30 76 -43 79 -40 -42 94 -99 19 -83 -1 -71 -77 8 46 -53 66 -75 -99 -62 -95 90 74 51 25 -33 -42 -67 -30 50 90 -30 -55 31 22 28 -48 -2 -10 75 -36 -60 -51 48 71 3 -92 -11 66 77 98 -76
11 39 69 28 46 -97 58 -31 -77 -23 93 16 -2 1 -88 39 22 20 63 -33 -83 -68 75 86 4 -43 -23 -16 -34 -13 -35 83 82 83 7 32 -41 18 97 -9 55 -37 -45 90 -61 22 -16 39 -95 70 30 90 -3 -36 26 73 40 -83 -3 -16 -91 -68 -8 70 26 -74 -92 -39 82 18 -8 55 -81 16 20 -38 48 -33 13 50 25 -98 -79 10 -49 -58 -52 -99 -31 86 -45 -41 0 -9 -48 -50 22 -9 -62 -2
53 75 63 -44 -74 23 74 91 -8 -25 1 97 -46 -70 -69 24 98 -6 8 91 -65 -73 -42 62 -52 -37 94 -72 11 29 -28 -92 37 -31 41 -31 -63 -89 65 57 -73 -83 73 64 1 -28 -14 44 11 56 -81 -39 60 -30 38 27 -2 17 -18 86 24 49 46 -6 28 -25 -92 16 77 46 93 92 30 -23 18 -30 -47 8 22 -68 52 61 -88 25 30 -55 38 31 -12 -54 88 -23 -34 -39 -39 -22 27 21 -75 51
-4 15 93 -54 -60 -18 50 -55 46 80 2 -30 26 10 -65 21 -20 -27 -67 59 29 53 75 -3 92 95 3 8 -7 -93 22 24 -74 -96 55 57 12 23 -65 10 -79 -98 -62 -78 37 62 -56 -76 -78 75 -1 23 76 33 -2 16 93 4 -3 -11 41 -2 97 51 -16 -73 -39 -89 -89 -24 -48 24 30 -13 49 43 1 -31 88 -80 -52 65 95 -80 -94 8 21 21 -28 68 -79 -33 61 79 59 -89 87 79 66 -17
-27 41 -92 -37 -27 93 -60 -91 -7 -20 2 63 88 -4 24 -12 63 28 6 -82 -79 83 60 63 64 36 53 60 1 31 -31 95 -76 -87 3 77 12 53 -42 46 75 -96 -41 40 79 -29 -57 75 -28 46 -10 35 38 32 -59 1 -16 43 -27 -87 -99 93 93 -39 84 -93 59 -95 -24 4 -32 -78 -28 52 51 27 -13 98 -92 91 81 37 20 81 -16 -96 -96 51 -8 -18 48 22 91 -59 -3 -7 -90 -22 16 7
48 47 -90 -59 -59 -20 -14 -57 16 61 -68 1 65 -13 48 55 -18 -33 69 -53 -80 -99 53 40 16 -50 99 -94 95 -66 62 -22 -52 54 -44 96 1 -86 -33 12 86 47 -12 33 90 79 76 22 11 70 -30 -13 18 0 35 44 46 -28 82 19 95 -76 88 -3 68 -42 89 -87 -24 -11 50 -70 -19 82 -18 -53 64 37 -82 -64 20 -11 37 16 96 20 66 24 77 8 -63 71 60 -19 -90 71 15 52 -25 -76
-28 -60 -76 -97 -95 57 42 -55 75 -75 -88 58 -99 -56 58 -28 70 94 -23 3 -19 84 -52 21 -26 -31 -50 -63 -45 -29 38 -96 -81 42 46 50 64 -61 35 -96 -100 24 71 21 -28 40 -57 77 46 42 -27 43 -73 55 -25 72 -87 -31 -75 -21 -2 31 90 -94 -32 -71 -94 -37 1 -32 84 66 -88 -76 60 -69 -69 74 -36 -75 -30 -79 96 63 -9 0 77 55 -45 -26 54 -6 30 0 76 -31 79 3 -70 75
-52 -40 88 54 21 31 -63 -55 -75 97 19 42 -4 4 38 39 -8 15 -4 -10 -40 -35 75 -19 49 -85 83 -67 29 -95 67 39 -68 -10 -31 70 -75 5 44 -72 2 24 -28 -71 -5 -49 -74 -81 -53 -26 4 -61 -90 -66 -40 83 78 -33 -84 41 92 -59 88 95 11 -75 -45 93 -48 26 -33 -73 61 41 88 -35 71 -65 -29 55 59 86 54 -44 -66 -40 97 -19 79 85 -45 72 -58 -10 46 -8 14 -90 49 73
-18 4 -30 -26 66 52 -84 66 -55 -2 -76 -8 71 74 53 8 33 -87 -96 -53 73 21 48 42 -96 -41 55 -20 80 72 61 -5 -98 96 19 -68 81 -81 79 54 8 -99 -46 -73 85 -19 9 -70 -67 37 -70 29 76 -67 66 86 95 -5 6 -15 -94 51 -24 74 -42 -53 0 81 -78 -96 -68 -32 11 -77 -42 13 -42 29 -35 -35 46 27 76 -78 67 81 13 1 59 72 -75 -64 -64 -77 -28 42 51 -54 30 -89
-59 -11 -66 76 -38 -59 -8 -2 -49 8 97 80 -63 -33 -28 7 -60 -9 77 27 92 -100 -45 35 35 -99 -79 43 -74 83 -53 27 35 54 -38 -13 52 -86 57 -98 -74 -72 89 54 1 84 -50 -12 30 -66 -71 42 40 98 -56 -6 76 96 -86 -70 -89 42 2 38 -76 -67 -5 -76 45 -69 -66 83 33 -98 82 22 64 -9 15 38 -91 62 34 -17 -62 -32 -97 82 34 -3 -28 72 7 45 28 -61 20 2 -20 30
86 42 -43 -57 90 -90 90 93 77 79 -21 -67 -19 60 10 73 -99 13 -68 -97 4 -25 48 80 -34 45 -69 -56 -37 -86 -57 26 -71 -14 46 56 28 83 -35 -1 -32 -62 10 69 97 86 40 -13 -42 -19 -66 43 57 -3 -31 -40 28 32 34 42 -29 62 86 -38 18 -2 72 -67 -79 -19 -34 -69 -81 92 -29 -93 -26 49 -38 81 -42 0 41 -46 42 -13 67 37 71 -62 38 98 -44 -59 9 80 65 -66 -5 37
21 89 72 29 -55 35 31 49 52 -33 40 76 -69 -42 70 -19 -4 85 83 99 8 34 84 98 -60 -90 88 48 45 63 -62 55 34 -67 -27 -100 -16 21 20 -61 -70 70 -42 7 -74 14 32 21 -63 -8 -12 -59 9 -26 -17 -100 -45 73 -46 -21 12 -18 -34 61 -56 6 -2 4 -38 70 14 77 -68 24 63 -100 -32 -18 1 -25 -15 30 -62 92 -100 -31 -66 -98 -76 15 1 -83 72 -98 -45 39 67 -73 21 1
60 -18 88 -10 -71 28 -24 -33 -79 23 25 -52 39 15 -95 -78 -91 99 -87 -40 -81 46 -30 6 24 20 -80 -8 -65 56 55 -8 33 -46 10 74 33 -31 -32 3 -66 -98 82 -92 -47 -23 3 -28 -40 16 13 -32 -88 -19 -55 48 -65 97 -32 5 67 -48 -1 -90 35 -96 -64 18 11 -61 -97 -40 -11 94 2 34 25 67 85 -63 -97 -28 89 -59 18 -52 91 -81 56 -96 53 30 -6 -46 96 -11 -15 -86 -13 -69
84 -50 14 21 61 56 -96 -94 33 4 -3 71 61 -59 51 -69 44 78 -39 -24 17 97 49 -2 62 99 69 61 35 4 17 -29 -32 21 -32 8 -93 42 -1 -67 -97 -95 22 40 10 -61 -80 -77 65 -83 -27 28 76 83 36 -12 76 -86 -73 99 43 -34 55 76 -30 51 38 2 -70 -100 -22 70 66 -82 94 39 15 -14 48 -66 57 84 -75 76 36 -55 -98 -3 -26 -85 -89 68 68 74 29 86 -13 -83 73 -74
47 35 -10 9 -44 -57 -82 20 -74 -46 7 -50 -57 3 -24 -42 -44 -8 -26 -9 -50 33 37 13 -77 -79 -58 9 59 -27 39 -3 -23 65 79 4 -24 -84 -19 60 -65 19 14 83 -55 -35 -86 -66 -80 86 33 61 -42 31 -12 40 22 46 -40 87 6 -16 62 -7 55 -84 -4 -70 -64 57 23 32 54 30 -26 87 -38 -42 93 13 92 48 -2 -22 38 -64 69 -38 -91 60 -61 -30 -69 -27 12 -87 15 39 7 -43
88 -14 -73 37 -90 -47 -34 -52 -73 63 -80 -26 61 -90 -82 58 4 -22 39 75 -46 -5 -46 -97 -52 1 84 -42 2 10 -69 59 -62 26 -81 -13 88 59 -57 -68 99 -43 95 27 -1 -6 -37 -35 -3 -77 -19 -94 -26 34 0 -36 17 -57 -58 -67 78 -89 4 42 -32 -81 85 -43 -23 87 50 -6 79 -16 81 67 86 29 35 20 -62 -61 75 1 -17 2 -79 4 79 -23 27 27 31 -17 87 50 74 48 90 88
83 58 51 -29 -70 -80 -37 15 50 57 -36 18 -8 -30 -63 46 35 -71 10 39 59 50 74 -65 13 -14 74 -39 61 49 -53 -33 -51 47 -48 -48 86 -42 59 -11 74 -47 -94 -86 56 -10 -91 -45 -99 22 -71 23 28 -60 16 -33 -33 35 -95 78 39 -68 -99 78 -27 -54 -22 46 64 7 -72 76 -44 -64 99 30 -77 32 44 51 84 53 -98 -60 17 -42 -56 25 47 -33 16 -77 -82 57 69 93 -50 56 48 32
-84 -88 63 2 3 -61 -45 -5 -47 -33 -84 -94 -68 -2 -31 -42 20 63 96 1 3 -88 -41 -80 -14 -95 -31 -11 24 85 20 -13 50 96 55 -69 95 60 92 28 -47 -37 -48 67 -31 -100 -70 -33 12 40 -99 95 49 30 -52 21 -72 -55 -57 -44 45 -45 51 20 -83 -89 31 -18 -78 89 24 73 3 -74 -86 21 63 -77 -90 61 -22 46 86 -66 79 -54 59 -49 86 68 -17 -69 7 -15 -35 -12 76 -45 -41 82
87 -2 -83 -11 10 -13 -40 53 22 97 97 60 52 57 -4 -55 -95 10 -66 -87 43 -38 61 -46 -89 -9 58 -14 -63 89 83 -75 -43 -27 86 51 -74 95 -78 63 60 -72 -53 -68 -68 71 59 -23 -76 16 33 -46 10 16 98 -20 93 -48 -54 39 41 -72 1 81 92 -10 81 -20 95 51 29 -1 21 -19 -65 6 10 -97 19 37 -77 -96 85 49 23 28 20 50 61 46 18 -53 36 38 69 -91 19 27 95 -13
54 -88 44 -85 -81 -83 -8 39 37 -8 -22 38 78 95 77 29 -94 -85 -44 -73 58 69 66 73 -88 27 8 80 88 -25 29 11 -12 -42 -91 -69 49 50 86 -31 38 -48 -86 -82 -57 72 56 -9 80 -67 87 -57 -93 -27 81 15 68 -64 -10 27 86 -41 74 73 36 93 -11 -72 -35 33 -20 -26 -9 -36 -57 -88 9 56 -85 -11 7 -76 33 56 -52 -5 4 59 -6 -41 -75 53 -36 -26 93 75 68 79 39 -87
21 -60 70 -9 -94 -19 -81 -68 -82 -96 26 56 88 -32 -11 35 -17 -40 72 -24 -1 94 -37 -28 -77 -60 48 -8 46 72 -4 -33 -88 -55 -51 -71 -74 69 -59 -64 53 -82 68 81 72 38 88 -81 -14 -95 3 73 -31 -84 -66 29 -62 51 -33 -44 -67 -69 -91 -11 88 -68 -52 30 46 -49 -90 22 82 -20 -71 -73 3 82 6 81 -87 -29 73 51 -60 -53 -33 -79 -11 92 -11 -87 -12 10 -59 85 38 -3 7 -74
74 74 57 3 -14 -92 -12 42 69 -53 -6 -40 15 48 73 -74 -39 62 23 -4 55 -94 87 46 -74 39 72 -55 -46 15 73 54 -81 -15 1 77 52 -41 59 11 -32 -10 -57 13 19 -79 -44 -63 -23 -1 -36 26 -96 47 77 91 63 -78 -83 -57 -78 -67 -53 25 77 14 52 77 -98 70 80 89 -87 92 28 -22 -1 4 11 -58 24 -19 50 29 -46 -87 17 -32 23 -28 72 -63 -62 87 93 -71 85 -63 -15 42
71 -13 -68 10 -95 35 -43 -11 60 94 -10 31 -22 -31 -37 -62 13 -93 -94 -76 93 -72 -61 -100 82 -44 43 -54 81 69 -51 -5 27 -79 94 49 21 39 73 -30 -23 -100 48 -90 73 48 -29 15 -69 -4 -74 -89 -2 3 74 18 -68 -45 -77 -31 -28 20 -90 79 -14 27 51 1 -48 66 -88 25 -9 -27 50 4 -20 -22 61 61 -34 18 39 15 -52 -100 60 21 82 57 57 1 -94 -46 7 39 -72 97 -75 -63
20 -82 97 -27 -19 5 -35 66 -9 -19 -26 -46 -79 -21 -28 89 32 -92 -75 91 -22 -94 98 -87 -66 -6 -76 32 -74 -95 45 -47 -37 18 -81 56 -81 -83 -70 81 -27 56 94 -3 84 44 -96 -84 -3 -41 -39 58 -80 73 -27 62 77 7 16 -25 39 69 -12 -8 -14 -40 -76 -58 -65 -48 -51 -73 -95 -79 -57 72 37 -64 -61 22 14 -42 -84 -26 98 -73 92 -74 -56 -40 -61 37 -26 58 9 -88 65 -32 75 -96
-20 -75 -66 -72 -16 -72 -73 -45 50 53 54 -100 -72 -100 -77 71 -8 36 -10 94 76 -12 10 62 33 -40 -5 -84 76 -45 -49 -58 98 70 12 -76 84 -29 -7 47 59 43 -29 99 -92 -74 24 11 -87 16 -58 66 41 18 -5 62 27 -44 -49 43 -94 90 -45 64 -34 38 61 -93 -50 84 91 20 47 -46 84 20 48 3 -28 45 20 -83 -15 42 -51 6 79 52 -50 -20 -88 78 19 -56 -95 -100 -51 10 -26 93
36 1 -46 41 36 -34 22 3 7 -68 37 88 38 -42 87 80 -94 66 -17 19 -29 87 -45 -66 3 1 -88 6 65 -15 -36 7 41 71 -25 -4 96 60 74 -30 99 31 19 -20 3 -21 -41 -21 63 44 12 -15 8 62 -68 -17 -98 72 70 70 93 -7 28 36 -45 -14 59 -54 42 -55 26 -50 10 -67 57 1 -57 -46 53 47 -5 20 -20 17 92 -99 5 -6 -42 -85 13 52 78 -40 -53 -17 -8 -25 1 -50
-42 90 -28 -12 44 29 21 10 -44 8 91 41 -80 -1 -19 49 45 -74 -75 89 -3 -56 54 11 98 17 -8 -85 98 94 46 22 66 4 -3 91 -10 60 -61 91 -89 -7 -21 -14 48 -15 47 98 -60 74 18 -83 86 69 72 33 38 -73 -47 49 -71 21 -73 84 -14 -38 -61 -19 -70 90 -83 36 62 51 92 -36 -21 -10 40 -51 88 -66 -57 44 -21 36 43 93 37 -99 -6 50 51 -31 68 1 57 -18 -41 81
26 -59 52 84 69 -10 -91 -59 7 -48 -93 35 -37 -65 84 -2 72 16 9 88 -48 -41 -56 -33 -14 45 -20 34 0 25 46 74 65 -47 76 -75 -71 -100 -96 66 -87 46 -38 28 49 -66 -69 19 34 65 -55 34 90 -44 15 22 40 -68 93 76 11 -58 -52 35 74 63 -26 37 21 46 -100 -20 60 -56 93 -5 -49 -97 1 87 -19 -47 24 88 9 14 25 -26 11 7 -50 -3 -59 69 -37 -96 -88 -94 -82 -34
-86 -43 1 -70 -82 -28 0 75 -81 -17 -33 11 -1 28 88 -53 92 -75 71 -33 -26 18 27 -27 -14 -43 89 1 57 47 32 -65 -73 73 20 34 54 1 53 -57 -33 68 60 80 -25 76 -45 62 62 56 -23 68 51 -31 -80 -91 -34 99 17 -37 50 97 42 -43 -80 -93 -50 -58 -59 16 -46 47 64 -83 36 -12 -97 48 80 -87 4 17 -29 -20 79 -13 -29 -95 70 -81 -59 -86 64 -19 43 26 -100 -69 45 18
81 30 -92 -76 -76 -61 -31 63 95 -11 -37 54 -65 -68 11 99 -59 -58 2 56 -89 -79 -16 18 89 -58 -88 33 34 49 68 -81 36 -42 87 -37 70 -23 -97 47 84 -6 -42 -7 39 42 -1 -57 -29 57 55 15 41 -73 33 90 17 -64 33 -44 -47 33 -71 -100 89 -99 -73 -28 83 -53 90 -35 -49 -12 8 -40 8 -84 -32 45 -35 -98 43 -33 -80 27 44 -7 -49 0 -11 76 -79 -64 -59 -76 -24 -35 -75 -17
-68 71 29 -28 -73 96 45 92 31 25 -83 70 32 -18 28 80 -93 26 34 -71 93 74 51 94 -90 36 -57 53 -96 -99 -47 50 -49 -86 -6 -87 -12 -23 -73 -52 87 -98 -82 63 -5 87 -98 -58 89 -54 -25 -49 45 -29 -55 -93 -42 11 79 37 51 93 67 -14 46 -37 82 31 -50 -47 44 69 -94 -85 -72 12 13 -33 -80 -60 -63 -98 20 -95 50 -95 -30 25 -51 -83 -7 -59 8 70 79 -84 -21 -49 81 65
-84 89 -56 25 -100 70 49 -99 -32 65 37 46 -23 83 4 -17 8 49 -23 -22 62 -46 -84 -54 95 -51 23 -23 20 -86 -25 -96 -79 -31 -39 17 -36 0 -100 94 91 -72 -26 -98 25 25 58 -23 -100 -23 -38 88 -39 1 -51 -67 -19 55 26 0 -94 -25 48 -99 -88 70 -88 16 -67 74 -79 -11 -62 -23 33 -23 1 82 22 -57 96 45 36 2 13 -7 34 98 -87 92 -36 19 -59 39 4 -68 -22 36 55 2
-13 5 56 3 -20 -48 99 -73 8 -81 7 -28 -78 80 -44 -82 -15 13 -86 -10 -47 -28 12 -50 -73 -34 -33 -28 63 -34 -35 -37 77 49 24 -48 -74 37 36 1 -6 0 10 87 6 -73 10 62 37 -35 35 55 45 41 94 60 62 97 -72 -84 -8 28 38 62 -20 91 4 61 -79 54 -14 28 88 -94 79 -76 61 11 -59 96 22 -35 24 95 99 -92 95 9 -46 52 67 66 -8 76 5 0 60 11 61 15
-31 39 -54 94 -47 3 -73 51 46 52 -37 44 -48 77 -39 -72 -13 -18 75 72 -90 53 -88 -47 9 94 59 39 -13 -89 7 81 -67 89 85 -51 -13 -84 71 -11 -59 -38 46 40 76 84 -2 47 -27 42 75 10 66 77 30 41 -6 51 3 53 -12 -6 69 -76 -28 55 79 27 -30 75 44 98 40 -68 56 -85 14 -36 62 -20 94 -90 71 -69 -18 -16 -32 -75 55 -76 -96 41 90 -85 86 -78 44 -50 2 47
96 29 -63 65 86 -90 29 -24 -20 -39 -18 52 56 -43 14 51 4 80 -86 37 -76 -30 -95 14 -25 12 -98 93 92 -76 -37 10 46 49 -44 -59 -72 95 -77 -12 13 -58 63 -30 70 -71 19 69 -74 -39 73 5 67 -15 -46 -36 -42 -98 -67 15 86 -87 70 -30 -62 60 53 -30 35 80 -34 -8 -17 26 71 -76 98 -29 77 -69 -51 53 59 47 91 23 -94 21 9 99 -9 -28 -17 18 46 5 53 -48 -66 -93
-50 87 -98 -74 -81 -76 97 90 95 -50 20 -41 -4 46 61 2 -48 -61 9 -64 -62 -27 -33 -15 -14 -45 -26 34 59 -58 -74 20 3 -9 -100 -61 -60 29 -96 -17 -14 -34 -18 -16 92 23 23 -74 25 -43 -6 -32 21 4 -93 0 -84 30 80 72 62 -45 49 -67 57 74 78 21 -93 61 -24 -92 -27 42 -44 -77 -37 -84 75 -83 -31 20 -4 -77 -98 70 -5 -55 -23 -23 -86 -53 35 85 -43 86 -80 43 -47 -67
67 -99 45 56 28 -24 -5 -55 -41 51 -6 -9 -19 -23 42 -78 82 -47 71 20 34 -78 51 -91 14 16 82 35 82 33 1 -10 48 -75 75 -75 -23 -55 98 19 75 -36 -5 -56 90 8 72 -5 -36 -30 -17 26 -36 61 65 -5 -16 -25 -53 -94 14 22 -86 6 34 -50 -42 86 8 14 -31 11 -22 -47 18 85 -89 80 1 -20 -21 -85 -18 -15 98 33 62 -88 63 -92 17 29 -10 15 -67 78 64 57 -18 30
-29 21 3 -94 -99 72 64 50 43 -66 -89 -81 -76 64 70 -32 -48 89 -34 39 -42 -48 13 -8 -50 -67 47 -75 21 70 24 -5 -89 -75 -63 78 -21 -34 20 86 42 -47 99 -60 47 94 -99 -69 -4 -71 -3 57 -15 -51 47 -5 74 -35 47 87 77 -99 94 44 85 -48 -1 83 -35 -39 -86 40 51 -84 -93 -10 12 38 94 67 -75 77 -76 -51 8 -15 83 -84 -31 85 48 24 -47 -51 9 34 -23 -21 78 -78
-33 -71 98 47 61 -39 -43 66 75 -100 -12 -24 0 -10 11 53 43 -94 23 -57 -38 -30 5 -75 -79 88 81 -55 -57 -80 -31 -71 -100 -22 43 -88 -90 62 39 20 -57 -63 -97 -88 -35 -55 86 25 -79 -93 34 66 72 -74 -50 -69 -75 -60 -73 -49 -14 -46 40 53 -21 -84 -63 39 84 44 47 -44 -52 -31 -91 6 19 24 9 29 53 71 -33 -51 -29 -37 1 -49 -72 -7 -43 -100 -95 -72 -86 -91 -17 -87 12 -72
-11 -54 53 32 23 45 52 -81 -31 -77 51 -14 72 86 -16 -47 -52 1 48 41 -87 23 -13 -8 -60 55 -98 6 12 93 -74 -49 43 -52 33 48 36 67 57 -36 -5 0 77 -12 -43 79 -65 -49 74 20 7 83 -6 32 20 -52 75 -62 64 -11 84 -15 7 -19 13 41 -17 96 44 45 95 -54 -95 -98 -94 82 -28 26 -65 -53 -83 -82 -12 17 -78 -79 21 31 -88 14 -12 29 -15 -37 15 10 -100 -34 15 -6
21 5 -94 -14 -42 14 -74 99 -81 -92 -67 91 -28 -100 -33 75 -17 -12 -9 14 -34 82 -57 47 -90 -81 -59 58 98 -69 -67 -14 -37 76 -41 21 -49 -26 -66 95 16 -57 26 -30 -58 -28 33 -48 -24 -8 -57 47 -7 68 -95 -96 -98 -46 -18 -16 -89 -63 -22 89 41 25 -2 -84 60 99 -86 88 -99 39 79 33 72 -48 -42 28 -19 -28 50 18 82 -66 -56 -66 37 43 44 -31 -92 43 70 -56 -84 75 -79 12
-72 -72 46 31 29 -33 11 -76 -74 96 -65 67 -84 87 -100 -9 -85 61 3 28 -47 -92 -2 16 -3 -46 -48 10 -72 -25 66 -99 -64 26 58 73 -80 -75 -91 94 -84 35 51 -23 -75 -82 -9 99 -65 30 79 31 -91 33 63 -57 -51 64 53 -72 67 65 69 -39 51 90 95 67 -5 -91 44 16 -95 91 52 73 -47 87 99 -53 55 35 -93 -60 -28 -15 39 40 76 56 27 -24 21 -52 52 97 -61 68 40 86
81 -60 19 74 61 33 70 64 -51 -85 20 61 -60 78 -2 -26 -34 77 59 15 59 -54 55 26 60 -1 -25 65 75 37 56 18 -11 93 94 56 2 92 -61 -14 7 51 -58 56 -57 -35 -72 16 -10 31 -89 -32 22 72 77 11 -27 97 9 -3 82 -64 14 70 86 -33 54 28 73 -19 23 4 90 -6 14 28 54 72 -62 39 -83 76 -18 54 -82 30 13 86 -48 62 26 72 23 15 66 -6 -24 81 -6 -75
-93 71 -80 -65 39 96 -13 47 -33 -88 -64 -80 -87 85 -12 -91 81 90 78 77 91 -23 -17 52 54 -15 96 42 16 12 -7 -5 -1 13 84 93 35 47 -54 82 -97 -24 -91 95 30 -24 -53 38 79 -32 -17 -80 -70 6 42 40 88 91 97 17 -95 -70 -33 64 -92 43 27 82 -35 93 -79 47 -23 -10 -58 12 69 67 -84 18 40 -62 -22 47 99 -44 15 0 -72 52 -17 93 -56 -2 59 94 -72 -98 35 67
-76 70 -25 -37 98 -78 -85 -41 -94 -13 -74 -44 7 -63 -76 94 -97 42 38 -77 -23 64 -98 -78 58 -1 60 -7 5 -45 95 59 -65 78 -4 19 86 15 91 -56 -24 54 -83 3 61 12 -49 -12 56 55 35 35 3 72 -17 -63 -17 1 -31 74 -41 -49 66 92 26 -34 -34 -60 -17 -24 -85 32 -80 -31 12 -9 -30 5 38 -73 -88 77 80 39 1 9 50 -71 74 64 -8 -90 95 -99 78 94 83 26 65 -79
48 -13 -78 -20 45 -56 57 67 11 66 -17 -90 -76 37 28 -72 66 -80 4 -91 68 94 70 -99 29 -73 -1 9 -96 76 65 -80 -80 93 44 -66 -58 -87 -98 69 -52 78 28 55 99 -21 5 21 55 57 75 22 -24 18 97 45 35 18 75 -69 40 75 -86 16 28 -63 59 36 -21 24 68 35 -7 71 -6 27 -91 -96 85 30 -74 0 82 -80 -94 -21 5 -14 39 55 74 0 36 30 -11 31 -31 -64 -65 18
36 -12 -96 -11 25 -36 -38 33 -46 57 38 -71 -47 83 69 44 43 -76 -13 -78 -91 -4 23 25 -100 38 -40 -82 -4 -6 12 56 34 16 21 52 76 41 -17 41 -50 1 -76 16 2 -45 -27 -39 -74 -11 -33 32 93 95 50 23 46 12 2 -94 22 11 -25 -38 -79 4 27 48 -31 -77 -81 -75 38 71 -32 91 50 11 50 36 11 61 -36 -7 47 -1 31 10 13 84 -45 99 -8 -63 -47 -40 -75 -75 3 81
-24 -95 -96 92 12 16 30 -33 -73 -92 -49 -66 -91 -50 -94 -24 -32 -62 38 -28 40 98 -44 19 23 -8 -40 46 31 81 -64 51 48 -92 -60 70 25 94 42 -20 -79 -86 61 -30 -64 84 95 -67 -10 86 -52 30 38 -74 -51 -26 -35 -31 -69 37 -50 15 64 86 20 48 94 97 66 -18 -68 -26 23 -53 86 -72 -40 53 59 25 53 8 47 68 40 -1 -59 -42 5 25 -18 13 90 -35 48 -44 78 87 3 -8
53 -41 87 10 8 73 -31 87 -53 -2 78 -64 64 -42 26 -41 80 -1 75 34 -17 88 21 60 68 -87 -86 -3 59 54 73 0 -66 -81 63 73 68 -34 -2 34 86 59 -33 -42 28 -45 -46 -62 -46 53 52 -94 -14 35 -80 -27 47 48 -26 54 -95 15 -35 -44 -34 -26 17 -41 -17 18 -95 -52 13 -1 27 74 12 -55 84 -69 -6 53 3 -78 13 -92 -58 10 -36 -100 -27 0 69 89 -14 -32 5 93 -62 -96
-19 -93 -26 -15 -79 44 -51 18 60 -39 -31 -96 -51 70 21 -42 -53 -74 86 -16 -24 -50 35 12 8 23 2 35 -68 -84 -55 -5 44 67 84 -72 3 20 -71 -72 -64 -61 -90 30 99 19 -6 -26 -99 -86 7 67 88 -53 11 -49 79 -69 47 90 -40 -96 -40 -18 -67 85 -9 57 -88 67 -98 92 33 -28 -69 -87 -48 -39 -21 -35 -100 22 31 -46 26 -20 87 90 -60 -62 93 6 -94 90 -47 -29 62 -79 35 88
-40 76 87 69 98 -46 -38 14 77 92 73 -93 -100 83 -11 39 44 62 36 49 -71 51 -56 91 -74 -12 -39 0 -12 -35 71 -43 44 -39 42 0 9 51 -49 -88 8 -76 40 75 -37 -61 17 -12 -59 -73 87 26 1 75 -68 82 -63 82 83 -79 25 20 -52 -72 -33 28 -73 70 22 -58 3 -37 30 8 -56 -43 -81 -45 35 88 -84 86 -28 95 16 69 -81 64 -66 -53 -79 -28 13 -12 -23 42 69 -60 -42 -51
-89 48 28 65 -53 -69 92 -28 -43 68 -4 84 -98 -13 10 -83 -10 42 77 53 -25 62 83 25 73 5 -43 88 -87 -14 -86 36 54 -29 98 -55 -92 26 42 -41 45 87 -47 19 -82 27 13 99 -13 67 -37 60 -61 -71 -69 71 -25 -3 -10 85 50 -92 -92 27 -69 70 7 25 12 17 -46 -37 91 -21 -44 -13 90 98 77 -41 -34 -62 82 73 26 -8 -38 -34 -63 -45 96 14 -69 -13 -72 -83 20 67 30 -78
64 -98 -28 -82 -80 29 43 82 -21 69 -77 -12 -47 -21 54 -47 35 70 95 -93 -35 -31 -16 -16 2 -52 37 -25 -100 83 9 87 -26 1 -34 23 -65 -17 15 88 6 -68 -68 75 -52 -38 15 -86 -6 -81 15 -5 -24 13 -85 -83 -9 -52 -91 -10 51 -66 39 48 98 -69 -98 25 64 83 85 79 99 -72 -58 39 92 12 19 66 -19 85 14 90 93 -44 -56 86 -65 -78 57 -86 84 72 29 -93 -98 92 -73 -46
-67 38 86 64 39 -8 6 -12 -6 -39 89 -84 81 98 -52 73 33 10 85 17 -5 -97 70 -30 33 -36 -51 46 -60 -58 16 78 -21 -74 86 9 36 21 61 -74 3 -28 88 88 -8 -6 -59 -100 23 -32 -23 3 -4 -12 -23 15 -87 19 42 -23 28 48 -85 52 -64 -71 -23 38 -22 -81 81 -55 6 32 95 -82 44 -48 31 32 -47 23 -46 88 52 -71 2 -37 97 -13 -1 -87 -85 -86 -4 -77 33 -3 31 70
-28 0 -30 -1 -11 -18 62 -89 -20 78 -30 -53 50 -32 -60 -96 60 59 67 27 -47 70 4 -93 -29 -100 72 9 19 95 15 -80 41 68 -5 91 -65 -20 40 70 40 -31 -47 -14 -75 12 38 76 58 -38 -25 28 -75 -62 -64 -59 -24 87 68 -63 -63 41 4 -65 -48 -37 -9 22 -89 -81 69 -76 88 -97 -98 -29 -44 9 16 18 61 -51 5 -31 -74 55 -23 39 1 96 29 3 32 27 -4 -100 -30 40 -44 58
-89 55 -30 80 -98 -48 33 -80 59 87 -10 25 47 11 -35 9 -30 -51 -42 50 -44 -61 43 68 -73 -99 -79 40 -15 -99 -28 63 -79 75 17 38 -25 77 13 93 -80 -10 -60 -78 -81 -77 -66 21 -85 64 -7 -87 -35 63 -95 54 62 -67 -70 -49 78 -14 -5 6 18 48 42 -88 -22 -62 -16 -11 3 -40 -11 -53 72 92 -3 73 -54 -1 -7 -52 -33 50 5 55 91 -93 71 99 84 -40 16 -35 -69 6 13 -84
-27 87 31 -100 -48 24 -56 15 97 82 16 65 80 -57 30 -17 -26 71 -80 37 38 -66 62 -42 -24 -82 95 -38 38 35 3 -45 94 13 -33 -92 9 -14 -23 -20 -35 81 47 -92 93 -21 -46 58 17 -74 -65 37 -88 -97 -12 -36 -97 -83 -26 49 25 -25 68 42 -77 -43 -35 54 30 -88 -97 39 -30 90 83 5 -39 61 73 -52 56 -16 -24 -17 0 -33 -78 59 16 87 -44 95 18 -28 -92 -27 -65 -54 30 -66
0 -62 -49 -87 31 -61 38 -52 28 71 -53 -10 -40 98 -81 -35 46 3 -20 -78 16 12 37 -90 81 18 -22 -6 33 -10 -2 -40 57 66 69 -80 39 -83 87 72 16 -85 -73 -90 -90 -16 -34 -92 14 -45 -9 15 -67 -47 -24 -83 -19 60 96 45 -55 38 99 69 3 91 37 56 -78 -58 -66 -42 -46 49 -21 87 66 -4 9 -10 67 -25 -54 -93 -97 38 -88 80 -49 -83 40 49 -97 -69 -12 99 1 -62 -22 -27
-25 11 -55 -35 8 -35 -32 -4 -84 -34 81 87 48 81 25 7 88 -35 7 87 52 -26 79 -9 15 -93 -68 67 47 -18 -14 6 3 1 63 -6 1 64 27 -57 55 62 -43 81 53 -62 34 -69 89 51 57 -81 -69 78 -85 4 -78 46 -36 74 86 71 40 -13 -46 -47 98 -8 83 97 67 -17 55 -22 32 -58 -36 -46 90 -36 8 80 63 -91 -88 88 20 11 16 34 13 -73 19 30 57 62 91 86 -17 -94
-70 -15 -10 -39 31 9 85 -39 36 35 6 -11 -17 54 74 54 90 -55 -45 22 -13 -45 -13 90 6 -46 99 -38 -83 43 15 81 -64 70 6 2 21 83 53 -63 20 63 76 -78 20 61 97 -12 55 -31 -91 -82 6 -14 -11 93 34 80 -41 -55 -70 -86 21 29 -18 17 -4 -50 -35 43 91 -10 0 33 71 71 18 -33 -78 11 -95 -90 36 -72 17 -95 -95 9 -2 5 -100 -31 -17 -37 -29 90 -74 -83 -47 -9
-76 -57 60 76 -27 53 60 -3 -11 -28 -34 -64 -27 21 7 4 -93 -36 -91 46 62 -63 4 -13 -83 36 24 -6 16 35 -96 -65 43 -39 62 30 -47 -13 -92 -86 93 -30 -60 65 61 14 26 11 86 -30 -18 -10 38 -15 -57 -84 -48 47 14 -88 -5 58 -92 91 -96 49 72 22 -100 75 23 81 -26 -32 -18 -59 -84 29 -100 -22 -99 38 38 5 20 -16 -66 12 -72 94 -49 33 -62 24 92 51 -9 74 51 40
-63 -43 -12 89 -38 -9 -100 -61 35 -94 -42 -38 -91 -94 39 38 58 -1 82 3 61 10 28 65 88 54 -44 -79 85 -83 97 -94 60 -20 -63 -32 54 -75 -63 -40 22 -77 -26 94 -39 11 31 -74 -43 -66 76 43 87 -13 -56 -89 23 92 -81 48 -10 -17 81 17 35 16 33 86 5 33 -25 -90 61 -59 -6 29 -33 -64 -2 9 -32 17 47 53 -85 16 -85 -33 34 56 79 -31 -30 -58 85 -89 41 41 71 -74
26 83 -86 18 -46 -32 1 72 -100 -5 40 51 7 -49 -42 -97 76 69 3 -22 -23 -15 -27 55 -31 56 79 -96 -9 48 20 -95 10 -78 43 61 -57 -15 -14 3 48 -73 -43 -14 35 96 24 -37 93 84 49 -64 21 93 88 -1 91 -48 25 -70 31 15 45 -71 -8 39 72 22 -80 -20 5 -46 -65 -26 -99 42 -99 -17 -5 69 -95 -13 -27 17 -71 -53 -15 -4 5 -56 54 67 -40 46 -22 26 30 46 -96 -44
1 78 82 21 72 45 40 51 -42 63 -42 42 -51 -39 94 -55 94 -66 -81 -78 -86 -79 -61 54 3 93 -91 56 -6 -93 85 79 94 -85 93 27 88 -11 -17 -9 -70 80 58 14 69 -85 -64 -65 -27 -31 7 86 -13 -88 15 35 -23 75 -62 -66 64 86 14 -10 85 52 -26 -76 55 94 -55 50 -100 -49 83 68 77 77 -51 68 45 51 22 -3 57 80 -1 93 14 -53 70 10 -91 46 99 3 35 -78 -5 53
-7 42 60 4 31 -13 -34 77 20 -51 -39 -97 8 99 -72 -14 94 -13 -45 -8 -95 29 -77 -14 -93 89 -63 76 -3 47 -80 10 -44 12 4 83 12 -25 -8 -29 -10 -32 -16 -67 -12 -70 -62 8 -58 -83 95 -59 86 60 -93 20 76 37 -26 -22 -56 -33 7 45 -23 -74 85 12 41 -70 0 31 -45 -37 0 76 -100 -1 62 -1 -36 99 -39 44 -79 -76 -100 13 32 52 82 66 23 -66 22 16 -5 24 81 -22
56 -21 -58 -33 45 52 -49 43 28 -67 -75 25 61 85 -12 -63 87 46 53 32 -42 -34 -8 17 51 -98 21 -72 6 54 86 28 52 -19 35 84 -6 24 -76 -94 2 -82 -59 70 -61 64 20 98 43 -42 -42 -96 -55 8 21 11 56 -60 70 -78 -9 -40 59 35 11 86 50 -10 21 -33 -56 71 17 -27 -71 94 -58 50 -72 -78 -61 -98 -59 -50 30 36 83 72 45 -45 -23 30 11 84 47 83 72 92 35 -23
6 27 -94 47 2 60 -44 40 -63 75 44 70 89 59 42 -95 -25 52 -48 -30 49 98 -66 1 -63 82 -63 65 -62 77 -75 91 81 -44 -1 -99 12 74 -91 69 -49 78 -41 0 40 57 16 -78 71 28 -72 -20 -91 -54 87 94 70 80 99 -55 -61 -76 0 72 41 -53 53 34 31 92 -67 -33 -50 69 -94 51 -71 -81 -99 79 -64 67 96 25 -71 3 44 20 65 8 -1 42 -60 43 -21 -58 99 -63 -70 -26
-37 -56 33 -77 -42 -70 79 -33 29 68 -79 95 -55 69 93 10 67 61 98 -8 69 25 18 -72 50 -62 59 0 -77 13 -34 96 -77 -99 35 66 97 6 48 12 -99 -97 -79 -24 -71 -75 37 -100 -58 -67 -65 66 92 -66 -74 60 78 49 64 -49 23 52 23 26 -1 -60 59 99 -46 -72 -92 -26 1 66 -19 76 6 -40 64 -94 -5 94 44 59 -13 51 -79 32 23 -95 68 -63 -43 -99 25 -98 97 19 9 -3
-73 -33 -69 -60 -1 -54 83 75 70 -19 42 -91 21 22 -87 -95 -44 1 -40 -65 -56 -23 -47 -36 58 -73 -99 38 -38 62 89 -44 -35 80 -47 -68 85 -93 96 -65 -6 -65 -12 -46 39 -99 49 -38 46 -62 -36 -29 84 60 71 -74 -87 95 -80 -33 21 60 -17 77 62 -15 0 -95 -27 17 -41 36 2 40 -96 85 80 -74 13 86 -91 55 -69 9 25 -17 58 80 62 -93 -65 -11 53 12 12 29 -29 -41 84 -71
-28 61 96 -28 3 -64 77 -64 63 -24 -63 79 -91 75 30 -68 84 69 -82 71 -37 44 -39 57 -60 -37 -62 2 -4 -98 -20 50 -38 -12 25 27 11 14 76 58 -10 93 -12 84 88 51 99 -55 42 94 -94 -20 54 53 68 -81 43 2 -65 15 41 -99 4 77 99 -63 -23 -21 2 27 -66 9 86 40 23 -81 -6 2 17 -95 49 -11 33 76 -89 -74 -88 39 52 60 -60 -84 -95 54 37 68 28 73 21 93
-50 83 -96 89 -8 -40 -3 -98 43 -82 -74 66 -85 26 9 44 -82 -7 -93 75 -92 9 4 -27 -86 87 -30 -24 -38 20 33 38 -77 19 18 67 30 -44 76 22 43 61 95 -15 -62 -11 -88 73 -93 74 -71 70 88 47 41 51 -54 -99 -7 91 57 -31 35 -72 81 0 -27 -23 -40 -82 -95 -27 91 -65 -57 49 48 -93 -35 -10 -10 -75 9 -59 -12 -43 10 20 58 69 -10 -4 -70 75 18 -84 93 -45 79 81
-73 99 -86 88 49 46 -98 -86 -71 -49 -8 26 -10 17 71 72 31 70 -73 -86 -4 -67 10 -55 -62 -34 89 -21 -60 99 -6 -28 -7 69 -73 -94 36 71 90 -56 95 33 -67 17 -5 -62 -75 -21 -83 99 61 -52 -39 95 -56 55 -70 -10 20 -77 -31 96 65 59 37 92 82 97 34 81 -71 98 -19 -67 64 -83 -8 89 20 -69 59 -97 -13 55 -52 -82 4 -16 -35 -36 -52 -35 -97 -25 -56 99 -3 25 -53 -32
80 -20 91 -71 91 -28 -24 25 -57 15 70 10 -12 -42 96 20 42 41 -66 -54 72 -44 98 -33 -72 41 -32 -49 -63 -8 85 64 60 -3 26 -54 50 10 -57 -71 -49 -14 -32 7 -70 -98 68 -64 -26 -94 78 67 41 91 23 13 -82 27 57 69 -38 -16 -95 -86 60 91 87 99 -1 22 -5 15 23 65 19 62 73 44 48 82 -60 -44 43 46 -12 -42 -49 -90 32 99 19 18 -69 14 77 64 6 7 91 -32
86 43 -72 54 76 12 63 34 -70 77 32 38 -76 -66 -90 12 8 70 -72 -78 91 -52 -49 -53 72 64 -75 98 8 93 -3 36 75 -2 53 -62 73 -29 -10 -72 85 -38 -85 -53 -86 44 20 72 -62 54 -15 -22 -40 76 -28 -39 27 -90 75 84 -63 -17 32 -25 63 -57 82 -91 77 -71 -74 -5 5 92 -47 3 22 13 22 -63 -10 -10 71 11 -30 19 -4 -4 -21 -61 7 -72 -90 -13 92 9 -65 -59 19 -50
38 -13 98 -62 -7 37 84 45 87 93 -82 87 -49 29 0 -74 45 -80 -4 -52 -71 -29 -100 -15 14 8 -52 50 26 -13 73 56 43 84 13 23 -92 -93 93 -43 72 86 95 92 -78 -26 -34 38 -71 -48 94 -87 -62 -89 -21 19 -7 76 4 -36 -21 -17 60 -61 18 6 88 -2 35 -34 64 -39 55 -80 -68 27 -56 18 8 58 -76 -34 10 40 -76 60 28 -84 38 68 -71 -13 65 30 33 -63 -50 37 -63 -76
-99 95 44 27 -38 -38 -3 -76 -10 44 -15 -15 90 -44 36 -37 17 70 -27 61 99 -86 -70 -66 71 25 -2 -83 71 -76 -23 -61 -29 9 85 37 -51 -2 78 60 -55 52 20 -46 -16 2 -76 -75 -65 -22 96 -83 85 89 57 31 36 -27 12 -63 -31 33 67 -88 -25 9 -85 85 -68 3 -83 65 -16 -94 -72 -17 55 -95 -57 -78 63 -12 -41 -20 -83 40 82 55 -98 1 15 47 28 78 -43 81 -54 -60 -35 -56
36 64 -23 93 -48 -100 -8 -34 -96 -23 -24 -40 90 11 26 0 -98 28 94 0 -43 70 -89 -31 16 29 -70 -94 32 40 28 -23 -68 62 -40 5 66 -17 -75 -44 89 -78 -28 38 -84 48 -74 14 -98 -35 21 29 7 69 -17 -5 -88 -91 93 -84 -79 -37 -46 -45 -37 1 -74 -93 80 -19 66 72 -96 -66 -85 80 -75 59 73 3 -95 87 -98 -84 45 -10 -60 -12 -97 -38 8 56 -47 48 73 67 32 -14 28 -44
-21 21 -64 -35 -2 20 -81 45 -10 -35 -12 45 11 25 65 -60 5 77 -32 -44 -66 -82 -59 -17 1 36 93 1 -79 83 77 51 37 6 37 -80 93 9 94 66 -69 2 13 -55 -44 64 -62 99 -56 -96 6 -3 32 -70 -71 35 73 34 53 71 -54 21 -50 95 -54 -11 -25 -89 65 43 57 69 -57 26 -66 -58 -52 -71 -35 -66 81 -5 16 -24 44 -84 -47 21 -98 -23 -58 13 57 64 67 -56 -28 -8 -9 -48
13 -22 8 -73 -78 3 -25 33 -54 -40 83 -18 83 -93 -36 -14 18 2 -12 -34 90 -56 -50 -92 93 24 -33 -68 -2 -56 -52 -32 22 -15 56 0 44 70 -84 -47 68 -99 -100 -11 92 -19 12 -44 67 30 70 -44 -48 93 79 -41 86 -36 58 41 30 -90 -55 -22 43 11 -8 -28 95 0 -46 43 57 5 49 51 71 73 79 48 -55 3 2 32 8 21 -42 6 80 -18 63 70 8 -45 -45 -89 -10 -93 -43 -57
41 39 81 30 42 -89 -80 14 50 -84 68 20 -57 -41 75 66 36 -12 69 80 75 -89 -61 97 -20 48 -27 -82 71 95 -70 9 -24 -19 -49 -36 -26 -24 -57 -15 -57 66 -80 65 80 -28 72 50 -100 -40 -79 94 -51 91 57 -6 -89 -64 74 -17 64 -73 89 -33 -62 78 34 -53 -96 10 -35 -90 -78 -54 60 -70 -97 -59 -79 -86 65 4 -19 99 -73 92 -63 -77 5 -20 -39 98 97 -66 78 89 69 -95 32 40
-28 -57 87 1 -19 27 -92 -93 67 -93 27 -33 98 -54 -95 57 -80 -53 -40 -100 -98 47 -20 79 -73 -38 -20 -79 76 -80 13 -83 16 -2 78 -62 44 -16 -59 -42 49 -95 68 1 4 -40 -90 -72 71 7 -50 -40 -19 88 61 -15 -98 -82 30 -61 81 -16 -17 -97 -38 -85 29 -82 46 52 -58 -81 -52 -76 -19 6 -66 -100 5 43 -58 68 -29 35 -9 80 -21 -2 10 14 21 4 -1 44 -71 42 -75 53 20 -63
-77 40 77 -38 -81 37 -74 -51 -80 -83 12 95 19 16 -80 -70 -95 27 -18 18 15 15 -53 55 43 52 -63 -32 -3 25 25 50 29 -19 15 -4 -100 -28 5 70 60 59 79 37 -55 -73 -91 46 -74 31 -38 -80 -44 -95 -29 -39 -26 30 8 31 -64 83 -98 61 59 -48 1 -75 87 95 -100 -67 3 98 -89 52 59 22 63 -8 -33 36 9 -69 70 -95 99 -5 28 -76 -86 61 64 -19 38 -96 75 67 35 37
78 -85 41 -95 79 -85 -62 86 22 -17 -53 37 -66 62 70 -18 63 37 86 9 56 75 67 65 -83 -4 -45 -4 64 -62 26 92 42 -27 -91 88 73 3 -51 76 10 -92 20 49 -69 0 -45 56 71 -56 -8 -30 62 -5 52 68 77 -96 -89 49 -54 2 -27 19 67 87 41 98 7 -94 47 97 -66 -8 -47 -39 -97 -7 32 15 -9 -92 -85 32 85 44 28 15 83 -18 -88 2 17 -35 -96 -49 -6 3 -77 -27
-10 -37 98 -90 -27 -85 -75 -6 37 -63 9 -51 21 -10 -67 -58 44 -64 -40 47 72 79 -31 76 -15 18 40 -32 -24 -26 75 -21 68 -89 48 3 40 94 94 -60 48 -13 79 -33 -93 -22 -37 86 -93 -81 0 83 -27 -75 -69 92 0 89 36 -41 -80 14 2 -3 79 -8 59 -25 -89 7 56 88 -81 96 0 78 25 60 -40 23 74 -68 -32 -3 13 95 20 -3 28 57 -81 97 -76 99 -80 -45 -18 -78 -63 -15
66 -76 -61 32 22 -11 -79 90 45 53 67 -64 49 56 -66 -11 -39 -16 -29 84 85 63 25 -44 57 2 -29 91 -5 84 -77 93 10 -29 78 -37 90 -93 53 96 16 -44 -48 -12 2 86 85 -5 -13 63 -58 -62 47 -57 31 66 -81 2 -58 68 -83 -49 -6 88 -19 50 -67 -50 -21 -88 11 -18 3 -76 34 -28 67 41 50 -63 47 68 85 45 -66 -29 -75 94 -88 84 18 2 -97 25 47 98 88 -26 -94 61
