60 79 2 -64 22 34 -43 81 35 -51 50 -91 14 93 -5 -7 6 22 7 -68 -71 -9 -5 -85 -15 51 -2 97 -12 -24 87 -30 -7 -8 -44 16 -10 14 89 18 32 -73 97 -39 43 -3 26 -43 -33 -48 -95 -68 20 -100 17 73 -88 75 62 24 -46 36 -57 62 35 96 -20 -47 83 34 -83 -84 62 -54 10 -9 -67 -83 -4 -32 62 84 84 -42 -39 5 38 -83 -22 -8 -77 -81 6 54 57 -90 28 -60 63 -6
26 -83 -16 51 71 -85 -10 -37 11 10 89 25 -76 -20 -74 50 -32 -90 -75 -83 -42 16 52 11 14 76 -57 24 -74 14 -17 -24 -83 33 92 -11 -85 -89 -33 58 57 -70 -77 -54 -98 -95 65 -31 -85 -13 85 -15 61 3 16 -64 -64 7 74 76 -2 17 -80 -10 78 61 -48 -45 69 48 7 -51 -61 22 68 3 43 94 69 -73 90 -100 -94 -18 -9 91 -85 -36 81 -7 -63 -17 -56 68 -17 -21 5 -24 -50 66
-19 22 -19 84 76 -45 -75 -81 -96 -84 19 -44 -14 97 -85 -70 -88 2 47 65 -61 94 -86 19 -83 14 -3 -47 -76 -100 68 -71 44 -19 -68 19 -84 -94 64 87 -55 69 -61 80 -90 -1 -65 50 46 30 36 -2 85 0 34 79 -75 -71 36 20 -27 -56 55 -15 48 22 89 -13 -2 74 13 -73 -37 37 77 9 -31 64 -24 71 -67 69 45 32 -63 78 11 78 69 21 -7 15 -53 44 27 21 -8 -64 56 91
-91 -12 18 -83 76 -97 87 55 -86 -1 30 6 -93 -15 43 36 83 -69 -50 80 43 -40 -14 -80 -32 -46 -37 43 79 78 72 86 26 68 92 -100 71 24 -34 68 -70 -46 40 71 17 -51 78 -49 49 -83 86 71 -96 -50 -31 -3 -53 -15 -90 42 -79 -57 97 -95 -94 -68 71 -9 -8 -53 91 -97 4 39 78 9 96 33 39 7 70 85 -11 -38 45 -93 61 -16 34 -7 93 -37 -79 77 -3 -10 86 59 -95 -10
56 -14 -66 26 85 -75 -55 -67 -95 -86 -48 12 12 12 -32 14 2 44 70 -93 73 -96 -27 22 89 -60 8 30 84 92 -54 7 -49 29 82 -91 -92 -2 -84 -18 41 -7 50 -32 60 22 84 8 85 -13 -68 -64 34 -27 -11 -100 -92 32 -83 -60 35 24 -74 -53 58 -48 -89 -74 -94 -68 36 -97 -68 -20 18 67 -71 83 -25 97 -7 20 -18 -17 -20 19 63 98 64 61 -4 -33 -43 63 -48 -94 -3 21 24 -66
-26 -93 -89 -41 -85 -56 49 67 11 95 -46 72 -77 -30 -6 55 59 85 55 -95 99 -63 68 -51 18 -8 -39 65 -22 70 39 83 -94 58 -23 -28 -41 -27 40 -1 49 -26 -18 -11 29 -70 -73 -52 -59 90 24 4 -65 82 -6 -56 66 26 -6 53 -88 10 98 -31 71 -9 -50 -35 -29 -18 -11 99 84 -67 52 86 -12 26 7 79 -82 -72 40 -14 -88 95 63 99 -97 62 73 -89 26 -59 56 71 -84 -76 3 87
71 -83 79 -91 -64 -74 -98 44 -35 -12 -80 -99 80 -19 80 -34 18 97 83 16 -37 -33 -7 -48 35 63 6 46 -84 -69 -56 -50 -88 50 78 21 -79 -79 -4 83 13 8 68 90 -25 -15 97 -91 52 -71 -25 71 31 88 -4 3 -65 68 -2 -28 -90 14 -59 32 -10 -57 -41 72 -94 -33 6 61 54 -13 69 -42 96 -10 68 18 68 -65 -81 -83 -41 1 14 -56 26 67 -36 -88 -24 80 -20 70 82 13 -77 65
-81 67 2 -46 31 -1 -63 4 70 54 -66 -63 88 55 41 75 -5 -83 83 -86 -8 -84 -91 -61 91 33 -67 -70 8 42 57 -19 -91 14 -4 -82 -29 34 -96 -99 71 39 -48 -44 26 -82 40 -14 -43 12 63 -68 79 88 39 -39 31 -62 89 -79 -43 -75 96 -16 34 -3 31 10 -55 -51 56 30 49 -20 -69 -5 -1 4 47 35 -55 3 -88 8 6 -3 -40 -35 -75 30 -34 25 35 -72 -30 21 -67 -74 -16 -19
-72 -57 47 -37 39 16 -72 -29 6 -29 86 8 -83 -82 -94 20 13 24 -96 -99 -79 97 63 -94 -68 -97 59 81 98 -82 -90 25 3 99 8 -75 78 63 -89 21 43 -67 -22 -75 -99 -41 -93 68 33 57 55 -57 42 55 56 96 99 46 60 -95 50 -74 14 82 -58 81 68 60 -25 -90 -25 -15 91 -2 -62 -81 90 26 -85 59 65 -34 12 4 -26 19 44 -47 -24 94 95 -1 -39 -32 11 -13 -75 39 -1 -53
71 -14 50 -11 -76 87 -39 42 -94 7 11 35 -58 49 -96 76 -1 -58 31 94 84 26 -78 -58 30 -69 13 23 -86 17 -12 7 33 -22 43 66 -100 36 -38 75 11 82 -59 18 -98 89 -100 30 7 -42 26 82 15 84 31 44 53 60 18 -93 -69 7 66 56 -76 24 16 -56 1 -58 -81 -70 -98 -52 -63 37 35 10 36 49 -46 86 17 -56 63 -64 -85 9 -39 -60 15 -13 -8 99 72 -51 33 79 -13 -25
-45 -54 22 -48 -8 -86 -15 -31 -6 89 63 30 -64 -18 31 9 84 5 84 -26 68 53 34 -69 -93 -50 33 85 -69 -83 23 45 -4 -39 11 -39 -99 88 -84 -47 -52 17 -69 82 -53 -79 96 49 82 12 -71 20 -19 2 -12 78 -86 76 -44 46 15 -100 -72 60 -52 27 -33 66 -73 9 41 11 -30 61 -70 -64 -20 -33 77 -27 -41 -34 -88 74 68 -5 49 91 59 -21 -18 -30 -66 -92 -9 -8 -24 67 -7 76
18 53 -22 85 -2 54 6 38 -69 67 -35 49 89 -3 3 -7 -64 -2 -46 -6 -61 -93 -4 -25 -62 -13 83 29 -47 69 -61 -42 0 -19 9 -41 -49 87 -18 -12 -62 -64 90 1 -21 99 -15 -78 -25 -33 -64 7 32 -59 17 58 17 -4 2 65 -72 29 3 -5 49 49 67 -47 21 3 -81 -81 -77 28 79 -26 99 70 -54 68 -8 -61 -62 -54 -81 -3 83 43 19 -30 26 -64 16 -86 21 -69 -55 23 28 12
-83 19 66 -53 96 17 -19 -78 58 -23 -97 -94 -29 -53 68 28 -93 73 16 19 -73 -18 86 88 62 75 -74 78 -64 -18 56 79 -20 -65 -89 -67 -45 -10 -56 -18 -21 51 -7 -71 61 14 -92 38 12 57 -90 -60 -4 -91 0 -73 86 59 24 64 -83 -44 -71 -13 -53 95 52 -1 55 36 12 -59 -34 20 40 -25 -13 -5 -6 92 88 -73 -40 92 19 -23 -4 66 3 3 -60 74 -28 70 15 33 2 -23 -47 -94
74 -92 -88 65 -98 45 94 7 -38 -90 16 -55 59 30 77 32 -13 75 -99 -100 27 21 -80 -12 84 72 47 54 -74 47 -36 77 21 72 -5 -50 68 -98 21 7 55 53 -72 -11 20 -13 -48 19 11 -98 -34 -70 -43 -43 -83 -77 -91 96 -95 -12 -85 40 -66 -66 64 -15 47 -54 1 -77 -34 19 84 -57 65 -73 30 9 -98 90 -50 67 75 -2 82 -50 -17 7 -24 30 -87 70 -45 -39 -95 82 17 -6 69 50
-37 13 22 -71 -69 -76 89 95 -59 -84 29 -39 24 97 -27 68 -30 -81 -68 -27 47 51 20 -73 -73 -79 38 44 -79 -42 60 -42 -97 80 44 64 88 3 -75 43 20 43 -47 79 36 42 -9 -43 -62 -59 -73 -17 38 99 44 -40 13 32 -1 -1 62 27 60 -51 67 -29 12 -44 -81 -46 -14 -86 87 -61 -92 -11 62 -55 25 4 -62 -49 -94 58 0 19 1 -33 -74 -76 -92 -71 -7 48 86 22 -38 85 -52 -92
-39 -71 -95 77 26 10 -65 -65 63 82 25 -34 -47 -21 -57 -42 75 28 -15 -26 -53 -22 48 -66 83 -81 63 -73 -26 -72 -25 79 -31 -29 99 96 85 56 57 -82 44 53 -83 -91 -34 9 20 34 82 6 16 11 -73 15 -22 -17 -21 -84 27 5 24 -62 48 -24 -30 24 68 -49 70 -64 -17 1 -16 56 -56 43 -26 29 -58 64 -52 84 -97 96 -75 -59 25 -7 -66 52 -37 -37 8 -42 66 4 66 15 25 92
-26 -14 -45 -17 -58 -14 -21 25 -24 -69 -34 -96 36 -93 -18 49 56 50 95 95 23 -51 -14 56 44 -27 -2 -14 11 -92 3 57 -25 -67 -86 37 97 -56 -46 26 -93 13 37 -77 -85 -84 84 -17 87 -48 55 99 -86 2 18 11 33 -66 -45 88 -26 -59 88 0 -24 27 75 -64 -38 -15 75 -35 75 79 20 97 80 -84 38 -11 47 29 57 81 -23 90 67 -29 41 83 47 -81 -96 -32 21 -76 -49 83 25 88
-36 -38 83 52 -83 15 49 -64 -79 -84 -30 32 -2 2 -62 -76 -32 -72 31 69 50 97 -60 -88 -40 10 95 -29 34 -76 25 -55 -20 81 26 -24 -73 22 51 -82 -72 -75 -33 46 99 78 88 -64 65 90 -49 55 52 90 43 -59 13 -3 -43 -98 66 91 -18 -39 37 -38 65 45 -52 -44 -35 -71 -2 33 30 -83 21 -62 26 15 -55 78 -29 -24 -73 -28 91 -43 -45 38 11 65 68 -37 -29 -31 -23 -42 -13 36
-38 78 27 86 -69 -3 -46 -96 -95 1 -54 -60 -17 -77 8 15 22 -41 98 14 -55 -78 48 98 -54 -93 65 -27 -27 63 -45 -51 -47 -76 -96 -60 75 75 -84 -54 -37 66 25 23 -77 65 -65 -55 27 -30 14 69 31 60 53 -60 -71 36 -29 -14 -92 2 71 57 61 -73 27 9 64 -28 93 -11 11 47 87 -18 28 31 64 -69 51 71 87 -16 -21 69 -74 45 73 -70 -59 -83 90 -3 76 2 28 27 80 89
-8 -77 19 -51 91 -60 46 22 -79 71 9 19 63 -95 -54 -66 -9 -79 46 25 75 16 -93 3 -65 -84 83 28 70 -19 61 84 74 24 -64 -75 45 -43 -28 78 3 -50 96 -77 26 -37 -3 -13 -40 -90 -46 -43 22 75 23 -49 79 -11 -28 98 -88 26 -47 26 -65 39 28 35 79 -14 -63 -45 -96 67 -10 -75 -30 29 -98 -55 -57 72 8 57 27 27 -8 -94 -81 33 -67 66 30 29 17 -93 -73 34 -84 -27
31 58 -24 50 -80 -80 -10 -78 20 89 -62 -49 91 -53 90 -77 -5 -23 -90 -53 -93 -30 76 -42 -54 -98 11 -60 69 -63 -5 93 -61 -28 -29 -47 -43 90 54 65 -2 55 7 -19 -43 44 98 -14 65 74 -43 30 58 -75 3 -48 -59 8 90 12 -28 16 95 51 -82 -41 42 -71 -29 -61 70 16 -56 80 13 -72 57 58 -85 -98 -43 -2 65 -7 51 -10 -77 -7 93 59 78 -44 -40 1 97 1 65 -79 8 3
45 15 -8 -80 26 -76 -40 43 89 -47 -50 19 77 -2 53 -21 1 -75 -10 90 47 71 -53 -50 -100 92 40 54 31 -99 -1 38 -34 -44 38 -32 -15 -21 -25 1 -96 -38 -9 58 -19 -73 57 94 -44 -63 -8 -87 26 -32 24 31 -12 -62 22 34 88 -71 35 96 18 -96 85 -16 43 35 -74 11 30 -44 44 -15 -22 57 44 -2 44 74 -7 -7 75 56 20 -65 -23 -21 60 97 -51 0 91 -1 -14 17 -98 -33
-64 -99 -48 56 24 -23 -9 99 -62 66 -18 -36 -82 -82 -28 -34 69 96 75 72 70 19 -38 28 50 99 -47 -100 -41 94 9 -9 64 58 -98 86 52 -3 -73 -87 80 61 -88 -20 -88 -1 13 -60 -75 -91 2 82 -79 10 -5 -99 2 7 97 -37 -77 -39 1 59 -45 94 -26 -100 -82 7 35 -30 -37 58 83 24 -92 -31 49 90 85 53 61 76 19 -92 -22 91 43 40 88 69 -22 91 -34 73 16 -99 17 80
52 38 87 13 60 65 -22 -94 -17 -95 53 -74 52 18 -50 -76 34 87 8 21 -93 -63 -79 -5 9 -84 -20 -9 64 -58 -51 -66 -74 -52 34 21 82 11 63 -100 38 8 73 -5 2 -51 23 -79 -16 81 -61 -39 -64 -32 -51 52 97 -2 22 -42 80 26 63 -45 10 54 -71 35 14 39 -89 40 -38 68 -35 61 8 -70 -40 -35 6 57 -23 -14 61 7 -46 40 -69 75 -20 16 -81 40 -86 87 71 -66 -43 -99
-95 -50 53 27 -12 -48 16 16 44 -7 -40 29 32 91 -20 65 -3 -61 70 54 -46 -7 -39 -4 5 -58 49 76 46 48 46 -97 72 17 -56 -100 66 -91 39 77 -96 87 1 -40 7 -66 31 -31 -9 48 -60 0 73 -83 -44 -39 98 -58 -71 -32 -65 -15 -63 -8 -31 -90 15 62 -80 -10 -31 66 -6 58 80 -60 62 -63 93 66 94 -27 88 19 -4 -6 5 -15 -29 -13 59 37 43 91 89 -29 -52 -40 4 15
5 -57 54 80 -91 -98 -59 -71 15 89 76 -71 -34 -97 62 33 -73 46 26 -10 97 -51 -13 39 19 41 17 -58 -1 -8 82 -53 -56 -20 -9 -27 37 -5 -23 -100 73 70 -25 8 -10 20 45 97 -1 73 14 79 -83 -59 -72 47 20 -26 -56 -73 -7 -30 -27 -15 18 -39 0 70 85 -38 -41 -64 90 -47 82 -77 -56 -18 -74 -62 -30 86 52 -56 -66 -98 -96 -13 -84 18 11 -57 38 10 -1 -16 -75 -43 -54 36
52 -92 -90 -69 -61 97 82 86 -32 -72 38 99 -32 34 28 -34 76 -39 59 -41 80 90 89 -100 83 -67 27 -79 10 47 37 98 44 28 -20 27 -32 -69 94 17 -100 -79 34 -69 72 32 70 34 -34 -31 -84 87 -5 65 -47 53 -9 -63 99 -1 94 81 -19 19 -22 -30 -31 -57 11 51 26 -30 -79 16 -45 -65 -4 69 40 -40 -64 0 -73 27 -1 30 -99 -31 -69 -95 -100 93 -23 -79 -98 48 -32 81 -44 -46
64 -7 85 -26 27 -47 94 -95 75 -73 -33 -69 43 -99 -23 -91 -14 92 89 -14 36 13 -67 -1 -50 49 22 -2 42 -94 12 9 -16 -60 -38 -72 -23 -98 -45 35 -43 -100 87 9 31 15 75 -14 -34 36 29 34 -83 -78 -96 -55 -80 -22 43 -42 74 -40 -42 -86 -41 -5 86 -46 -86 -100 79 -41 48 46 -63 36 2 67 -25 -46 77 35 6 -48 19 -48 16 -2 82 25 -36 45 20 11 -50 94 11 7 -98 -35
-78 -23 36 -41 -37 37 36 58 -73 53 -84 -40 1 -70 -13 -76 -30 35 -51 -22 -63 73 -82 18 -55 33 5 98 -25 -4 -73 10 77 57 90 -99 8 -10 -28 -74 99 27 -99 23 25 23 26 22 -59 91 -91 -29 -84 35 98 45 -54 56 24 -62 -88 -50 -40 -79 29 76 -74 -30 -66 4 -42 75 48 0 15 -1 21 -81 54 -3 67 -90 -89 41 -55 -71 64 -51 14 -6 -31 92 -62 -26 -99 68 13 -97 15 -11
55 -33 14 31 47 -79 -64 -61 -78 -85 87 53 -55 -66 3 -96 36 18 -67 71 -37 -54 2 -84 -65 -79 45 11 -10 6 50 -42 -70 -90 35 44 61 -29 6 60 -27 -32 66 25 -23 -7 26 66 -13 -7 -49 -1 -74 42 3 53 -93 -59 61 75 -41 53 30 -58 59 30 41 -24 -57 9 -4 -63 75 9 -57 95 13 83 91 -66 32 -47 18 -7 -100 -52 -100 -30 39 -41 18 87 87 -71 59 25 -33 33 37 31
35 32 60 75 97 14 15 86 -64 93 0 90 -88 92 32 17 -33 89 37 19 -46 85 -38 95 -83 23 -36 -19 -95 81 -63 -10 -64 96 -40 -53 43 -71 98 -97 23 -35 14 -66 -5 -71 -36 -62 -11 -84 -12 -42 9 66 74 76 -58 96 -9 78 76 -14 -40 3 18 36 88 -4 -89 70 -11 7 -30 50 51 70 -2 6 -22 -20 63 77 47 -17 50 26 96 -54 -60 -76 78 -64 -19 -39 13 78 -68 14 -95 -87
-46 -99 -3 96 -66 -96 57 3 -97 96 94 -95 95 4 -43 -60 21 12 -76 56 64 12 71 48 92 -91 13 5 -49 -66 -73 52 -54 -81 -93 -89 70 98 -12 -47 69 92 3 78 43 -93 57 -65 85 -81 -8 -85 -96 92 96 37 60 25 -69 -68 55 96 -28 -53 -87 -41 -36 22 19 -41 -51 17 -48 -53 -84 -27 81 -88 -9 -63 -14 -27 86 -72 -34 10 25 15 46 54 -69 25 -28 -89 5 -8 -79 57 -29 43
-71 17 -17 11 -98 63 43 -38 51 11 7 54 16 -50 93 5 -63 18 3 11 -48 -14 84 58 -49 48 -55 -3 -50 -6 46 -54 90 -63 -64 18 -68 -84 -40 -20 -91 61 9 -75 -53 25 -78 43 -82 65 -39 56 -41 83 -51 1 42 -14 80 -41 -15 -91 -27 -33 -52 -53 41 -91 -89 -73 -24 -80 28 -93 5 92 50 43 4 -61 85 -6 -71 -62 -64 -93 -98 -63 49 48 -84 53 55 56 41 99 69 9 -89 28
-47 25 -99 -1 82 1 -10 -39 -69 -17 -50 -17 27 -74 -43 57 76 26 66 41 54 45 46 69 76 63 -59 51 34 -92 56 84 24 -72 -87 -58 61 79 54 42 -89 28 -34 21 38 -40 -75 89 -41 28 -49 47 -79 18 41 -7 -94 -13 17 -90 24 -29 -54 -8 99 78 -60 -55 55 -34 -12 3 25 -31 -54 -23 -69 38 -4 90 -50 -74 -93 23 -80 84 -31 -58 8 -5 -8 -37 1 36 91 30 -69 -14 33 -4
-93 47 1 90 -98 84 48 -67 20 -84 -86 -5 23 23 -21 -10 -42 5 -17 81 32 95 77 18 -84 -73 12 5 -43 48 41 -94 -24 -99 15 28 -95 -85 -94 -26 -31 72 44 64 47 20 94 -72 -24 -57 -72 -80 4 -90 98 -57 -13 57 83 97 93 15 33 7 -33 64 -73 40 -92 34 -24 83 -32 -85 94 -10 -91 98 95 -79 96 -19 65 -18 -85 -20 -57 -26 46 57 54 -71 -49 -59 65 -39 8 -75 -2 -40
-45 66 60 43 18 35 -25 57 -21 -51 -31 87 83 -26 22 2 -27 22 61 77 -37 -60 21 25 -10 -42 98 94 -28 59 43 33 39 20 0 -3 59 37 -23 -36 -90 18 20 14 77 -37 7 53 6 -50 -7 -11 42 79 -65 62 50 51 67 43 46 -87 -23 -2 -93 -47 -40 73 -28 64 83 89 -62 20 -99 -47 -15 20 72 93 22 -25 -6 -27 0 -100 -63 -34 24 -51 58 86 -11 -10 -24 56 25 -46 99 58
-34 56 87 -31 47 0 -86 91 -50 30 -77 -91 -72 -58 20 72 66 40 42 -23 -70 -41 39 89 -31 56 -50 -43 -12 8 27 78 -57 66 -67 98 -40 -42 85 -60 -50 62 46 56 35 -91 -15 -76 26 -45 51 99 -17 -31 41 -14 -41 -46 -46 -8 -31 -59 -54 -80 62 15 60 31 -68 30 80 -51 -64 -41 -92 56 44 37 77 -60 75 96 48 -25 21 -32 -58 -71 26 71 -15 10 21 -14 -86 -4 8 18 0 10
13 -88 58 -1 -60 15 -27 68 -40 -9 -50 9 79 35 6 92 67 19 -90 57 47 16 -34 34 -21 -72 -49 -97 -4 -66 46 -60 -26 95 -10 63 -68 23 14 -82 53 -39 -72 -10 91 -19 -35 -50 41 88 72 -30 -35 20 79 23 75 -74 -19 -61 -69 -31 48 87 30 -34 34 48 68 22 32 78 -92 9 45 -45 43 -43 -66 24 34 52 43 -88 72 36 1 50 -72 5 -78 -5 30 25 -83 36 86 -10 -33 51
24 93 17 -28 -79 -63 -66 -3 -80 -32 -72 -95 71 -44 -55 53 1 43 40 -10 -84 39 3 -22 -70 -49 -39 95 4 17 -32 25 -41 24 43 -58 27 24 92 79 -7 -99 -83 23 -77 -8 74 62 -2 -66 99 -39 -98 -16 89 73 -100 -16 27 -24 41 3 -10 -50 -85 -65 77 51 81 52 59 -18 -65 -91 84 -59 -5 43 -62 63 -50 77 -51 33 -31 -61 5 77 -25 -1 86 41 0 -3 99 -95 -49 79 55 94
-29 10 4 37 -78 -58 11 -8 -29 -65 3 -67 -97 -86 -95 34 15 65 -42 -93 -46 44 -7 40 -91 -88 -3 -83 -7 38 -87 -98 46 88 76 -40 49 -16 64 -72 22 -51 -16 -45 67 -90 -37 29 36 10 -79 55 -16 59 79 -49 78 31 66 84 19 52 75 36 -23 -97 -74 -24 -73 -81 45 -27 74 70 44 -69 28 -41 26 -66 -97 -52 -94 -35 -16 -59 58 47 19 65 43 -19 98 -58 -5 -46 -34 35 19 58
48 -85 -8 32 46 42 -89 36 -37 -30 -1 -5 -6 40 -54 0 51 -29 73 51 -94 56 29 51 46 25 83 67 6 -49 73 91 50 87 -89 -99 -5 -31 18 -83 -49 21 -46 41 80 -89 60 -93 -73 -92 97 -55 -25 15 50 10 -72 12 13 76 56 -7 4 -57 -63 -88 45 -42 -60 -46 -99 -36 78 -56 60 29 -75 59 -26 80 28 81 -38 -81 -66 95 4 78 -48 68 -84 71 -14 12 -48 -60 26 -61 49 -70
-58 60 26 7 71 18 -81 -51 33 -45 51 13 6 -52 -39 19 77 56 9 -67 -52 5 10 4 90 -82 17 -30 -58 -71 57 97 92 -80 14 19 -71 -97 -89 -41 -81 68 52 27 15 92 68 11 18 49 40 13 -45 -86 37 98 -48 -53 -16 8 11 -66 45 25 62 90 69 -99 41 57 41 -58 -40 46 70 -17 -63 -21 -24 35 -55 -38 -62 51 84 -8 -55 59 -90 74 -69 86 92 -55 -59 31 -61 -98 30 -2
26 59 38 -34 -76 34 98 81 -71 1 -92 -60 -24 20 -77 93 15 -34 87 10 -45 11 -51 -15 -15 6 -8 41 9 -25 -81 -31 47 2 -8 96 -80 -64 30 -100 -47 -36 -11 -19 -98 6 11 -31 -86 -100 63 72 -89 -51 97 -60 5 -43 47 28 70 -83 41 -46 -38 -42 83 -60 21 -95 -5 -40 -30 -42 -59 -48 40 -29 7 34 -10 -98 62 -47 -84 27 -81 58 -92 -81 70 -51 21 -95 -100 -42 24 -25 -16 84
-32 19 85 54 32 63 -15 99 -34 -37 -41 77 9 90 -37 -96 6 -7 43 36 -3 -25 88 -18 98 -83 -12 17 -43 -13 -19 29 36 41 3 6 48 9 -81 49 -7 11 76 71 -37 -39 49 61 86 72 63 -91 -33 16 -27 13 -89 -69 16 -89 54 17 -13 -89 45 -42 -73 -81 8 -77 87 -59 58 -67 97 -99 -85 84 -1 -52 -35 95 -12 -83 16 -74 -9 83 70 -30 22 -59 -6 -8 -62 -98 24 55 -43 -19
85 20 -1 -74 -85 79 -38 -38 -42 -33 -7 82 50 73 -54 62 78 42 43 -77 -19 87 66 -39 29 -85 -63 -41 98 46 46 -68 17 -33 37 -9 -69 -76 74 90 -8 73 26 81 52 64 -36 -54 -100 -15 10 21 6 -64 20 28 -32 78 -31 99 67 -59 96 -66 52 -24 -93 87 5 -5 99 -1 -41 -2 84 78 29 -57 37 -94 35 -41 85 86 13 -78 72 -58 -37 -27 -62 79 68 -75 0 90 96 -20 27 -51
54 -32 25 41 16 45 -88 -26 -64 -52 -19 60 -38 19 -79 33 27 -49 75 45 -71 34 4 -68 6 -61 68 70 -73 15 84 -46 26 48 -7 -24 -75 29 -22 -46 -45 93 -33 5 11 -49 22 23 26 -51 -100 29 -54 79 -14 20 43 83 -42 -1 89 86 -59 -57 89 27 -50 60 -18 -84 -63 -34 91 47 -61 44 -3 -44 82 66 -78 99 82 -34 84 -57 -39 -50 -29 30 -46 -40 72 78 -50 -43 -35 -26 -38 10
-98 -51 -75 -67 -93 -60 -95 4 13 25 -86 53 24 -52 26 -26 -46 99 -63 -20 -86 64 16 95 -42 82 -7 -59 -68 32 -78 -51 -70 -15 41 -17 -60 -46 20 83 10 -88 -23 21 86 -81 33 44 -57 -97 94 -42 64 91 -45 -90 38 74 40 27 -40 67 -99 90 55 -87 16 77 -15 85 72 61 -40 -11 -19 -82 9 -44 16 28 -56 74 -11 8 -4 97 -61 -22 36 63 18 -28 65 -80 -26 18 99 87 -65 -63
18 14 -83 -10 -94 -47 -84 -22 -54 -59 69 -50 87 -18 27 -31 16 95 -20 57 -11 81 -53 -43 66 -27 23 81 67 -52 -58 14 80 78 -78 -69 -34 22 -16 -84 -97 16 -26 -70 -2 0 82 -62 87 -53 39 -57 88 37 -56 -45 24 -1 20 -9 6 79 53 1 47 56 99 71 -4 -76 91 52 74 -89 64 50 -68 -36 -77 -79 -79 -42 -30 1 96 93 20 -56 93 56 80 90 86 -68 -29 79 -18 81 23 26
-21 -96 -86 -5 82 6 93 34 59 -78 -39 39 61 80 -29 -28 90 32 92 41 -13 11 -91 79 91 -34 -16 71 -63 -17 91 -19 -31 32 -79 43 37 94 27 -60 -76 26 81 -29 58 -6 8 63 71 43 -29 -90 29 -33 -34 82 -24 -69 99 -21 -49 -50 56 -55 -95 -28 -20 36 -42 3 -60 -35 85 -7 -11 13 -35 2 38 18 86 70 42 28 46 62 -28 -23 8 -20 -27 -13 -26 32 -41 47 14 11 49 -86
-64 -88 4 46 -22 -55 -50 -60 30 35 -6 92 -97 8 12 0 24 -56 -42 -54 55 66 63 -25 -55 -100 -25 -100 29 -20 -94 -38 25 0 91 2 -69 78 30 54 -47 86 3 -94 68 -1 -41 -53 -10 98 44 66 94 42 72 43 31 -86 -59 15 75 -91 -40 36 -60 24 -62 43 -93 38 -10 32 47 -85 65 -34 53 -72 -94 -83 34 6 27 -2 -75 -30 62 73 70 78 -97 29 -22 -20 56 -77 36 20 -9 -99
27 13 61 29 -78 -65 64 -29 69 -94 9 -27 39 -81 -74 -53 -69 43 19 28 -69 -28 -74 -17 39 29 -84 -42 74 96 57 99 -9 98 31 58 -15 -68 36 -43 -90 30 -76 98 82 52 -33 -24 -25 -24 68 24 -95 76 88 5 -44 -5 -75 44 -23 40 -85 25 -64 99 -41 -4 1 27 -49 -8 65 -54 21 -62 -48 12 24 -50 -24 -4 99 -12 -11 -67 69 -27 -63 -52 65 -77 80 35 62 42 -63 98 -69 37
97 -86 60 85 17 -68 71 -84 -92 -89 -96 -60 -4 -69 -32 7 81 -44 57 -22 35 77 32 24 60 -58 -100 -75 -82 23 63 -87 -8 47 13 -41 46 -84 -73 34 -98 -43 26 52 67 55 77 -56 -86 22 -58 22 75 -12 -83 -35 -13 34 -86 -10 71 -57 48 -26 14 2 -62 5 -76 81 -90 -53 -65 83 76 -75 54 -17 -51 -49 -61 21 4 81 91 -96 -5 -69 8 -21 66 -100 11 -37 -61 88 -68 39 -62 -79
97 26 39 90 16 62 -34 -19 60 33 -56 25 6 -45 20 77 -75 48 -45 -38 77 41 0 -1 14 35 -89 21 -11 -3 75 3 -6 -90 18 -32 73 18 -70 56 19 -50 -82 -64 86 83 19 47 91 -94 -20 71 -40 2 10 -69 -78 97 -39 91 38 -52 -75 -14 32 -95 -75 59 -5 -53 -32 -55 20 -28 -5 43 30 81 53 -77 8 -18 90 91 -74 55 -43 -63 67 1 -59 7 78 -44 66 72 72 27 60 77
-57 -54 -55 7 17 -42 -82 90 -97 94 -98 -62 19 -21 -57 -86 36 10 55 -22 -99 -88 32 -61 25 -92 -18 5 -88 68 -25 24 -38 76 -76 -10 51 -89 -59 88 73 46 -15 34 -67 -94 -74 -45 -76 -26 -10 -75 -84 43 -100 6 87 38 -94 -34 -53 91 -94 -77 44 -96 -44 1 -65 -52 -61 19 12 -54 47 -73 -72 21 -20 10 -18 -47 25 29 41 -60 -62 86 -83 43 88 34 92 -80 37 86 -47 49 -34 -22
-62 -91 61 -88 -66 99 55 -68 -52 78 29 12 -96 -60 -8 -44 -77 85 -15 72 -71 77 -98 -70 31 58 -9 25 -10 -95 35 -15 -94 99 -99 -12 24 21 84 42 5 9 83 50 -84 -27 79 -100 -9 -98 96 59 68 -92 15 81 20 62 40 -71 -4 -87 31 9 86 -96 -72 36 -3 -48 -7 95 -87 20 -98 -79 32 69 52 34 -81 -22 -67 -27 -57 -50 49 -65 22 -38 62 68 -88 -45 91 -79 -18 -70 8 21
35 77 41 34 0 25 4 40 81 -82 79 20 -98 -61 40 18 -93 -58 -48 -68 -43 91 -48 -52 55 -27 -93 -10 -81 82 52 -30 -92 -78 -39 89 -96 62 90 -39 -90 -10 -10 81 -23 77 85 74 -100 -43 98 99 27 25 11 -70 2 -48 18 27 -23 -74 82 30 -35 53 74 -53 -91 26 9 4 -33 37 -78 76 -84 -7 75 9 -55 -40 -60 -52 35 84 25 76 20 10 -96 -80 37 -80 55 -51 -59 -60 -88 -32
10 17 -5 -29 71 26 98 -35 -47 66 -95 94 54 -53 -16 81 58 -70 -86 -89 -3 89 19 -98 55 -62 35 93 -23 47 31 -94 73 -36 -26 -9 62 12 87 5 82 6 -67 -25 90 10 38 -63 64 -98 -42 84 96 -84 90 -44 -31 -54 52 80 -12 -34 -44 -35 -17 -8 -40 -61 -76 -68 87 53 31 -61 -59 41 26 93 19 13 76 -27 -32 21 -25 35 71 98 50 -54 -83 56 23 -90 -70 -83 85 -37 48 -91
-22 80 80 80 -98 -53 -78 -24 99 9 92 24 21 -54 -47 67 -73 40 -3 -42 -9 30 81 47 61 0 -47 -67 -10 5 -90 -79 64 -98 72 31 86 -86 -77 -95 64 81 19 67 77 -24 10 -55 -40 49 -79 -42 -87 -87 -36 -42 -32 -86 94 77 66 -31 66 -35 -83 0 -37 18 47 -67 -86 -52 -42 5 68 74 -91 75 -78 29 29 61 -52 -2 56 -78 -75 97 -11 50 -11 -11 58 52 -99 -44 -50 11 83 2
64 -9 83 36 -24 -60 -9 -84 30 -100 -21 -78 34 66 -68 78 96 78 -15 -86 -14 10 26 -98 84 49 -80 44 84 0 -84 85 48 84 -1 63 -87 87 39 -17 99 77 70 -24 79 -15 92 6 60 -26 -34 -22 -28 54 -46 -94 -90 -76 67 21 -27 -5 -21 53 -19 -86 97 22 -28 41 -21 6 -99 65 82 60 49 -61 -31 53 -18 -99 69 97 -20 -69 83 37 87 60 9 -67 78 -48 -59 -45 27 21 88 44
-66 85 -3 88 -55 -7 -75 74 77 77 16 59 56 -27 -94 -90 -12 -18 -46 -54 66 90 -8 -96 75 -83 23 -83 2 -60 -35 -99 -97 -60 32 10 41 65 21 7 61 21 22 79 79 -4 -35 -27 -95 -64 26 64 20 -27 -66 -100 4 74 71 54 -13 66 -37 39 93 -80 -68 34 7 -90 78 65 86 49 92 78 14 -25 42 -82 -12 -45 16 63 -27 21 -99 72 30 88 -31 -3 -83 -21 -92 56 -50 -100 -6 18
41 -23 -21 98 7 51 -34 96 -4 -21 -6 -49 -1 -4 -71 -57 6 -20 -23 26 -56 -48 17 47 82 69 20 -36 -19 -32 -10 -70 84 -85 -25 -87 -26 78 28 47 6 21 23 -86 -44 -17 -81 -32 -22 39 57 32 84 88 -55 48 80 5 -96 -46 18 83 -92 92 -85 12 73 -90 -38 -49 -91 -73 48 34 67 8 -95 99 -71 40 75 23 -20 37 30 -39 63 22 -18 14 -88 -89 87 -38 -55 76 -2 82 -41 -82
79 -42 6 95 68 -93 -60 7 93 -22 4 17 42 -63 27 53 92 32 -85 -96 -11 20 -36 -75 8 33 -37 -94 57 6 76 -21 13 -83 -9 -87 62 -85 99 55 22 83 -82 -60 12 62 -16 -60 99 -77 -67 72 13 -36 -86 -72 -100 -16 47 -22 -78 95 -66 74 -94 85 47 -55 40 -5 79 -74 81 -41 39 -19 73 42 8 2 -35 26 -10 60 25 30 -26 -17 49 93 -18 83 20 -27 -14 -14 -52 68 -25 31
-74 29 60 -40 -33 -3 10 54 -3 -65 40 -59 -59 26 -89 89 49 24 -23 57 40 75 -33 -15 30 73 -80 37 -35 -100 -44 71 -6 -74 -81 -94 9 15 27 -60 -48 -64 69 -86 69 -50 -55 -32 71 35 86 40 -91 -71 -71 -63 -32 37 -30 53 -9 -93 -44 22 36 4 86 8 26 -8 -74 -4 -90 98 15 -57 -69 30 17 -71 -63 -61 -88 87 -18 54 69 97 -59 -28 15 -82 75 -30 -14 60 41 -42 0 23
12 -96 80 -16 -2 -14 21 -14 -13 81 -39 -77 54 99 -14 45 82 67 47 23 -88 -56 39 -7 -4 72 74 -13 -6 80 -53 89 90 -31 84 11 64 -40 -72 -58 5 3 -52 20 39 53 -44 94 32 -34 -99 -47 50 32 96 -89 22 -2 -2 61 -37 -9 59 -14 20 14 -80 7 58 -63 -13 58 89 88 -64 71 15 17 -50 -34 11 23 89 -68 -63 8 7 7 -55 -26 88 -63 97 35 85 73 69 -2 -92 99
-90 95 97 -69 98 81 11 -41 96 24 -77 81 65 -39 70 -26 38 7 13 -73 73 -96 34 -27 -27 -43 -74 11 -75 31 67 37 61 20 50 -100 78 74 75 35 -24 57 80 -69 20 -50 89 -32 64 -86 -69 66 76 49 -64 53 37 42 39 37 -81 58 -20 -31 -99 -14 -23 41 58 -28 16 42 -29 82 -32 -36 -48 -33 -58 -8 -52 -52 46 96 -32 -12 97 99 -35 59 -72 -6 -20 5 54 8 -20 -84 62 70
-73 -67 15 54 5 20 67 -48 -83 -19 67 68 -17 42 -69 99 16 6 14 6 39 -60 -9 75 -21 17 -24 -77 38 -36 24 2 41 49 -57 -27 0 98 -39 -27 7 91 -76 -100 89 -83 -43 48 37 -73 -18 -96 -62 95 -42 81 49 97 -93 43 -35 98 83 2 -22 -43 5 -82 60 50 15 -37 61 90 -73 -30 16 52 56 42 -63 99 -8 -9 -16 -59 -61 -20 -97 -46 36 -48 -52 15 13 29 62 31 -91 -36
70 68 63 45 34 31 -99 68 3 -47 47 -31 -92 -31 -57 -76 96 87 -93 4 75 74 -54 -85 64 -82 -46 -39 -59 90 26 98 90 24 -55 -87 -93 -41 -40 40 -65 -85 46 42 -82 26 22 48 38 -44 83 -53 67 -37 -6 58 18 46 -37 31 91 91 -43 -94 33 -56 88 71 -99 -89 -73 -85 7 -33 59 -48 48 -42 -39 -70 1 -93 71 -92 32 41 41 28 89 14 87 94 49 -82 -56 -91 46 -37 34 52
95 -56 46 71 66 37 85 -54 -86 98 -41 37 -21 -84 24 63 -38 81 -67 72 -34 -57 84 -8 24 -65 72 65 -18 -80 22 78 -9 86 95 -91 -60 42 -79 -20 -82 46 8 -23 -71 -18 76 -33 -75 60 -87 20 77 82 -37 -75 -36 -36 -2 -17 86 73 -86 -100 -25 13 41 -100 -7 -9 -16 35 -30 75 -12 -82 -35 -24 -76 85 6 -65 -79 -91 -77 4 -72 -91 25 -19 73 92 56 8 30 -20 14 -77 85 83
-35 88 -94 -20 -3 -2 -18 76 63 29 -79 10 -32 -26 80 7 65 -41 31 65 89 5 39 87 4 -91 -96 -63 -80 -21 -60 -46 -77 -29 41 -14 75 -10 96 7 8 26 -1 15 93 68 96 -28 -50 52 -29 41 56 21 -71 -47 44 -55 -44 -63 -96 -72 -17 0 25 -89 -69 -94 -67 31 -44 -68 -70 -48 30 -75 -49 91 -80 -32 30 15 65 25 -45 -86 -51 -31 71 22 50 3 68 -16 44 43 69 -35 -6 -44
-33 50 29 -94 -60 -87 58 84 -4 57 -70 -76 23 49 -31 55 -78 59 27 -19 -33 10 -98 -56 64 57 -65 -61 -35 -71 45 51 74 0 -71 -75 -64 -61 87 88 86 -82 29 97 23 -24 30 -25 32 75 -99 -12 -69 -9 1 45 -19 83 90 37 -50 -59 -61 -67 -20 -98 -8 46 -10 52 93 53 1 4 12 72 56 -10 59 76 76 90 89 43 -23 -9 64 96 29 2 10 89 -76 73 -42 -1 4 -64 61 -17
18 -91 -89 38 -22 18 -69 -74 -90 78 1 -63 -80 71 -91 -35 62 -99 -84 -88 10 -39 75 89 -79 -85 74 -48 -3 60 -79 19 33 81 -59 80 -77 -23 -61 65 -43 -55 79 -57 47 98 83 96 -62 16 37 20 -36 -72 57 -98 -49 13 -5 99 -86 -77 -75 33 37 65 -93 51 -80 93 96 -10 96 21 22 -77 -77 -67 -48 -22 -1 81 -62 7 -52 -83 86 66 -95 6 49 -68 14 7 24 78 -67 77 91 85
-79 -33 27 -65 -88 1 -100 -42 12 -68 -40 -11 -15 90 97 -95 -80 -46 51 55 -89 72 8 6 -28 30 40 64 42 -50 27 -51 -36 -94 -33 11 -45 45 5 64 -40 23 12 33 -43 83 65 -1 -66 0 16 98 6 53 8 47 -33 99 -11 70 -66 -63 -11 -32 -36 25 -68 -73 -51 35 -62 12 54 61 -60 -83 64 82 89 -98 -57 37 26 -49 29 -34 66 93 -92 71 -63 60 60 -6 28 -93 -66 94 -52 -37
-71 -70 62 73 27 -32 -61 84 85 -32 -96 -50 17 -17 -13 -18 2 -57 63 36 54 92 -54 -20 -69 -83 -90 42 -18 32 -64 70 47 94 48 -79 83 23 49 44 -11 81 -92 -3 78 80 -29 -88 39 1 -55 45 -7 11 -46 -35 -76 4 -76 0 56 -74 -65 -40 61 22 79 13 71 9 79 92 -4 -89 24 -21 59 -49 74 52 -15 47 69 -55 51 23 49 15 28 72 35 -13 5 71 69 6 57 3 -29 -23
-83 13 -40 -68 10 65 -23 50 -61 83 85 -69 63 12 92 96 -58 -39 22 31 -87 -30 95 9 27 33 -64 -98 47 54 -59 -54 -21 -66 29 84 -98 22 -64 -36 32 -59 81 -70 62 40 71 8 84 81 1 -6 72 -20 -97 -24 3 -49 3 87 -86 31 2 61 -87 3 -5 -58 55 58 53 -34 49 45 5 63 54 5 33 -3 30 -40 97 -42 9 56 -27 -86 33 -96 -66 -58 43 -85 -89 4 38 -19 86 -72
83 75 0 -13 -28 -5 80 61 -81 -10 42 -41 -34 -75 -92 -90 -89 38 -12 25 -88 90 66 -8 -62 -28 -39 30 82 -15 48 -47 97 -75 72 32 14 75 -22 -4 60 72 -81 96 -66 -27 -28 -25 -8 62 -11 -3 9 -60 97 81 53 18 83 44 33 -85 35 81 3 -97 86 71 -2 84 61 -39 19 97 25 73 43 13 45 87 -83 -54 87 89 -10 -37 -70 -77 50 -76 -83 -53 85 13 -60 -7 -96 19 -31 -95
-76 -92 33 -13 22 -65 85 82 -5 8 51 -76 9 61 12 -28 -97 22 -82 43 75 -98 -22 -62 -48 75 -67 38 -22 1 52 -8 16 -13 10 66 83 -65 80 -76 16 -67 33 88 11 41 -31 3 9 -94 -43 47 -68 -40 -83 67 15 62 43 -89 -78 -3 23 87 -7 62 -64 -78 15 -84 2 18 -34 -44 30 -85 24 -60 98 60 -25 88 91 80 91 -85 32 44 -92 -17 -53 -60 71 1 23 -86 -71 -78 3 -56
45 84 11 82 12 63 -82 -82 23 71 -38 -52 -69 -21 90 -9 13 75 74 12 17 98 -86 4 -64 -58 -57 -41 -66 82 74 1 56 99 14 -6 89 -87 -15 -37 -38 -27 -98 -45 52 -64 47 -55 -66 -66 -15 89 50 47 -43 -31 65 -83 35 37 61 2 -39 -45 -87 -12 36 -85 33 7 62 45 -100 -46 -74 12 -63 15 -98 76 95 -57 -29 63 10 6 63 -23 -1 11 70 -25 73 -48 70 28 -31 60 -64 75
-43 6 -54 -81 -10 -38 42 -57 -50 -93 -28 -76 -14 86 -97 -91 -50 -91 11 38 85 4 -7 21 -75 10 -63 52 0 69 -11 90 -26 59 95 -35 -71 80 19 60 -1 -27 76 -67 -13 95 8 10 -52 9 -39 -40 66 19 56 24 88 -92 -61 -40 -45 59 -45 82 -9 73 94 -58 -55 -3 -50 -46 70 66 -25 -41 -93 99 -14 99 14 -91 66 14 86 57 34 -1 -54 90 66 40 -24 63 -70 93 89 -30 14 -8
92 -12 -90 38 94 17 76 81 -100 -56 -98 53 24 78 63 -22 9 -50 -99 35 61 -91 -16 -11 -51 74 72 49 -38 94 -62 -11 49 10 -14 8 -57 12 55 -58 -15 -76 -26 31 34 11 -65 94 65 -30 1 -87 -32 93 64 5 84 66 50 90 -74 -39 -85 25 -90 -37 50 56 35 46 24 64 18 78 30 1 98 -28 22 -79 61 3 50 6 42 62 13 -41 -91 75 -89 69 -29 91 73 41 -10 51 19 -29
-88 57 -42 8 -13 -95 34 -9 5 88 -61 36 -27 -81 55 75 77 37 28 92 29 54 -55 -1 13 -12 56 42 -79 4 -16 -15 -93 -48 38 5 1 78 -89 -42 38 38 -94 -89 -72 -1 43 30 -13 -90 -9 81 -83 98 68 -71 -5 94 76 86 -55 -86 -27 -58 -51 -26 -81 39 44 43 -93 84 -99 97 -97 89 -93 44 94 -93 -29 33 -18 -15 -51 36 -99 -94 -22 81 -19 69 23 -69 -15 -35 87 -99 -71 51
-28 92 96 95 -85 -77 8 -79 -21 -23 -74 -62 43 62 38 75 -23 -65 -80 -90 -23 98 26 -100 21 -15 -78 -14 12 -34 46 -1 57 73 16 -52 -10 -20 -55 29 -94 -35 -14 -35 -57 -22 19 50 -65 65 -68 -18 40 4 -93 -19 36 -76 90 46 -51 -16 -39 -32 80 52 -33 47 23 7 80 -79 7 -81 13 -10 -38 -43 -94 11 12 -80 84 29 -81 -56 -25 -97 29 -81 31 -85 38 56 -95 54 96 -22 47 -66
89 23 -8 99 23 94 -72 70 42 -1 -29 85 -58 37 20 16 85 -29 -14 -67 2 69 78 87 99 -64 8 -23 -60 24 37 -45 -92 59 78 -55 14 89 -51 -21 23 -73 33 70 37 -29 3 -30 89 92 62 -68 -2 -63 -85 70 67 83 27 -8 -78 -97 -14 43 8 21 50 -23 -77 -58 -89 40 -71 -48 15 29 -20 -63 -29 -51 -10 -55 93 -72 -66 15 -26 -19 -24 -32 91 -45 -48 45 -62 -98 -49 21 77 -93
13 56 -45 65 1 10 11 -94 62 52 32 -63 56 67 -15 65 25 49 17 -16 -80 -54 14 -22 94 -97 0 -6 35 69 -24 12 -32 75 -20 54 29 -26 81 -88 -38 -21 -84 -61 24 -68 80 -1 -47 19 -80 -90 -70 42 -18 22 56 80 57 77 69 65 56 88 95 44 13 -36 5 73 66 -10 -47 32 20 67 -91 74 -71 -66 -17 16 3 98 -50 -76 -58 39 -5 -40 1 6 87 39 38 -49 -76 -77 -13 -89
7 -99 -60 -3 95 88 51 -20 50 -45 26 -68 1 68 -99 -18 -55 55 69 71 -21 -5 -95 37 -15 -72 -36 87 81 -73 6 -80 -88 -98 96 80 -77 73 88 -92 -65 -55 -77 67 27 33 26 -56 33 8 -73 39 78 74 -8 -16 28 -40 -57 63 -60 92 -96 -38 -97 22 -98 44 -28 -17 78 -86 7 2 -83 -72 59 93 -38 9 -61 -61 60 93 22 54 -69 9 -6 34 -60 51 -77 79 -51 62 -14 -1 -42 -88
-70 86 76 -78 80 71 -87 -12 88 -76 -91 66 -5 -29 -28 -6 -65 -5 32 -86 43 42 49 86 -16 17 85 20 9 -8 -62 27 -54 7 37 30 49 -69 -44 -72 -57 -49 57 94 59 -89 -70 -17 -14 17 -47 -10 -78 14 -36 45 -20 -100 84 58 -72 3 -9 -23 46 -78 -67 85 -95 -14 25 -43 -34 -26 -44 -87 22 71 -30 -4 70 41 -20 -38 71 -87 75 -68 5 -37 45 27 -58 -35 40 56 -12 -95 -48 3
93 42 -50 41 99 88 -74 34 94 -18 57 42 24 -84 -50 89 -46 76 -15 -45 21 53 79 41 40 68 -74 -7 61 16 -2 -13 17 88 -15 -36 -17 72 15 -22 84 42 60 -50 67 1 51 44 99 12 86 25 -28 -85 -34 94 17 -69 -11 77 -71 52 -55 89 41 -47 -49 93 42 27 -91 -62 46 -79 36 -57 82 45 21 -50 -1 9 -37 42 38 -94 12 72 0 38 72 37 -6 -7 85 -72 -55 -37 96 26
29 -73 -1 73 -52 33 -44 38 84 64 75 52 57 62 61 -53 70 -73 -51 -42 76 -4 -52 10 -41 -62 -42 -84 35 -27 5 50 -40 -59 -62 4 -63 74 17 -20 62 76 89 -52 15 13 98 23 50 28 -53 -84 -73 74 -67 -49 88 -49 41 50 -17 -81 -95 -41 -92 50 -17 7 9 88 -65 -48 90 -18 -35 -94 -67 20 35 -31 26 23 -44 -86 0 -94 -30 72 61 98 42 2 -48 40 22 -82 23 26 9 68
-67 -74 -79 49 -30 -69 -50 -79 66 -65 -56 60 67 -4 -62 -61 -53 -54 14 72 -61 94 25 -90 67 19 49 -41 -88 -23 -11 40 25 -74 -25 -95 85 -26 71 54 -96 36 92 -73 83 74 -18 13 -70 -96 -95 58 -3 -20 93 -18 -11 34 22 70 64 89 66 -99 29 59 -98 47 -57 -11 -47 -14 90 -8 -24 -72 -26 -62 -65 39 -26 -32 74 -71 63 9 38 -37 5 97 -59 53 -74 74 55 34 41 75 -2 -6
-100 -65 30 64 -78 33 12 48 -29 -31 -77 36 55 42 95 -30 59 -96 -10 -69 56 -61 23 90 67 90 10 -67 30 -35 60 94 -57 -40 -46 -44 -68 -78 -7 57 67 49 -87 59 -33 -56 -1 -46 -88 -22 -55 -26 96 -13 95 33 58 43 91 -15 -46 -44 -72 -38 57 -14 -14 33 18 -60 46 -27 34 -83 -51 -69 -31 79 75 -77 24 71 21 -42 -19 10 17 4 -21 -81 -26 3 0 -50 91 -62 41 -50 95 -57
-52 -87 85 -15 14 -70 94 25 45 -30 16 -83 78 -64 11 84 -99 -98 -50 22 4 26 -85 -68 25 -19 11 -31 -92 84 89 -25 -77 -30 96 90 73 -17 -32 46 -62 -100 -53 -76 -93 -25 -13 -80 -79 -25 3 7 85 -9 62 -50 31 80 54 -32 3 5 99 16 31 -45 67 9 19 74 -12 80 -35 -54 79 81 72 10 21 -43 80 29 97 97 40 -57 -97 54 -52 47 14 -21 55 39 -97 46 14 95 -97 17
52 -5 48 13 -21 -64 39 -67 15 -16 -26 -48 41 94 -9 -93 62 -78 66 -55 42 4 -77 -42 -82 -28 -61 28 84 13 15 -39 -7 -38 8 -86 -34 46 -65 77 -70 -36 13 -55 21 41 -7 29 3 69 31 84 -36 -91 -89 -4 25 -41 53 -77 -10 82 86 -90 42 -89 -64 96 -100 -13 -76 70 -22 -72 79 9 -9 5 -71 -5 -85 12 94 45 59 52 -39 48 60 -24 39 3 38 5 94 74 12 15 -37 47
-91 11 36 68 -70 -77 19 79 -43 -29 14 28 -28 -61 44 -94 74 -38 10 25 -16 -1 62 16 -36 -77 -43 -84 51 50 38 -38 -25 -11 97 -41 62 39 -80 5 -62 -80 -27 7 -35 -53 -50 -49 -1 25 58 51 -18 -13 -64 -61 -78 77 -75 11 -12 -78 -24 -1 -76 73 -51 -89 -27 52 -23 -86 56 -15 51 1 20 -94 79 33 -30 -85 -27 -88 -41 32 -28 79 10 66 63 58 16 51 -31 -65 -78 -87 -60 -88
37 -50 -57 64 -28 -70 -90 -33 -27 65 63 -80 -89 63 -22 78 7 16 -30 34 -62 -5 -44 51 96 83 -37 95 -12 44 -3 0 64 1 57 -95 92 15 -89 -70 78 -22 0 86 35 -20 -48 -12 -82 -29 -7 -43 -91 34 69 6 -34 -48 55 -84 23 51 92 -32 36 -95 -7 -83 -71 63 96 51 -66 97 94 -33 -80 0 -23 -53 -26 96 84 21 31 -91 -29 64 -63 97 -96 83 -87 -39 -2 12 -81 37 12 55
34 -33 -71 -2 -28 4 -61 15 77 48 68 -100 -83 85 -91 85 -72 -57 40 -35 -70 45 -12 36 -35 -61 -4 -54 28 -86 77 50 72 48 -70 78 85 -3 87 -9 -77 88 -66 21 -4 -38 69 54 78 7 -59 -71 73 -56 -59 -38 -70 -44 98 11 17 -54 -33 73 -57 -50 -1 41 -64 -31 27 97 96 -82 95 -7 25 -58 10 85 23 -76 -72 29 86 94 -95 -45 -18 11 87 -78 -66 -63 98 71 -63 -72 -54 43
18 -49 47 23 65 -14 -55 -18 -46 -69 -60 -95 -83 22 63 -30 -54 79 90 8 48 -75 -99 73 -3 89 -35 85 -75 88 29 -82 37 -86 79 16 -61 -77 3 -78 36 67 88 7 84 94 -83 -65 93 -89 -90 12 -78 64 27 -71 3 -6 22 12 68 36 -92 -30 -54 58 37 -91 -25 43 13 34 -29 -68 90 17 41 -9 -37 -64 -9 -62 -48 -68 -10 71 24 -55 34 -23 -60 29 38 -27 88 -86 77 53 -87 -18
57 90 -94 46 -9 -61 -13 -51 9 94 -68 -59 79 64 1 -16 70 -59 -57 -68 -37 81 16 -78 11 -57 -23 -28 23 -36 -98 -97 75 -23 -79 -58 -34 82 13 12 32 57 7 -27 -51 94 26 8 4 -59 6 -92 -80 -82 -91 -83 83 82 -64 52 0 44 97 32 -29 20 -32 92 4 -29 95 15 -12 -48 -89 18 52 49 -54 -40 50 25 -59 -88 37 -93 17 -77 27 -26 63 -17 74 -13 47 -78 72 -72 24 14
-65 27 -44 -17 17 12 -65 -90 -72 34 88 -12 71 -71 -97 26 -59 -80 22 61 41 62 63 -47 66 -13 -15 48 -84 53 -25 -75 -11 65 22 -89 -5 -82 -49 59 1 -83 -53 72 -58 90 -53 58 32 74 61 -20 88 -16 4 45 -79 19 11 -1 11 -31 -7 31 47 29 -43 39 33 57 47 -63 -72 75 22 -21 -45 2 -16 47 19 -70 51 -8 -51 -48 -28 -8 -89 -90 16 28 -16 16 77 51 74 -79 40 19
45 -29 26 12 -76 82 -20 -87 -21 66 -56 87 90 -51 73 47 -77 90 55 32 -25 77 -82 34 1 -84 -23 -78 23 -18 -23 49 -29 -32 44 -22 -28 -1 87 53 -83 4 58 -18 43 -84 -5 65 2 87 -4 47 59 -78 -18 -69 -84 -53 -26 89 41 62 72 -32 -50 -21 -30 17 85 6 89 12 -91 97 69 71 24 -30 66 57 64 -13 -40 -10 -25 69 62 97 -43 -81 17 45 -61 -10 49 -19 -49 37 -44 26
-96 -47 -80 -14 86 -47 69 -94 82 5 59 77 -34 2 -41 67 -44 -57 99 -81 55 -80 -58 32 -78 -46 -38 65 84 6 -75 47 -5 -80 -16 6 -87 34 40 23 -4 0 -57 39 52 2 31 48 -67 -20 4 24 94 -22 -24 87 -71 28 -39 -61 -96 -64 22 -40 -69 -97 -56 -3 80 1 96 -100 -81 44 -55 11 67 -78 -19 3 73 -86 -32 -20 43 37 61 31 -74 46 -86 44 -14 52 57 -92 17 78 -59 -8
0 -41 60 -53 55 -11 87 72 60 -29 -86 -6 -89 -30 95 -1 11 -63 32 -14 -15 -44 -78 -19 -17 -34 63 -30 -3 -18 73 -26 94 19 -61 73 -21 -91 -27 57 -20 -60 -30 59 72 42 33 51 -12 -71 38 -79 -68 -6 -88 43 -77 -62 52 9 88 -42 -16 -33 -29 34 -42 -6 -22 69 79 -32 47 -56 60 -52 -13 -11 3 -68 20 1 85 -94 98 52 -17 -16 -73 -12 -81 -65 -41 75 -20 -52 11 -66 75 -87
