52 -76 78 -29 81 69 3 56 72 -15 10 78 14 27 80 -87 -72 55 13 -26 -64 20 -43 -7 -85 72 -8 -70 40 46 -94 33 19 -53 -61 -66 -62 -79 -89 -79 -13 29 -10 52 7 44 29 65 86 98 -32 -3 89 -3 -54 2 56 -80 -64 70 -21 53 -70 9 79 0 17 62 -17 97 1 -86 42 71 -8 75 -48 -5 -58 -40 33 -53 57 -45 70 19 -34 -24 -94 -53 51 23 -5 76 75 72 -64 82 2 41
83 75 -77 51 -26 -62 5 -36 25 30 15 23 -38 78 -15 35 75 -40 67 -74 0 -47 25 55 17 9 -15 -1 77 -60 38 0 40 68 -28 -28 -35 -32 5 -89 92 70 8 37 95 38 90 -62 91 26 45 65 1 47 -27 73 -49 -12 -76 40 -3 -1 61 25 -68 -34 53 -90 31 96 32 29 65 68 86 -99 27 -84 -58 -89 -40 -47 -52 -62 0 -36 -84 49 16 32 56 -72 61 6 93 88 45 79 29 -24
3 -50 -10 24 79 94 75 15 35 -48 -95 -32 -27 39 79 36 98 46 81 -21 -80 -45 -68 38 -1 -28 -10 -52 33 61 -26 -62 89 -57 -1 -17 -73 68 30 30 44 63 -18 -72 13 -32 -61 -6 -100 23 25 -45 27 96 -16 -31 68 -44 -76 -32 -6 45 1 -87 47 67 -31 8 -30 -29 -36 -81 -20 -97 35 -92 79 -96 -94 -2 -69 -77 -34 -34 1 4 23 -95 30 -23 -45 76 31 -26 97 -9 -94 -6 -60 -80
-35 29 72 -40 59 -42 -27 -66 58 10 -27 -62 82 86 -7 -33 -58 51 -2 84 30 65 -2 -9 65 -50 1 -26 87 -50 -25 -67 8 61 71 -1 -67 -9 -58 91 76 -62 -42 98 20 6 13 -6 -84 18 -32 -61 -78 71 22 72 -36 -87 63 62 -26 -70 28 20 -67 -71 83 -72 -21 -58 -13 -94 -69 -78 52 -80 -11 -69 29 -7 46 -50 -39 65 99 86 -86 62 -73 33 -98 -70 73 53 11 -89 -69 -30 62 9
86 47 -58 -71 -46 11 71 -79 64 17 76 94 -70 -37 95 44 -67 -10 69 -77 11 -96 18 -60 61 28 49 -75 71 -87 -53 -17 41 0 8 -49 -1 51 -60 -20 57 -76 11 18 -1 -81 -25 -95 -71 -60 -97 59 32 0 84 -41 37 -14 96 -77 -80 9 -25 -59 63 -17 97 -88 22 -92 7 43 10 38 78 62 5 26 -79 71 -4 47 -21 -62 -58 -77 54 -8 5 74 -11 79 22 19 93 61 -85 -26 36 -66
-24 -35 -6 -18 62 -88 99 -44 68 -36 -8 3 -38 41 54 12 84 -97 -52 -13 -25 -38 1 -30 45 21 10 -86 -6 3 89 67 11 -11 67 -15 -98 25 -78 79 -87 -63 29 3 85 -54 -21 -64 62 67 42 -75 84 -54 31 -20 26 -10 18 28 30 58 77 23 -6 57 80 -36 -28 -36 -74 13 26 78 76 63 -41 -91 -7 -99 -11 55 1 46 61 26 -92 87 -4 -5 51 90 9 57 -63 -71 71 31 83 -29
98 21 -58 15 66 -26 -8 -74 57 49 -27 23 -28 -16 14 44 -77 92 -40 16 -80 52 -22 -67 -71 25 -32 -55 -92 12 27 -31 -11 -85 71 -99 -64 -95 81 55 -76 -76 92 34 -31 -75 -36 1 16 -97 52 14 -69 47 99 -61 -10 85 3 58 11 -49 -4 -83 -62 51 -82 69 76 -99 31 -79 -54 94 46 -39 -6 -40 24 -69 95 70 0 -11 -16 48 55 70 -78 46 76 88 96 28 -67 77 -67 -25 47 -56
-44 68 27 72 -70 -91 64 1 -16 46 17 -80 67 -8 -98 22 41 50 -36 -61 -15 41 71 41 48 -28 42 1 -37 94 -4 65 -57 -96 20 31 12 6 -56 -79 -53 -90 60 -77 -81 -23 -12 -46 -79 -5 -27 67 -42 -18 39 -60 42 63 27 -33 28 -7 17 -66 88 13 -89 65 -53 68 75 9 -64 83 -7 -63 84 15 -81 29 -65 61 28 81 29 -75 35 9 9 -62 95 -19 -100 -1 87 42 42 90 30 -10
-70 -76 32 21 -13 -77 39 -4 -18 -47 87 99 48 -69 -6 69 -41 -65 -92 99 68 37 48 -17 97 40 -82 44 71 37 2 -27 83 4 97 -36 66 -15 92 38 54 35 86 -15 17 39 92 -30 44 -67 -84 86 21 -39 -60 51 -83 -95 20 23 7 -59 29 20 67 15 35 -53 79 -56 62 -43 33 -57 -52 53 80 57 46 -27 11 92 56 -51 53 63 8 81 69 -2 -9 -82 -46 -56 39 78 -97 -73 -4 -29
46 68 46 7 -28 84 88 -48 -56 1 4 61 51 -17 92 91 40 4 -54 -31 -73 38 68 22 -100 -98 59 71 -26 9 -49 -73 24 -10 -79 -65 81 38 -41 33 12 -9 -15 26 -80 -36 93 -45 50 83 54 7 -22 -39 7 -64 -8 26 -11 -42 -47 34 -27 -27 -76 -70 -98 -80 80 -9 -92 -84 -72 78 -82 -9 55 -62 39 -26 -44 -57 -32 29 -21 -71 -67 55 -58 79 3 69 -96 92 -50 -8 -80 66 -72 -91
-51 57 -25 -68 69 53 27 -49 23 -21 -39 48 64 -16 -99 20 18 -5 8 95 -16 31 20 -5 20 -55 94 47 -21 -60 -45 -80 72 -78 -69 11 -44 -39 -47 40 -92 -18 1 -22 75 73 -4 -15 -11 78 -55 40 -6 76 8 13 61 54 91 -44 -34 97 88 -20 -73 35 -84 -37 -36 44 82 12 -18 62 -7 -9 35 4 -13 94 27 -43 -14 3 30 -71 52 -37 95 2 -96 -44 53 95 45 -42 -15 37 55 -99
-70 85 -21 83 -62 -72 -61 -49 64 -56 -75 62 -18 -91 -50 99 -71 81 64 -75 0 84 64 -68 -36 81 66 -94 65 -82 2 40 -95 42 -98 -80 -25 -40 -31 54 -20 -13 96 32 -49 -61 39 -23 23 32 36 8 -59 -5 -53 -69 96 52 -53 -97 -30 -43 84 -79 -40 -30 0 -45 -4 -80 -65 -30 -76 -36 67 -87 -98 -85 -55 82 -41 -90 45 87 2 67 21 52 68 -11 -1 89 30 -19 -52 -41 93 -70 -44 -73
-60 7 -20 -24 -100 17 9 -34 35 0 -95 -10 91 -44 43 -67 44 -23 -20 -79 58 74 29 -91 -25 -23 -23 46 25 -28 -63 66 -52 -10 59 -88 -95 -88 -95 39 -39 -49 -72 18 82 80 90 19 -45 74 82 -99 74 -48 -46 -50 40 82 -38 -8 50 11 67 68 89 74 -54 1 43 -6 -58 -33 -26 -82 94 -49 -8 -47 -48 -67 43 -47 74 77 87 -1 21 92 83 95 -59 93 48 1 -39 -55 -98 5 53 -96
-48 -53 56 -11 -21 81 45 99 58 61 53 -78 57 44 47 -1 -60 14 -71 90 -42 89 97 -16 99 98 -41 -21 -68 52 -71 -28 77 1 74 -76 64 -28 54 -84 -61 19 44 -34 53 40 59 94 -75 34 -11 23 -5 -61 17 3 58 -8 19 -99 -8 74 -54 -46 -88 -9 -53 50 69 92 -26 85 -43 -28 -96 24 51 97 -49 -52 -75 -32 -66 -17 3 -79 -14 16 86 -96 91 -67 33 41 -57 -71 -31 -26 -19 -15
15 -87 59 -76 -72 43 -93 -13 -70 55 -64 -78 -17 23 35 -41 59 -59 59 97 -18 60 52 84 95 -17 -1 -20 78 69 -28 96 -8 -84 -29 8 -78 -11 47 29 -31 -50 1 -14 -76 37 -36 63 -34 -71 41 9 -29 -1 -58 71 -74 -78 -2 -20 72 95 -17 70 53 -97 37 -71 22 -79 49 90 36 -75 95 -1 -98 -33 82 6 54 31 -14 86 -95 64 -41 54 40 -31 85 99 65 84 -81 12 14 -24 21 15
17 -25 -13 70 -8 4 -31 -72 -30 -39 74 58 19 41 54 41 -70 85 -2 -100 69 59 -38 70 57 25 -69 -55 -100 28 -90 75 -11 31 -34 -18 73 56 21 93 -31 32 69 -92 -18 60 -48 -73 82 8 30 5 38 67 -18 96 -19 67 -8 83 87 17 1 -46 -54 -78 3 -14 78 -81 71 72 -69 -54 -21 -40 -23 14 17 -71 25 -2 -24 33 -39 62 -52 75 97 21 -97 76 -97 -88 42 -41 53 -66 69 -85
-27 21 -74 32 -80 81 1 68 98 -92 -75 -82 -85 -19 -47 0 44 -82 -100 64 39 6 72 12 72 90 74 -49 27 69 86 -26 -43 -15 21 -92 13 -97 -40 -81 -82 -74 -65 51 10 -8 -39 -64 58 -72 8 6 -41 92 9 -74 48 0 -20 -65 -75 -29 -55 68 49 -77 -9 -18 65 61 67 47 -51 -89 -12 9 91 77 -85 -85 17 -99 -72 74 87 45 68 -66 -21 -53 -87 -53 -87 -61 -6 -43 7 -67 27 7
-65 59 -25 33 98 24 -95 -80 81 -89 -19 -45 12 -67 -25 -17 94 -55 49 83 -41 -30 41 20 -82 -46 3 -19 -72 4 81 23 -90 -89 -31 -5 75 35 -34 -69 67 -79 60 -94 94 13 70 -94 54 -64 -98 -52 49 -57 -99 -62 37 94 -11 -18 63 -44 26 91 -8 37 -10 43 -38 39 86 92 60 7 71 74 49 -27 94 64 30 -89 65 -99 -45 33 29 -43 -34 -32 -85 -25 79 73 19 98 -57 -70 51 -84
89 -33 -33 -74 -100 -52 -51 -25 -48 97 -21 10 -72 -58 -3 8 96 60 22 -11 -24 16 -94 27 -25 39 69 -92 -48 55 74 -22 10 38 35 93 -14 17 16 -14 -58 -27 -93 -30 70 -29 62 -43 -93 -54 17 -41 -50 -21 77 -48 13 58 83 97 -54 51 42 -40 43 -37 78 44 -32 -87 2 35 -50 -98 -97 -36 -65 0 -77 5 32 46 66 -30 -98 -92 48 -66 28 67 21 25 22 -11 40 83 40 89 26 -42
0 -81 -93 82 -15 -74 77 -16 -14 40 20 -39 -22 -28 -74 -42 -88 -49 -23 -13 -46 -67 -18 -5 80 -84 12 -66 -4 32 29 40 9 9 63 -17 60 -54 66 69 23 21 87 97 -46 -63 -61 -62 90 -79 14 -12 51 9 -90 -44 -62 -7 -98 -86 99 -99 -7 10 -84 -8 84 43 -13 35 -58 64 -33 -78 -83 82 16 50 -88 82 91 -66 -47 1 -60 -10 29 82 -75 -66 48 -47 98 -18 -68 -45 37 -60 51 8
12 7 -64 -25 51 -41 -40 -78 -76 87 87 6 -73 -56 -20 -83 -91 69 14 82 21 35 -57 -28 -94 43 52 20 -77 -57 54 95 92 -16 82 -38 -24 61 -61 -20 -16 -1 90 -98 -35 -32 17 -79 -99 90 -24 -26 -72 98 -36 22 7 -84 -68 -22 67 62 40 36 -61 87 52 -66 97 -100 77 15 -48 -74 76 37 -72 -45 28 96 -81 -57 -91 26 51 -75 -26 -15 33 84 68 -66 21 -97 9 -4 -5 68 -50 65
37 11 44 19 -44 -26 -96 88 -33 -2 58 -28 -46 -52 58 77 -12 -55 58 60 16 15 -56 21 -100 38 58 -11 37 -77 50 64 -4 -17 64 42 57 38 -58 44 -79 -80 57 -45 -52 76 75 -95 27 -97 31 -4 -93 -67 14 33 31 55 -52 -96 52 -3 -40 11 -67 89 88 -52 10 -47 -58 -59 -69 90 15 -65 96 -43 -67 95 -44 79 67 95 -32 45 82 38 6 -64 -92 88 -27 -48 23 21 33 -75 -35 -45
-61 34 -18 -7 -56 -99 94 -64 14 77 -25 53 77 44 -49 31 -43 -65 88 -25 -5 54 -3 -97 -16 -29 19 -17 30 11 -43 65 -66 -46 22 -59 -62 39 -83 32 71 85 -15 50 15 49 -92 23 58 78 53 -76 -79 -93 -28 17 -4 -45 -30 -30 -16 -81 -62 74 -11 36 -25 -24 93 78 49 77 -5 -47 -86 14 91 -44 -66 59 81 -11 -58 68 -88 41 -99 -69 -41 -46 -11 -4 34 93 -47 51 -97 76 -54 -60
-30 -96 2 66 15 -90 65 -14 -70 -83 -75 28 67 14 89 80 47 91 52 59 -59 -13 89 -33 78 -70 33 -88 65 85 46 44 -98 -8 65 -16 54 -95 50 97 -94 50 -39 -20 57 -28 47 10 -68 -10 57 -37 29 -63 -89 62 -57 -95 2 -19 63 44 -82 -11 58 -96 -52 95 12 -81 83 -70 -62 -72 76 86 -96 34 66 10 57 -34 35 -73 15 15 -44 -28 -81 67 66 -98 7 77 13 -12 -20 -52 66 -30
-75 57 80 2 -49 -70 49 -56 85 -10 -62 -92 14 -36 0 -36 -15 60 29 -6 47 -33 -80 67 -44 -50 86 -70 64 -35 40 -31 11 53 -12 56 -9 52 82 93 59 92 60 84 -15 -45 -63 -78 69 2 19 89 -43 36 17 68 30 71 34 -83 38 -61 35 -83 -62 91 -12 66 -88 42 29 -71 72 -34 -24 3 27 -34 37 -16 49 24 -4 97 9 67 22 -27 55 75 -64 -94 57 47 -88 82 -49 -94 69 -76
-86 61 50 95 28 -65 -66 9 63 -22 -6 -60 29 -82 -53 -12 -33 -84 61 16 -49 -51 -15 24 -5 -15 -84 -85 41 46 -75 -44 71 -63 -70 -33 -13 49 16 -44 -97 -54 -97 96 -1 1 -17 6 -59 -58 -41 -63 -2 12 -97 -19 -49 68 84 -91 -10 -30 -52 -62 61 -45 48 24 -65 -80 73 72 65 -16 -53 -52 45 14 -41 34 28 -22 -73 24 -33 -81 -18 23 17 -13 41 -27 46 -46 -58 83 33 8 -89 -15
-52 -29 -24 92 16 57 -10 83 80 67 -36 -99 21 -91 -8 69 -59 13 -3 -40 37 -12 80 -25 -74 78 24 58 -35 -81 -48 -92 86 7 -18 -87 77 92 95 -95 -52 -43 44 37 -77 -85 -32 -93 59 -1 56 83 95 -28 -100 7 27 -63 56 -74 42 -7 -4 -37 12 51 99 -50 43 -32 -8 -25 -59 -60 20 66 -64 63 -73 90 -27 -68 -41 -72 -10 72 60 89 -70 55 82 -52 -58 75 41 -54 12 -51 -73 51
-48 90 -48 -83 -10 15 -75 -79 -15 -2 13 -54 54 0 47 -93 -91 -19 62 9 12 -29 75 -73 -29 -54 17 -93 74 -23 43 16 -46 78 91 41 -90 90 68 -6 -2 4 -51 -43 -13 79 -82 4 37 -52 -75 47 82 37 11 -87 -16 -5 -8 -71 -56 68 83 -79 20 40 76 93 -40 44 75 49 7 -53 -74 32 80 87 -57 -85 -49 49 -74 15 -52 22 -76 -91 26 30 -53 2 94 -89 -65 -87 -48 11 -8 41
32 0 -7 64 -75 71 84 34 13 -7 3 -14 -31 28 0 -59 64 75 -24 -70 59 93 -68 -26 62 29 -10 -46 76 -7 -2 14 49 60 -95 -40 31 -37 -82 3 12 -58 51 17 -99 44 -12 53 -67 73 27 72 7 -82 25 -75 -19 -53 42 -45 -16 25 95 -45 57 9 -75 -60 88 72 -37 -42 91 63 52 27 -69 34 81 39 33 -94 -70 -10 65 -22 -23 26 90 -6 88 1 59 68 -76 51 30 76 26 47
16 75 75 54 -66 -83 94 51 85 -51 -67 -10 31 -96 34 93 -60 -100 -51 -88 9 97 21 85 76 -1 -4 -48 -18 -19 59 51 47 -1 -74 -58 79 -47 22 -52 51 93 -91 -7 -18 -24 -95 -76 81 -99 -13 -98 95 -28 -61 50 82 -51 94 -46 66 -11 -86 87 2 -21 -43 -34 24 -96 -61 -15 94 -97 -20 -43 -43 -50 -92 -1 -88 47 82 95 79 55 -83 79 19 -24 48 -23 79 -74 67 4 79 10 53 -54
50 45 28 83 -81 41 -17 -37 -68 -34 6 8 64 -29 -19 69 87 -11 -84 34 95 88 25 50 8 17 74 -8 -22 82 -50 -53 37 92 -30 39 -85 67 -52 -87 -25 -10 19 69 -94 79 -20 5 10 -20 -87 51 -38 -25 63 84 97 -1 21 -63 -97 -30 85 -8 46 -68 -47 54 69 -3 -88 -46 59 -12 -66 -53 -51 -79 14 -50 -25 9 -50 94 -38 57 -25 76 -29 -93 42 47 28 -15 91 -60 -62 -47 -51 -10
45 -64 -26 -83 -32 94 64 45 -67 -84 -35 -35 -18 -94 86 -21 32 -75 -21 -73 -52 31 -70 11 -7 -51 -52 75 85 -74 70 -31 80 -67 -76 99 45 62 -71 25 43 9 -72 -3 -69 -4 -50 -73 -68 6 -88 53 -88 11 56 -100 -51 -31 8 64 44 -12 17 -16 -99 45 -67 -55 -21 -23 -13 -78 -26 -71 -16 -11 91 68 -64 -99 -40 -57 53 21 13 -60 54 -77 -56 -18 33 -98 81 -80 21 -100 -30 16 62 44
72 -32 90 71 15 -63 93 -99 -97 48 -13 -77 -67 68 40 -86 20 -3 75 39 48 87 3 -58 -79 -72 -91 8 15 26 26 37 -5 84 -50 -18 -21 22 55 -28 -19 38 -15 8 -73 32 -69 -92 21 -35 65 53 -49 35 -73 -38 -62 -56 -69 29 -96 -76 -36 81 29 89 -45 47 61 98 83 31 37 -98 29 52 10 71 -88 3 -95 88 -91 42 23 -28 1 22 55 58 16 -60 15 47 60 -91 74 -84 -55 -25
-53 -57 -46 -39 -37 68 50 66 4 5 95 85 48 56 -16 -62 96 49 -64 81 53 38 73 -97 40 -78 46 2 -62 79 73 -28 -72 27 -10 -25 -92 56 -73 88 70 78 21 -8 -4 80 86 60 -53 44 22 36 -23 25 21 10 -34 88 18 16 98 -53 -36 -65 90 16 86 -52 74 -2 -73 -24 1 -27 8 67 -79 -76 72 -19 70 -43 33 11 6 93 -53 -75 12 14 56 2 85 -79 4 -38 -65 -28 -30 -51
-4 -45 -1 -60 -77 -39 53 50 -88 -82 98 72 -76 30 61 63 -42 73 -70 -42 -38 74 15 -82 -31 24 -87 -19 -26 35 65 45 -57 36 78 -30 -17 -7 17 -44 61 -23 50 51 -52 -42 17 60 77 7 25 2 -92 -57 18 -34 -55 84 -44 -51 55 -16 -11 -59 -24 -80 13 -51 -62 -13 -90 -57 18 61 -94 -54 -25 74 88 33 -2 53 -53 -91 -86 -45 10 49 -41 -56 66 38 -53 28 -25 -80 -60 -24 -94 -95
86 19 -16 90 -9 -57 0 -41 61 -35 87 45 -32 67 -50 -71 10 -49 33 -49 -62 32 -39 15 47 -31 -71 1 -20 -7 -30 -45 53 -52 -42 -95 43 -65 -47 65 -60 72 63 43 96 83 -72 -6 -15 49 -85 -29 -49 27 16 -85 -66 -27 20 67 -19 -52 5 55 -61 -7 -34 31 95 -59 -41 -97 -64 92 -45 -15 -86 55 29 -28 -15 -6 44 67 18 84 17 -53 88 89 46 89 -4 43 -9 -67 -27 -43 14 -70
-44 42 -38 -2 63 18 -74 50 -59 66 -49 -26 5 45 -63 37 51 92 -27 -30 2 63 39 -8 -74 91 36 35 -14 34 -54 49 51 37 -73 -73 -83 -59 49 35 97 -38 88 8 30 -54 36 30 7 11 66 -9 52 -2 27 37 -84 66 -70 -22 96 31 -61 62 -19 -69 -33 29 -71 6 -22 -89 -28 58 -90 57 -43 45 -50 77 -97 -57 97 -63 0 -89 45 -75 59 -31 -35 -49 61 63 -5 18 54 34 74 34
18 84 0 -23 -83 21 59 31 -70 32 96 -97 -90 -37 90 -40 -38 -9 -27 61 8 45 -85 -40 26 12 15 -3 -99 48 26 0 86 9 69 -2 70 -21 61 -69 -61 20 -93 -12 -94 -93 -54 30 -30 80 -64 -67 -43 -92 84 -29 -73 22 56 -30 -38 79 -61 70 45 77 10 -63 -55 -27 38 -8 24 -63 40 -10 23 -13 56 69 -98 44 9 -20 82 93 57 64 24 39 19 -71 -86 17 89 -65 -44 96 89 -98
29 -92 -65 58 47 39 31 85 31 43 -42 27 -91 37 -14 -95 -3 98 17 57 89 94 -39 -36 48 -14 93 29 77 -64 -26 87 56 88 19 -1 76 -64 -1 -32 75 35 45 -98 97 57 -94 -34 49 -12 2 55 56 -14 -80 44 -36 -42 -88 88 86 -6 -7 -27 45 -19 -27 43 -18 31 94 67 17 27 -72 52 -65 19 12 23 -90 -54 -75 -66 45 38 -75 -9 70 -24 33 21 77 -71 -87 -45 34 71 15 -96
15 -20 -63 -91 -41 -54 -36 49 31 -49 70 -62 -78 11 46 80 -28 12 -21 28 84 98 31 -37 -12 -26 -35 -54 64 -1 48 4 -77 30 64 64 15 -62 72 -69 -51 -39 45 38 -15 -19 29 93 1 -44 51 -91 -47 -53 -31 -48 -34 -4 -75 26 29 -9 11 -26 -43 -55 96 -63 -49 29 -35 -80 -90 -86 -15 -35 0 88 -65 -36 31 76 1 56 26 -80 -99 65 37 90 99 4 -15 -66 -45 17 19 -26 43 -71
30 99 -25 52 -46 -25 5 95 -54 17 -50 -52 55 -18 77 -24 -34 -88 90 -28 -62 72 72 2 -62 36 -89 21 -22 -93 37 98 -67 50 -19 20 -31 -31 -69 -89 -86 4 80 59 95 -1 -17 24 54 -72 -89 -56 51 -48 -58 6 46 -24 82 85 -39 47 -19 -69 -96 41 34 -60 -47 15 34 -63 53 90 91 33 -29 40 28 -67 72 -67 56 -19 -60 -90 -17 43 -66 -92 75 -95 -77 99 56 -98 41 18 28 -44
-7 6 -95 -6 16 6 -96 -47 8 26 47 39 -36 -4 -12 83 -22 35 -97 4 7 90 -41 -49 -86 -90 -51 78 49 -3 -10 -68 82 -46 46 -76 -34 -7 -24 73 -38 -5 -81 -97 41 -72 68 -87 -42 -93 64 -75 -19 -75 54 51 13 -90 -31 -50 72 6 81 -30 -17 -86 18 16 62 77 -79 27 -27 -80 -26 -45 2 -65 15 36 -100 93 80 62 83 -70 -62 -89 -51 76 75 95 -38 31 -46 56 -59 12 -1 7
-65 58 -20 55 25 25 63 -72 93 -82 -59 4 -28 -17 -31 -75 87 88 9 55 -59 -41 83 11 55 -13 -13 4 -20 31 70 -54 -48 48 63 30 8 -67 -15 -90 27 -12 38 81 50 65 59 -11 62 -61 73 -31 91 -65 -47 -19 -70 -94 -4 64 76 54 -10 61 -70 33 -7 26 -5 -64 -51 20 34 96 30 90 -60 11 -99 11 -10 3 52 -60 63 -79 -11 28 65 -81 89 -18 24 -43 -66 44 55 30 -96 -5
60 -46 4 80 -81 42 86 -89 -49 57 81 87 48 -99 -3 95 77 -1 -57 -32 64 -48 60 25 -37 -89 12 -8 34 78 56 -80 60 41 71 -40 19 53 -27 62 -63 69 -66 12 13 69 -96 -7 93 39 24 -88 -100 72 3 23 -61 71 -6 9 46 -47 1 33 -6 57 -98 11 12 85 -6 -29 -94 -23 40 3 -16 81 57 -70 90 49 -96 8 13 40 -73 73 30 -3 -58 56 -58 60 25 -76 -78 12 -41 92
-13 -26 43 -60 70 18 -33 81 37 -31 -57 19 -11 62 10 -43 90 -95 89 -79 -6 20 65 76 36 40 -87 73 71 69 73 -61 -45 84 -27 80 36 -41 9 -47 -41 -13 -16 21 13 -36 -78 12 46 78 -17 25 -68 8 -3 -33 98 93 52 67 1 14 -13 92 -69 44 74 64 -51 97 38 -43 42 -57 -28 80 -48 49 -91 13 14 10 30 -70 86 -55 -10 -76 -36 49 37 20 -83 -77 99 -1 57 3 40 -2
-87 60 31 52 61 -84 79 70 36 -90 36 -63 32 -33 77 -55 57 71 -9 -24 -69 63 21 -38 53 -10 74 28 23 34 45 -33 -48 -55 5 -31 -19 -100 -5 -76 55 -67 -16 33 -9 68 -4 15 32 -47 -14 64 37 90 3 65 62 31 0 59 45 96 -13 -38 -4 3 77 9 98 -56 54 76 20 -7 -91 -29 90 4 -69 81 -78 -84 -67 27 25 -47 31 94 -65 -99 -77 38 56 8 14 -82 56 80 50 41
-82 -13 11 -8 -69 61 86 29 11 23 41 -93 -21 45 82 20 -36 34 51 -26 -27 -84 55 -19 5 65 27 -37 41 -5 84 -37 -79 -67 -47 4 -9 48 81 -1 -32 -41 -11 -64 -13 -94 -32 -21 -72 85 -6 -22 80 12 51 77 44 90 28 88 10 -94 -68 4 -26 -79 93 -91 84 -74 -31 -71 -75 7 -57 22 -1 -37 -60 7 -19 89 -90 46 9 -86 55 -36 -72 -75 -96 41 9 30 1 -28 84 75 87 -49
-7 94 -47 -84 -91 13 91 83 59 80 54 48 -80 55 82 37 47 1 -83 70 51 75 39 84 72 51 -32 76 -29 -80 53 -98 53 -49 3 -7 -64 92 -45 55 -22 -45 -84 75 -56 -65 -14 68 -30 96 -31 78 66 -30 -72 76 96 20 -16 10 -52 9 -23 76 -55 5 -100 37 32 42 69 -45 48 -36 74 56 -83 -44 12 -37 62 -53 -90 18 -12 -66 75 -31 -71 35 -24 74 84 44 1 14 54 57 -23 -25
-81 90 9 -74 -40 82 4 -83 -34 68 -70 67 84 92 -3 -82 -97 1 89 79 -68 35 49 -47 -37 -29 56 -18 73 -76 82 -67 -16 -98 18 0 93 71 -31 29 -94 97 95 91 -73 -71 24 77 -32 -67 28 -37 -22 37 -76 62 8 -64 -64 17 57 81 -53 -96 68 21 11 46 54 -60 -22 43 -10 -71 -10 41 -27 -89 40 -94 28 75 -4 -15 44 69 84 -58 9 -94 88 70 -2 84 68 15 -94 -75 -35 59
85 -77 55 -70 -3 -41 9 -73 -78 54 52 -40 35 10 -33 -64 -21 60 17 68 49 7 -98 97 -47 21 83 -79 -71 71 8 -63 -27 18 83 -65 30 35 -41 -52 26 18 -9 77 93 97 31 18 -96 54 -65 55 -44 -11 83 74 1 34 88 -19 -71 54 -15 -62 -4 -46 89 83 37 -54 54 18 16 -4 -34 53 -26 45 -6 14 18 64 21 -92 -58 17 -66 -8 -13 -37 82 55 -31 -49 -93 -85 -85 17 -70 13
71 7 85 5 69 44 -95 84 -42 57 -10 97 52 -38 -82 -30 73 57 -27 1 -86 -1 32 -6 -71 39 49 85 -40 22 25 -1 3 54 -75 62 72 76 -13 -87 0 79 60 -39 -86 -9 -83 -89 97 -32 -2 34 -22 -56 -44 -41 -22 -4 63 -71 96 46 -52 98 44 -60 -72 -91 -64 -68 96 50 -77 70 -98 71 -83 60 2 -78 -100 59 31 -22 -29 65 -27 92 62 5 15 31 71 77 -90 -76 73 11 -65 71
-21 33 27 70 -4 73 67 -89 21 -31 17 60 78 -12 44 -2 -14 -39 85 89 -90 21 -85 12 -19 35 80 60 -9 -75 19 -68 -70 -30 -24 87 -27 30 -83 71 3 88 96 40 -72 65 -26 29 -58 7 48 -26 -85 -17 -99 8 52 59 51 16 89 61 54 1 -8 26 0 -2 74 20 -26 94 -60 97 -38 54 -97 89 24 -68 -39 -37 -47 68 -68 -24 23 -40 -21 26 20 -72 -26 -99 29 13 32 30 -1 66
62 -86 -11 21 -30 -62 -87 22 -36 -13 -8 -85 22 -59 30 -48 22 -16 -26 -40 -100 -14 29 36 -84 52 69 83 -22 71 50 -88 -54 -82 29 -60 41 23 53 94 -26 57 4 8 3 55 95 -69 79 39 -98 15 -97 -75 -89 95 -24 -6 81 9 7 84 87 84 -59 85 55 31 -98 64 -58 55 -34 -28 -65 24 34 -59 80 -4 59 44 68 -42 -97 42 -42 15 81 -63 69 -89 81 -71 45 -15 21 73 47 60
53 88 66 -22 -10 -95 -9 -19 -17 92 -50 -65 81 -95 63 -88 26 -56 51 -34 -72 87 42 -55 -33 73 39 -33 -82 75 -38 -91 0 72 75 70 99 -15 -90 -77 -27 27 -70 -7 -99 -42 -4 52 -59 -50 56 -89 70 -19 50 40 43 14 -16 -61 -30 74 -74 -82 -42 40 -48 -21 87 15 -81 95 4 2 27 -91 14 51 77 -14 -38 -11 73 97 59 -88 -78 -70 -22 -96 -22 64 -77 -74 75 -20 -2 -27 -10 11
-85 25 -51 52 54 -79 5 3 64 85 -51 -43 -68 9 -52 -5 -93 -29 96 -6 77 91 0 48 51 86 -62 23 28 -22 0 77 72 -56 91 55 86 84 92 -38 35 -31 -13 27 -93 24 5 14 5 76 -8 -19 65 -13 32 56 59 -75 15 -96 70 -19 48 -52 53 53 -49 91 48 -83 -13 -20 -55 -86 -30 -50 -44 95 36 79 -80 90 90 56 58 86 -24 50 96 -36 40 22 66 75 -14 -99 52 4 -73 55
0 4 19 -32 -92 -51 52 -51 17 -33 48 -51 59 95 33 40 -53 4 -28 -68 96 -92 98 -40 95 42 -67 -16 -78 -68 -62 71 22 -87 -39 -51 70 -92 69 -9 36 -33 49 65 -55 38 -1 -62 17 -94 28 56 -66 43 41 3 32 46 -100 -62 97 3 23 -8 -57 70 37 48 76 62 -66 -1 9 -38 61 63 55 -70 7 -79 -24 95 -53 29 -57 -71 64 79 -21 20 40 -11 -83 83 92 -74 -58 26 -62 -36
95 -44 11 -41 31 -77 16 79 49 60 -55 -20 -14 42 -90 91 1 -74 31 9 33 -3 -21 44 -90 63 -48 53 29 -65 35 -22 -67 47 27 38 -97 12 -40 15 -28 97 20 62 80 -25 -92 3 -8 1 40 35 -12 -59 35 11 -39 -81 -25 97 81 27 -37 50 70 -30 -54 -46 94 87 97 -40 -17 -86 5 55 -1 40 56 -27 61 43 94 61 37 -13 4 -21 67 65 89 91 -96 98 -29 86 9 -13 -74 -2
-3 45 20 85 53 24 -33 -28 -47 -32 22 6 -81 27 -68 10 -40 -63 60 0 -25 40 -31 -56 -9 1 -35 -67 94 65 80 -8 -33 -50 32 -60 -33 19 -2 85 -83 -11 45 85 -4 -24 60 -95 -42 63 -7 -95 -33 58 -90 83 6 -38 -62 29 -23 5 77 -9 -60 -27 -79 84 92 -79 -84 48 28 72 26 -95 37 -43 -33 -66 1 5 7 33 21 -41 -26 -16 88 -82 2 67 -33 92 -5 -73 -27 66 81 6
-44 -61 29 -69 88 -53 -63 -99 -83 48 -4 87 32 -95 84 59 70 51 -73 78 13 19 -42 74 -45 61 81 -81 89 80 41 -32 5 -88 5 -10 77 3 70 84 -46 -14 57 32 86 63 40 82 -4 -59 55 -19 69 -73 -1 -15 53 -39 -37 -62 18 9 8 83 -99 42 -47 -12 28 43 81 16 53 -76 32 -30 -82 -76 -43 90 87 -62 -74 51 -72 75 88 -45 -9 -20 71 -38 91 -4 -55 -13 -47 -24 -98 -67
-9 -73 -20 -61 32 -81 -46 8 -69 42 -70 -25 23 2 -30 20 -90 -56 55 55 55 -64 -84 11 -57 -99 48 -58 -56 74 48 39 16 5 -51 -91 10 48 54 83 60 -67 -44 47 -63 -33 -88 -44 -64 -48 83 17 18 -79 -94 26 73 -88 -26 71 -35 -67 -73 25 -44 -34 61 91 -100 -69 -92 3 -67 -52 67 -28 70 91 -6 -38 4 5 91 -53 56 -43 26 71 0 66 30 -71 94 -48 44 84 -42 -5 -49 20
73 -90 -65 -98 -98 -99 8 7 -60 19 -13 -74 -42 74 87 -31 42 91 -96 -64 65 -41 25 84 -24 17 2 28 83 27 87 42 50 93 93 4 -55 -9 -44 27 45 16 89 21 49 -76 35 93 45 72 26 -43 -18 51 -55 -56 37 2 -35 35 23 75 -79 54 70 17 42 -21 -94 -75 -34 7 0 -52 -23 81 18 13 27 -20 -68 -88 -23 -29 40 54 89 3 -3 -80 -74 -14 25 -3 -93 -35 61 49 15 25
96 -2 -15 -58 -75 49 -91 -21 28 52 27 68 81 23 83 -75 -71 -9 69 73 56 -79 43 -62 2 85 89 99 -75 -63 56 21 -56 -58 -51 -6 -100 87 -9 -13 66 0 89 55 -4 43 48 -40 -87 11 69 -48 -72 17 19 -67 61 62 19 -29 -58 17 75 90 75 -35 -85 -64 -66 -72 -84 81 -10 -15 86 -42 -73 89 -68 -64 46 28 -36 67 87 -13 -89 -34 74 -41 69 25 -62 24 -27 -74 31 74 -29 -2
-48 80 -23 -88 51 -75 31 -96 29 87 -50 -74 -76 63 -15 17 14 52 15 30 -27 73 69 -59 6 -27 -63 54 -63 -65 -17 -50 19 -31 16 70 -99 -41 -24 8 86 -60 -69 99 48 -75 51 -86 84 -22 -62 20 83 53 63 -65 66 71 -81 0 35 90 -5 -88 -1 83 -85 -51 89 24 94 -9 -42 -25 73 91 -89 14 -35 -63 40 83 29 40 -40 57 -77 30 92 18 95 78 -11 -19 8 29 21 47 68 46
-69 -86 -98 35 92 -89 -81 -53 -82 -94 -66 41 2 14 89 46 49 -78 16 98 -3 30 65 -15 0 -3 13 -78 -66 32 19 -63 -51 4 -98 41 -4 -82 -8 -31 -65 -91 -37 -35 -2 20 -98 24 -19 -74 10 21 37 65 22 43 -65 -54 73 2 -57 19 16 -85 92 57 -11 13 68 1 -81 -29 -100 48 56 76 -49 -1 -32 74 -39 27 14 -64 -19 -14 -28 -4 42 -27 36 -24 50 70 -87 43 -20 13 -23 -16
-37 21 -55 5 97 -56 -7 -85 74 -88 60 49 -75 13 57 -68 -79 67 -38 88 3 -54 -24 27 -43 -73 -4 19 77 -79 80 -8 -94 -100 -64 78 -11 67 -82 -65 84 6 -53 44 -95 89 -41 -82 66 31 -42 24 -64 1 -94 -17 18 -36 -2 -55 -76 -83 -12 59 60 -18 73 94 95 65 -7 -18 -26 9 -76 70 -100 88 -28 96 58 80 35 72 29 -29 63 29 86 16 44 -3 49 -42 -5 57 -72 43 68 -3
-88 -18 -36 -10 15 46 -70 -83 8 50 -60 99 -20 95 20 6 18 -25 93 -45 -8 97 78 37 -11 59 32 70 44 55 66 3 -75 -5 -63 -3 -91 73 77 -4 79 -97 52 10 24 -29 52 -53 -68 43 -71 86 77 28 30 -30 -38 -83 -37 -1 -14 -56 48 -90 70 24 57 15 14 35 -82 34 88 -12 95 -16 85 10 -42 -67 -95 -73 37 55 23 -4 99 48 -17 -81 -37 22 87 13 -36 53 -59 -30 -37 -82
-31 -34 17 55 -79 2 -14 68 -26 93 -95 -51 -90 26 73 -33 19 52 72 53 82 37 86 95 -5 -88 62 30 -1 29 -9 -35 56 -2 -72 -66 -72 16 -7 -16 57 -84 -80 -68 -40 -4 -88 72 -93 23 -24 -38 74 75 -46 73 -99 32 -65 12 84 -51 -49 57 -100 96 43 83 43 59 -71 -35 -91 -86 30 35 -30 -56 21 -91 -48 92 42 8 57 -31 -74 76 -52 21 43 -12 23 -57 94 -72 -83 -86 -55 -80
-96 71 15 -40 -25 7 86 -26 -70 89 -31 -74 32 -86 -79 -86 -50 -72 -62 -84 -5 33 20 -91 0 -69 -11 26 6 -78 69 60 -25 -74 82 66 34 92 -84 75 -15 -63 70 94 -34 -73 -65 90 63 -17 97 -94 -8 -64 -84 53 33 76 43 7 11 -33 -85 -1 31 -73 -22 -49 40 -10 -99 -11 -51 -80 12 -56 36 44 -19 39 79 -94 44 21 41 46 -74 -90 78 51 -75 42 96 -16 -99 -80 89 -1 65 27
63 -64 -49 54 25 -31 9 4 97 39 -82 -98 62 37 89 -73 -93 -59 -69 -38 65 84 -31 53 79 -39 2 36 -55 49 64 43 1 -94 54 40 8 -2 46 4 -16 45 -74 -64 -97 -70 -33 -24 77 24 67 -5 89 47 -53 -87 -46 53 -55 82 -14 26 -91 -96 -1 -23 -87 -4 58 -64 53 11 51 3 -82 13 35 -82 77 54 -61 49 -47 -62 -47 -4 -40 51 -59 -3 8 -3 -24 -33 -92 99 -54 32 46 -45
44 42 -22 58 -14 53 -19 75 39 57 73 -56 -84 -90 -39 -98 86 90 -98 85 57 -72 -90 86 -20 57 -78 -93 -66 -43 -17 51 0 24 -85 57 -70 -11 -51 -54 97 72 -41 53 -86 59 48 -75 27 21 -86 -96 23 -94 67 -14 -43 55 -92 -56 31 27 -38 -33 -9 34 -81 47 -57 71 -9 7 12 -27 40 13 -51 -23 49 -39 58 -58 -94 7 85 -65 -44 74 53 69 -14 94 17 65 3 -17 -71 17 -28 -59
56 85 80 95 4 -97 -6 -93 69 -83 -90 -31 -47 -76 -3 13 -23 89 -89 23 -92 84 38 -81 -91 74 84 6 -33 -2 96 68 -83 18 69 33 34 -95 21 14 0 -24 59 -83 8 62 51 -34 -53 -15 -98 -95 18 94 -24 -31 94 -38 61 11 55 -78 93 46 29 59 50 -60 8 -83 -2 -3 41 -46 -82 98 56 -89 -26 -12 -92 66 76 -70 5 -87 -51 10 29 19 45 -27 -91 -9 41 -96 -47 -23 56 -67
-73 14 -60 -54 87 -68 -34 -41 83 39 -72 -19 32 63 19 55 67 -9 -10 -61 29 -68 22 -85 -11 86 -34 -78 -63 70 61 -65 -1 -41 -49 -27 -72 -57 24 -7 -11 -51 45 93 76 -53 -77 34 -49 53 75 87 80 14 -77 0 19 15 9 60 -95 -38 40 76 59 -69 38 -68 -95 -78 72 69 11 98 25 -66 61 -32 48 -26 12 89 87 40 42 -72 15 26 18 18 64 -54 -87 -14 84 80 -78 68 -24 -67
-76 -24 13 77 9 -91 3 69 21 -11 68 49 -49 -79 -87 39 90 95 -37 -19 91 59 -84 49 19 58 -8 67 69 69 16 -82 -34 -50 14 -13 -98 -42 83 -100 -98 -7 23 90 -79 -44 0 -59 41 14 -7 -25 49 -38 58 26 -88 -37 -92 -71 -88 -78 -3 28 3 60 13 56 -71 22 24 75 49 2 -47 75 36 54 -72 28 35 71 -73 1 12 46 42 -71 56 5 -82 -25 -20 -92 -25 23 78 6 89 -40
72 -6 -21 -27 28 89 45 -88 -68 -11 -50 65 50 81 60 -84 96 -55 44 -12 -13 74 75 -51 -15 -68 31 47 -41 16 64 -37 30 -76 -16 -68 -48 -6 -53 30 -13 -33 43 44 42 27 72 77 -54 73 76 -84 12 58 44 -66 -98 -74 -78 -59 -15 30 -19 -90 -4 47 3 -89 62 -21 -2 -5 -11 23 41 1 -42 -57 -41 -69 -31 29 88 65 36 -61 39 59 77 6 89 82 71 -55 23 76 71 68 22 -30
-75 -15 72 10 -99 -48 -27 -100 18 69 -9 3 -19 -79 -51 -31 -48 52 61 -41 -71 9 8 -58 42 3 -33 55 -79 -30 84 -23 -58 -1 -65 56 -21 8 59 -50 43 -51 -59 34 -44 -99 -44 71 75 -56 -69 0 -12 -74 -1 48 37 -99 6 -48 49 -2 -2 -95 -95 11 13 -17 87 77 -32 -75 -31 55 -13 47 -92 -54 51 -49 -3 -58 49 -17 59 89 -84 81 -77 -50 -81 -43 24 92 16 45 -3 11 -46 -69
96 -47 64 77 -24 34 -34 -34 -78 84 -58 -82 -24 -75 12 53 -61 64 37 -20 26 41 95 -19 18 -72 -60 -99 15 15 75 -30 -67 33 -91 -37 9 -55 -88 -33 91 99 25 95 40 -25 51 -18 35 25 78 46 99 -96 -10 15 -31 47 -17 -49 -12 75 -55 24 31 -96 -69 -11 -57 -42 29 -9 54 -52 -98 -98 -91 -57 -50 90 64 32 28 25 5 -97 -75 -29 -26 57 -49 25 -14 38 -32 65 90 -82 -18 80
-8 78 77 33 -43 22 79 -95 23 -46 -81 43 55 19 -25 -35 51 63 42 13 8 47 -59 98 -55 9 98 -95 -54 14 -70 91 -18 -3 62 86 -28 -62 -59 -67 17 26 23 4 -98 -92 91 71 -54 41 1 -12 -51 42 97 -51 -28 -28 -25 33 -16 -63 -98 -86 -8 69 38 -71 -38 -73 -97 50 -99 -23 26 -1 20 31 -56 47 -16 -54 -79 -24 24 70 -90 -79 80 -71 -25 50 -47 -69 -81 -22 37 -5 99 84
-23 -36 70 -11 -2 85 -10 -53 76 -38 -78 -86 80 1 6 -14 -38 18 81 69 -79 31 -70 6 -71 61 44 -60 99 -17 65 63 78 -12 96 -77 -37 -52 24 72 68 82 96 84 -50 20 39 56 -26 33 -9 -98 -31 69 -6 -23 -93 58 -26 -27 24 1 13 87 79 34 17 9 5 -41 71 -54 27 -91 47 -67 53 86 42 -89 -35 58 62 -58 70 38 -19 46 94 18 48 -5 67 -57 38 -67 -91 65 -57 29
-38 35 60 49 43 -84 57 96 -10 -48 75 -67 3 73 -85 -45 81 90 -87 23 92 79 95 -14 -13 13 -44 48 24 -72 -20 81 -5 70 67 76 -52 78 -35 92 60 53 -44 -59 42 -34 54 8 56 -58 -43 -89 74 -50 34 78 -59 -23 -89 12 -78 -85 56 -65 -94 -77 64 78 10 87 70 79 -48 79 68 34 80 25 -31 -52 -64 -51 -91 -93 -9 -99 -67 -17 -81 -47 -46 -50 61 -59 99 -6 -76 21 63 65
-83 82 76 1 -79 -46 -31 -29 -49 28 3 15 18 98 -65 -12 -54 -35 -93 -40 -39 29 -39 51 50 -59 37 -23 33 74 -96 25 -92 43 -97 98 -90 87 -94 37 -1 -61 27 -99 31 47 27 -24 -81 86 -59 -66 38 -54 36 -20 -24 -40 -62 38 28 94 -62 -79 -90 96 -33 50 -18 -25 75 3 23 33 -36 -6 -9 -8 -51 -54 21 -39 -35 -4 -22 -30 -93 -67 28 -11 1 -66 -83 32 93 -47 97 80 -41 -74
30 44 -21 -33 0 -28 32 33 -25 31 96 91 -76 3 46 -99 9 -5 5 -82 -94 -84 0 56 78 -6 66 -54 -94 91 84 25 4 -33 67 -15 21 0 57 -21 16 13 -98 -40 -12 -93 -87 -76 -19 15 -90 5 -82 -70 -37 69 35 10 48 85 -1 -68 74 14 -44 88 -1 -84 -98 68 61 51 2 -50 -32 45 86 87 69 28 -93 -32 -47 -55 59 2 29 -37 89 45 32 52 -59 -82 -33 -27 -94 76 -41 68
1 -40 -47 41 59 -49 -54 26 -74 -31 87 -75 -91 58 -70 90 -47 -80 -37 -36 -76 56 10 -9 -79 -63 -10 -28 -7 -2 -7 61 -53 -5 -84 65 1 74 68 -49 66 59 71 -68 8 -97 65 -100 -20 -41 38 -64 61 -10 -58 -83 43 28 68 -22 95 5 38 -15 37 -78 96 -97 -55 -53 60 66 -10 -6 -40 -84 70 65 98 55 91 -81 3 -71 -49 7 -39 6 -7 18 -85 46 -81 50 14 -33 88 98 44 -6
-9 29 57 13 81 5 62 -19 40 -66 57 -20 -45 -32 16 76 -81 -7 12 -5 -95 -6 41 -73 92 40 -69 -25 -77 -45 -54 38 -78 -75 -100 -28 -49 59 22 61 -92 6 -61 51 16 96 60 -22 87 10 -94 -69 -83 -6 14 -24 -2 -98 -88 -32 91 47 -2 -88 -6 -95 -82 74 95 57 92 -52 27 -60 16 -84 91 54 -40 -69 25 97 -68 25 8 2 -36 -51 -46 -51 45 14 -12 -43 50 -92 -12 6 68 79
-37 23 7 30 79 -44 -40 -20 -59 96 86 23 70 -74 -24 15 -25 -97 -41 -2 -68 -21 -60 -88 75 -16 -76 77 95 86 -19 93 -88 74 11 -64 84 49 46 21 -16 11 -83 61 65 -73 74 78 87 -45 67 17 98 -81 90 96 -91 -5 -85 -49 99 95 -24 49 -17 39 29 -79 -60 -43 -31 -32 94 43 49 -70 -35 -54 42 69 -19 4 53 -43 46 31 -99 -100 -79 -60 -94 -11 0 -23 -9 -76 63 -4 -7 61
-77 -19 30 -12 -51 -3 38 -54 -3 -11 -24 -51 10 -70 -42 23 -42 -9 60 17 8 -45 85 35 59 9 -32 85 9 -69 -1 86 43 44 -92 4 -59 -44 11 52 99 83 -24 76 94 -33 -15 -96 -91 31 -99 -32 39 -60 75 13 72 -49 78 4 -24 -69 -68 -61 2 53 -71 -94 72 -4 40 93 76 -82 -20 44 86 85 18 -8 -60 -96 -92 67 74 15 99 5 -5 -75 -24 88 -64 96 -39 -1 -99 -46 -12 96
-98 80 -25 82 -73 -12 -86 99 -46 47 79 83 79 16 53 53 -42 -15 67 44 38 41 -64 61 32 71 95 -55 99 -10 31 -95 79 80 86 99 -70 9 -11 -6 74 2 -75 -39 55 5 5 71 -71 -4 8 33 -90 -83 25 93 53 49 95 83 -94 60 -4 -58 31 32 33 -12 79 -95 -5 -57 87 -43 57 41 92 -94 39 39 12 71 -7 88 -99 65 -38 77 69 -5 -21 31 -88 41 -38 -7 -98 -85 -39 -89
-48 53 -46 45 71 45 -50 -13 -94 -1 -40 74 -93 -5 4 -55 -25 -39 87 -59 -81 -75 63 -29 21 50 9 -80 75 -44 72 76 67 61 49 4 85 -6 -48 -54 4 0 23 44 68 -14 -96 89 77 -92 -37 -46 -35 -38 -68 29 38 -80 -28 -8 -38 22 -37 -21 -51 29 95 1 1 -84 -39 1 45 73 87 -96 47 85 91 27 -10 96 0 44 59 69 -96 -35 83 48 27 -87 -16 -84 15 39 -88 -11 -85 37
-19 -94 80 68 -20 -60 37 -45 51 46 -63 2 47 -48 32 -65 -87 -92 63 68 12 29 -94 4 -54 -55 -7 -66 -88 14 2 -57 -100 25 90 36 -43 31 -43 -40 57 52 71 86 -23 -6 -4 28 -81 66 -99 41 -26 61 17 2 48 -31 89 -38 54 -28 -50 52 -41 -45 36 -19 42 -43 -70 98 12 12 24 6 25 40 -81 70 -99 30 -82 76 -51 -9 -1 79 71 72 -82 -75 -7 -52 92 -5 10 79 -69 58
-38 -32 69 -32 78 -89 -74 32 45 77 -95 36 10 -12 -15 69 3 -27 50 45 47 29 -46 82 77 -66 63 -63 23 44 -18 -38 -73 -53 32 88 94 -31 78 29 13 74 -17 -88 -51 -62 -91 -56 73 -17 -34 -44 32 -44 -76 12 -40 48 -3 -66 -5 79 90 -51 -80 -28 1 -17 -5 -100 -82 62 -99 -91 -46 -41 58 -35 -83 -85 67 -52 -11 -77 -79 47 37 -13 19 32 3 28 40 -62 56 54 35 -49 48 -37
83 65 15 -2 -5 26 94 -14 -22 50 8 -30 -11 85 46 -51 -79 27 -86 -62 -77 98 -71 -22 -24 38 -74 -90 -92 72 -50 -75 -70 -78 -6 33 -83 -88 -31 73 21 -91 95 27 -31 3 -47 -54 -11 -62 35 -59 -58 -51 72 -90 -39 -74 -97 -63 -20 -10 36 46 12 -59 -86 24 54 2 -29 -76 24 -84 -89 59 66 -71 -56 4 11 79 -67 -64 52 91 19 39 -68 -68 -72 -31 33 -31 -41 85 19 -46 60 -55
-16 -14 4 -81 -68 96 71 16 -8 42 -1 -84 31 52 55 73 68 -56 14 84 -27 2 95 -69 52 22 -100 -53 -73 9 43 76 -10 91 -16 46 -1 64 16 -42 93 -10 -70 71 26 -11 51 -7 94 -62 84 19 29 -36 99 47 -72 -7 0 -56 84 -20 -8 -40 -57 24 22 -68 -92 27 24 9 -33 98 84 77 46 91 -33 -96 32 -91 -46 -71 -47 -25 62 24 74 15 55 -61 -80 31 53 -4 -64 45 -99 10
-27 71 61 73 -76 33 -62 17 10 -15 1 48 -84 -15 -41 45 -59 -26 72 23 93 -24 -30 35 39 -23 78 4 -68 83 16 -47 20 57 64 -99 -41 2 -69 -24 62 -76 -25 -5 34 -42 -22 -67 -26 4 -66 -90 66 -19 30 56 -42 -51 75 -39 -8 42 -49 -30 65 -27 64 -13 94 -73 -25 28 61 -13 -36 -3 7 -64 14 -18 37 84 -29 -43 82 -17 96 -63 -50 83 -14 -30 66 -16 99 70 -37 -98 53 -74
52 -35 -80 -11 -32 -52 32 -56 -31 -79 -16 -84 -4 -74 -23 46 59 -62 -53 53 6 -93 -57 84 83 -71 -10 21 -57 72 13 -97 -36 -30 23 33 -27 16 -81 -51 -57 -99 -91 97 -94 -27 -18 -69 -35 7 -26 54 -12 89 73 -8 52 80 -50 1 -53 40 12 73 86 61 -76 -4 21 98 -54 -68 -9 -43 27 -80 -39 18 54 80 -12 97 -26 -38 15 85 26 5 9 -34 91 1 26 22 35 -28 -74 84 56 -9
70 -33 -48 -85 37 39 74 0 98 -100 24 -72 53 -50 98 39 85 -62 -89 -82 74 -9 48 23 -88 78 67 -88 7 0 -5 -15 -93 -49 92 -51 77 -87 83 -30 -30 -46 30 82 -32 13 -6 12 -85 50 -74 14 11 -31 77 84 -67 -44 -84 38 -80 18 22 78 -52 -97 14 18 -55 -79 68 22 -27 28 -57 -46 20 -96 58 -39 65 63 -74 -90 -49 -60 0 -36 17 -16 39 -8 -87 -70 -64 -46 -77 -21 -33 41
99 20 79 -59 -72 78 6 41 48 14 44 -30 11 -96 72 65 69 95 61 -19 -14 -25 -89 36 67 -90 -24 9 60 82 -44 -62 -22 -87 -3 -14 58 -64 6 -75 13 6 90 43 11 55 99 -27 43 87 88 -80 -99 82 86 -17 -49 63 -24 6 67 -6 24 -68 5 52 -66 -85 79 30 38 42 -25 27 -29 93 65 -41 -83 -31 12 27 -60 7 62 21 -13 -59 36 55 64 30 33 -45 99 -29 61 15 -31 67
-40 75 -2 -26 52 68 -78 32 31 19 -91 -68 -12 12 22 40 -76 -24 -99 81 85 -39 -98 25 -57 -84 91 -61 17 5 -6 -15 47 -95 8 7 76 86 -50 -12 82 34 -85 53 -85 66 -17 1 -31 54 20 84 -42 -67 -58 62 11 -56 90 98 -75 80 0 -49 16 -72 2 69 -77 -69 -49 29 -96 -6 30 65 87 -32 89 12 -43 -8 17 11 74 -97 26 -70 7 13 -92 -98 -89 62 2 -63 95 55 44 91
-27 -26 -39 -97 -64 19 33 19 98 55 -57 -77 -3 81 -76 -37 -87 -61 96 -57 94 64 -36 24 -24 91 -48 20 10 19 -87 -37 -12 -10 68 39 -65 -80 -64 -70 -82 86 56 37 -1 63 -92 7 -39 72 80 -28 26 62 -90 -37 4 28 49 25 2 -44 0 0 90 -22 78 -44 -18 -19 40 25 -21 73 -94 -46 30 -4 -36 53 -29 63 55 43 10 26 14 -6 9 37 73 96 13 -23 42 75 51 52 90 -7
34 -85 64 79 24 60 -73 95 80 2 -68 -48 -96 95 -31 85 -56 72 -26 -86 88 -100 65 13 51 40 78 -73 -40 81 44 -28 -19 24 59 96 -41 4 78 -74 1 64 2 53 -91 -17 -2 -96 -84 -45 -48 -91 24 -17 91 -4 11 32 -32 94 -79 -16 94 -73 96 -32 -30 16 27 3 -25 -1 -56 -11 18 9 -4 -88 74 82 54 -51 -44 -23 -36 -51 26 2 -96 17 -6 -25 -13 37 -70 90 -93 -20 -65 -99
39 -1 -12 47 -24 6 -3 68 -33 37 99 -8 7 -4 47 43 -68 -28 -54 89 92 -81 -2 -3 55 -47 22 30 71 -63 39 82 32 25 -56 -71 -20 -95 63 87 -100 30 1 -84 -23 36 21 10 -84 10 -24 31 84 -7 -18 -58 -84 86 -60 84 62 -75 85 -90 5 7 -75 -58 10 49 39 73 32 44 -93 51 72 12 -17 -2 -3 -10 -25 -81 -76 -70 -10 56 32 35 -53 71 -5 -42 -87 4 -21 21 -71 -22
-58 48 -1 -85 -63 68 -100 38 74 -62 17 -54 -3 27 -88 -20 32 98 68 -25 99 18 -18 28 -46 42 6 -36 -29 29 68 63 80 1 4 -66 67 11 98 75 84 -60 -77 53 -88 -89 -76 6 -12 73 54 56 43 29 83 63 46 21 52 -23 70 -37 69 -38 34 47 26 -35 28 50 -4 -96 -100 -21 -98 45 -55 44 31 -77 56 -48 -7 87 8 4 -88 -92 58 -94 -91 -40 -60 -50 15 71 52 -8 96 22
