73 71 45 -56 93 -79 -17 -87 34 -27 -38 -82 -72 -65 -12 57 -75 90 -71 -35 -69 -66 -25 12 -60 -82 -66 95 87 -53 69 54 74 42 98 -81 -35 -65 -63 90 -86 88 51 63 -60 82 74 80 6 87 -32 41 -75 -42 87 30 99 85 83 -10 -51 38 14 97 -59 -83 -47 -15 -24 -100 -63 -73 -6 -86 95 71 62 -50 -31 71 -55 51 23 -13 -49 28 28 48 23 -29 -22 -83 -62 47 -43 84 -59 -85 23 78
-78 92 -54 84 50 -30 48 -11 20 62 22 91 33 -77 -37 -94 -84 -12 91 -56 28 18 -51 -1 -90 83 -99 36 -18 -90 -92 -30 75 -7 35 -60 -55 43 99 -3 78 60 -38 -95 -97 -76 -69 26 47 21 -49 72 -21 35 53 7 -95 -23 2 57 46 47 -94 68 -38 58 66 19 -96 -77 97 55 8 10 -54 -16 -91 70 25 74 81 18 41 -56 9 -1 -70 -53 -53 41 -56 51 91 -86 50 -90 39 11 24 91
79 -45 -28 -64 -72 1 48 23 28 3 43 -26 -91 -71 71 -40 -37 -2 65 64 -84 46 -73 -36 -10 -38 80 -81 48 22 93 68 -39 43 62 -92 -11 52 60 80 -15 -69 93 -10 55 89 28 69 -7 -40 17 -34 -84 -70 58 -95 -49 67 -68 62 66 65 -61 -40 67 -4 47 -62 -26 38 -22 89 -84 -39 -61 -11 98 41 -46 28 -24 67 -97 71 5 64 -5 12 -3 74 -35 -74 -73 85 38 -16 -86 0 -31 57
-71 32 40 72 -94 -36 -53 -90 5 -31 -69 69 19 67 -28 39 -95 85 -67 84 93 -88 -93 -19 -59 -91 13 70 -22 -95 53 85 -58 99 61 71 -42 60 78 5 -46 43 8 -79 -28 -38 -91 -39 -72 -39 47 -73 -80 -97 -73 -74 -13 23 59 -92 5 -23 -46 -60 -22 51 62 76 -32 93 65 14 4 69 -70 18 -46 2 -41 -89 -75 17 31 -28 51 85 14 73 72 -68 -5 -67 45 31 51 -13 -25 -13 48 -72
-64 52 57 -1 67 0 19 46 -43 45 -99 -6 85 -17 -80 54 -91 -66 -11 96 40 -77 12 52 -32 14 82 -62 60 -60 75 4 65 -7 48 91 12 -7 -97 -11 -70 -4 -68 -89 -90 -54 -55 -84 71 -84 57 -31 -65 -23 -44 71 24 90 67 -14 15 -32 -93 -70 -30 66 -24 -30 -7 -62 -22 -16 -11 76 -55 70 -24 40 67 -46 -87 -52 -82 20 -19 5 6 -40 34 -42 56 -68 -57 -34 27 40 9 -53 -38 -66
-65 43 -78 80 64 -24 97 84 -93 24 -58 -41 0 75 58 -15 66 -45 51 71 -83 -55 -40 93 69 31 -68 82 99 -36 93 27 21 -36 -39 77 80 -27 11 -75 82 77 40 58 -8 -71 -21 -22 1 66 69 -45 -83 2 -88 -32 71 -53 -69 71 -14 -48 -86 2 16 53 38 -27 -96 -48 -65 -82 80 -12 61 75 29 -88 -15 35 34 -38 -84 -86 52 -94 -26 -57 -71 -95 84 98 -51 -57 45 -95 -57 -65 -73 13
-36 -92 16 -38 -74 -67 45 34 -100 -77 -82 -100 98 23 34 62 40 83 -56 3 -28 -62 54 27 -63 -90 38 87 -78 -13 33 77 52 65 20 53 -55 79 32 13 -78 97 -93 53 -40 -47 -79 7 80 49 29 -84 -25 56 2 35 -15 -29 27 74 33 -62 -74 44 78 -96 93 85 -84 47 47 4 -22 67 -94 43 46 89 -82 26 -2 44 -71 32 -93 -26 -46 -61 2 13 56 -46 -22 -16 45 29 87 -81 -31 -62
96 40 25 98 74 80 -12 -53 89 58 -99 -67 -75 -83 18 -80 -65 -52 60 -5 -3 59 94 -76 -99 91 39 -90 -6 -30 -69 -95 27 -36 -84 40 -31 43 -62 15 -1 -3 -11 43 -92 56 -43 92 -79 11 21 -77 -18 -5 19 -35 -65 7 -60 70 45 -69 -39 -18 -86 -35 -17 36 66 49 62 -43 -47 -60 -9 18 93 -96 -64 27 -69 76 76 -30 10 -70 3 -74 -89 -89 10 -44 -28 56 -58 92 -19 89 -41 91
-86 -10 -60 -69 61 71 69 59 -60 77 99 -63 79 -61 -60 74 -11 81 83 -28 24 -71 -38 67 -72 4 48 21 -35 89 15 -80 -33 -15 98 96 -81 -49 95 59 96 -18 -26 -40 -27 -1 5 -69 69 -62 -33 84 20 -97 98 79 41 39 36 -40 56 58 -94 -61 82 80 -55 -63 6 4 93 -49 -27 -3 -75 48 51 12 41 18 20 49 95 86 -40 -76 93 -61 -14 -20 -13 -96 -73 -49 59 10 99 -23 -54 -87
-45 78 9 -30 48 -95 -27 68 38 17 -15 47 -90 -94 32 31 50 -18 -15 80 39 8 -2 95 -47 -95 58 64 -8 -88 50 59 32 -94 43 19 97 34 84 -20 52 -13 -67 -34 -33 -48 41 19 10 -21 -40 83 -75 87 9 70 40 2 89 20 75 35 -22 75 92 -92 -35 57 4 -95 50 -39 36 -78 -34 -81 -30 87 17 -74 19 -33 -26 91 -41 -11 -47 19 -62 60 -33 80 -1 -28 -75 -91 -28 48 99 -58
-14 -13 36 39 -9 75 41 -26 97 -72 -59 0 -78 79 72 53 2 -68 52 -46 2 13 7 -72 51 -19 65 88 -11 8 68 -38 -47 -83 37 -72 -6 -9 -59 -80 -72 95 -19 -92 -68 85 -92 75 68 -77 -22 -7 67 -64 -92 -41 81 -25 -34 61 -15 63 95 -12 59 -80 33 -94 81 3 92 -23 -51 9 74 81 68 12 -75 32 -75 -50 10 -79 -19 93 -42 80 40 74 -84 -83 26 36 3 -33 38 -50 -2 -22
-91 82 0 -70 91 -13 94 -65 -93 -3 83 82 63 -59 -23 -51 -60 -83 -30 -42 -26 44 -2 -50 -3 40 74 -45 -89 51 -61 61 51 -54 55 -3 97 78 22 -84 -89 -45 -55 54 -61 28 -59 9 -26 -8 -20 51 -85 97 -75 -18 84 -75 -92 17 -44 -12 0 -83 15 -18 41 -34 -84 74 -50 30 -31 -11 62 -68 9 91 -85 97 58 41 88 68 -48 75 -84 -58 -61 -59 -96 -27 -56 65 99 70 -76 41 -58 75
-65 87 -97 -53 -98 -77 95 -67 19 16 -13 48 29 0 -57 -1 22 -5 39 -77 33 -71 -65 -75 -97 87 -70 -78 42 58 -60 -65 73 72 12 -92 -97 90 -78 27 79 -89 -76 -44 57 -61 -8 -42 -69 70 43 7 -74 -47 74 -73 88 51 17 40 -1 -57 0 67 -30 -94 -59 80 43 -39 -56 -49 -99 99 50 -24 -7 -95 -24 -2 99 33 78 59 -99 38 -41 22 -31 80 -1 6 35 -87 -81 26 -26 -43 23 76
-5 -65 17 2 -36 51 32 -14 54 -32 -100 -90 -54 -85 74 -65 -40 14 -71 -5 -19 68 33 95 40 -69 79 92 16 -75 -62 -77 -67 19 -71 48 15 -52 -83 -9 -56 -24 -21 -27 -36 94 54 -3 37 -65 -81 59 -57 -50 35 64 20 43 85 -73 -13 -55 33 16 -56 -44 -86 -11 8 -35 39 40 -68 73 14 30 47 55 0 0 -81 70 -34 -34 64 23 -5 29 47 21 66 -45 -95 -20 -22 -83 53 -82 -61 81
68 6 -49 -76 25 67 29 31 -34 -25 16 80 59 -25 36 37 84 -83 -11 -12 42 -40 -80 63 -84 76 83 -96 -51 9 -71 12 19 0 -96 66 15 27 -62 -7 -14 -15 -16 14 87 -87 42 23 -10 -63 82 -20 -75 32 44 46 -38 59 59 48 -60 -84 93 48 39 -69 10 -67 69 -70 -49 -1 77 -81 34 -92 16 -51 17 -66 29 37 -17 -77 66 68 14 -88 34 -42 -48 72 95 -97 30 79 -70 -72 -3 -63
92 -40 61 -34 7 -85 16 35 -100 -1 76 65 -49 -70 8 -20 -90 78 -22 -21 -78 50 69 70 26 -60 55 25 96 -33 22 54 12 29 -62 -40 92 -44 -59 57 37 27 76 -59 -78 -72 -41 -21 63 -36 -6 -58 -11 -49 27 60 67 40 55 18 -38 76 95 -27 -87 -47 64 29 76 -15 78 95 33 70 59 -82 40 -94 67 9 -64 49 -50 -40 15 -76 -56 36 75 -17 -25 -86 20 8 -32 -13 -92 -66 37 -22
55 43 -99 -8 67 50 29 -74 7 14 -75 -59 9 -5 -91 -100 -10 46 54 -45 91 55 -91 38 -85 90 -93 90 -83 28 75 -48 -31 23 0 76 -8 88 89 -75 -31 34 -44 -5 69 84 -17 -81 -5 -51 15 -3 -75 39 16 -19 46 -73 99 -10 -83 -100 28 3 61 47 -28 -57 -87 59 -36 -47 -59 -20 29 4 89 -15 39 -91 0 -60 28 20 -55 -15 89 -99 59 -51 -32 54 -73 59 -27 -11 85 5 -19 12
52 0 -48 -68 -66 -42 -46 -73 -76 48 42 31 -31 -22 -67 -77 94 -15 14 80 -5 22 -96 -36 -7 1 -40 -9 49 -36 12 -30 -30 -23 20 64 15 11 97 22 -71 -55 61 6 43 77 50 -31 -59 -72 -64 -3 -84 50 31 -1 91 84 -82 64 -8 40 -80 79 69 -24 -33 21 31 70 -64 1 17 51 -5 90 53 -53 -70 -9 -52 -29 59 -4 -90 -60 -35 50 99 87 28 71 -11 74 -74 -87 -43 20 -31 -42
62 -18 -60 26 16 -34 -11 -10 82 -76 -88 87 -68 -95 -11 58 -44 79 -71 32 81 65 24 -14 42 1 80 96 -10 -76 84 77 -21 37 94 -100 29 37 -26 27 -67 -76 -79 -92 -14 -27 44 36 11 8 26 -60 -61 58 -40 72 76 63 31 41 29 -68 -8 31 -63 -3 -64 -52 -33 -49 -55 -57 -98 34 -61 79 0 80 54 -9 60 -51 84 19 -96 -77 23 65 8 -38 53 -49 -87 -65 17 58 -61 -67 0 -45
56 10 60 -61 89 5 -24 -80 88 -69 -13 8 -65 76 26 -46 68 42 87 32 -69 -26 -48 -40 -11 25 92 -73 17 -19 -50 93 -76 -20 -94 -80 -41 90 -64 20 -68 10 44 -12 -71 93 -77 -37 23 82 7 7 -25 -58 48 -20 82 -35 52 -68 46 10 -49 -64 -9 -46 87 41 -76 -36 32 -37 22 -16 -43 -94 10 -91 95 -99 -96 60 -75 -31 -16 80 18 72 58 97 -73 37 -98 89 79 -27 -41 -4 -30 -27
83 9 75 13 -49 9 11 -73 41 -88 -57 65 45 -1 98 -43 -33 92 4 46 -89 55 2 97 96 -7 15 -90 0 -52 -12 30 -47 50 28 -13 41 91 -55 -59 -86 -83 -24 29 -85 98 67 14 92 -63 -4 -58 41 50 22 -59 -71 -6 -40 27 69 12 93 -63 -61 -100 -60 -69 -79 -63 97 25 -96 -11 24 -24 68 -15 38 33 1 12 86 -3 47 -12 -51 -37 69 85 94 41 81 67 91 -16 -83 -31 46 96
36 -65 -82 18 53 -48 -80 -53 -40 -87 -89 40 -30 -13 -8 -32 4 79 42 -31 32 48 22 -21 8 -22 -60 52 5 -90 95 9 -4 92 -41 95 71 84 99 -37 37 -91 -13 80 -74 10 -64 45 -63 -3 97 74 -64 27 53 -1 -22 -55 -40 60 50 24 -94 -64 -48 45 20 54 76 9 48 61 -54 33 9 -83 -30 -17 11 58 55 87 -19 43 -20 33 -35 -33 -96 33 -61 91 58 -13 -2 -68 66 -61 -74 24
59 71 -79 46 10 8 97 32 81 -49 19 58 77 98 36 61 -57 62 -33 -16 -10 24 41 12 -82 -21 -37 -18 -39 -80 54 -94 -19 71 66 63 64 -44 -93 -83 -17 45 15 -53 76 -26 27 -40 0 -30 -10 72 -37 -44 41 -73 -64 -87 -30 -98 -48 -96 -9 99 83 -50 -54 -87 65 -59 -15 -66 -39 -17 -55 82 74 -84 -95 2 57 -95 31 43 21 -92 36 -35 66 19 85 70 93 34 -78 38 -81 -67 14 -75
-86 -46 24 -15 53 -12 -43 -71 40 -10 2 -41 68 0 -45 39 -23 -17 -81 -94 -56 54 68 65 48 -6 -99 -28 75 -17 38 -26 81 54 73 27 2 91 42 -46 21 55 2 84 -82 -33 15 -84 -80 35 -12 74 32 35 26 83 95 -93 41 90 -19 -27 -88 -87 -31 48 -3 96 -37 17 97 -92 -3 -92 -43 96 -46 -48 -21 -23 72 -3 46 14 61 58 -58 -1 -85 28 -27 -19 40 -81 94 46 38 31 89 40
-39 -3 -34 46 64 -76 -47 55 -63 55 53 -70 64 -25 97 -36 43 -89 -97 -99 -84 28 86 1 -19 68 -90 -3 74 61 -85 -5 74 -31 -10 -74 61 10 -73 26 6 66 15 -46 -36 -79 17 37 -88 20 -54 -98 -91 -27 -65 72 91 4 34 -64 36 -70 98 -56 -93 -46 5 28 50 50 -24 -95 35 42 -30 84 43 20 0 15 -33 -53 -80 22 -21 -4 -68 87 -38 -36 -90 -43 24 36 -18 35 96 34 -44 -47
-100 -55 37 -51 -8 -99 1 72 49 79 -13 96 -1 54 89 41 -89 -53 9 63 23 39 44 48 85 55 -49 -60 -79 0 -46 67 -53 51 51 43 -5 -13 -76 25 77 7 -48 97 -21 36 34 89 -69 -3 13 50 -55 -50 64 65 71 -1 40 -81 -34 -73 -66 47 -58 51 46 -42 -82 41 68 98 90 -11 -44 -86 -63 33 -93 16 -59 80 -66 5 52 45 32 78 21 41 -87 65 -32 81 -72 -78 64 -11 33 48
-40 -28 27 10 70 -86 -49 89 -90 31 63 -27 -23 81 -17 -78 -77 -75 -80 49 15 44 -98 -29 69 3 -73 -44 -39 7 -56 22 -70 -4 67 -17 44 -56 -5 91 6 41 82 85 66 44 17 -22 49 61 71 -25 -96 -74 -37 -44 12 -19 -75 78 -31 91 -3 -53 58 -19 84 79 69 12 -100 -1 72 41 -3 47 43 44 -13 70 80 97 35 -58 91 -40 37 -26 32 -84 72 81 88 -4 -82 43 -8 -58 6 -7
37 -59 -25 -93 -51 -83 13 -27 -92 89 -51 -67 16 25 69 77 -93 -66 -52 9 -33 -100 -87 -83 58 -87 -30 13 13 -80 -71 -23 99 -17 57 -47 -71 -32 62 -42 36 12 -94 57 -21 -3 -11 71 20 -22 15 -56 -48 -73 87 81 -84 -29 81 -71 -9 69 -34 -34 2 25 13 -93 -37 52 -2 -67 -99 -13 63 -99 60 94 79 84 70 9 -88 -10 15 -24 91 -72 2 68 60 31 39 -85 -52 -23 -52 -87 0 -26
65 -88 62 60 70 -85 20 72 50 -34 96 -4 45 28 -84 -11 31 -18 87 96 -32 -31 -52 16 -36 77 37 92 -68 77 84 74 48 11 -97 -89 96 -62 -18 80 75 62 81 -88 -7 -79 -18 10 -80 -28 51 21 40 -2 74 -85 -80 -99 -95 14 -6 43 -27 -80 -60 85 93 46 -50 1 27 44 98 -91 -65 33 65 69 -48 77 -28 -70 35 -26 -3 55 9 41 10 -58 -87 -3 -94 58 40 -18 54 44 -23 -20
82 80 89 43 -58 -33 -70 96 43 45 87 -56 30 33 84 4 -78 70 -37 -80 -95 -76 29 47 89 83 -58 5 -57 74 86 61 -15 97 -48 41 14 38 1 -20 -30 51 68 -98 -45 -72 -68 -97 -29 96 -28 44 -17 -76 33 29 3 39 -92 79 -11 -80 20 -82 29 -82 -92 19 -5 -74 -18 -63 53 35 36 6 -67 16 79 -83 -80 -88 -12 19 -7 -36 6 68 -75 -78 -46 19 95 -99 75 -52 -34 70 14 -12
45 91 -85 77 22 80 84 -74 -50 7 66 44 89 -13 48 28 -47 74 87 18 12 43 -28 -5 62 -100 -16 -11 -93 9 80 -4 71 -74 80 80 38 33 -36 98 -16 -66 -8 -52 42 64 -6 44 51 -62 -62 -80 -46 -47 0 -80 -62 -88 -89 -87 -72 -33 -27 42 -81 -42 -40 -54 -40 -76 -59 47 -33 69 58 91 44 -49 90 -86 -15 -99 -10 4 4 43 55 -8 7 36 93 -9 39 81 61 -16 23 38 -6 -74
96 38 64 65 -50 47 4 94 -61 -62 -90 -20 50 -40 11 -46 -15 -33 -78 -26 -75 -15 81 43 16 -10 -84 -46 20 41 14 -94 77 -2 17 71 -2 -49 16 3 6 24 -38 79 -94 71 -86 89 -93 -87 -2 -40 -76 95 -68 -70 -16 -27 78 62 -36 39 10 32 -22 -50 75 78 -27 -98 45 -53 -95 92 -5 45 77 -36 16 -55 -44 62 27 -24 -5 -28 94 -56 50 1 31 6 -5 99 -66 63 -42 49 61 -64
3 -47 1 -63 -32 -60 -2 -40 23 -11 -25 81 69 -40 13 68 -32 19 94 72 -33 -21 71 -73 -28 31 36 76 -35 -76 44 -4 -95 -36 -88 -16 64 -60 52 88 96 -38 62 -91 -56 34 -29 64 -55 -97 -62 67 73 69 67 -71 42 97 -75 79 61 63 -54 69 0 84 24 86 -5 -90 22 18 81 -34 74 45 -90 -86 19 -60 -18 56 -69 -60 -17 -72 82 -54 36 62 -5 -43 -31 -49 22 52 -32 67 -15 20
-63 76 82 -6 -11 -89 -47 -29 -66 -55 -47 2 -66 -45 2 -26 -28 4 48 -2 18 31 -14 -26 -57 -65 15 28 31 91 45 86 -23 59 55 -94 -59 1 -83 54 3 -4 20 91 43 34 54 41 14 63 -32 -92 -82 63 30 4 60 6 -2 22 63 -86 98 -55 59 94 33 59 80 95 98 98 93 -42 -33 -3 0 91 -33 -62 82 19 72 -2 -24 61 -53 -58 -84 -3 -51 -88 85 93 -38 -35 66 -55 -22 -6
76 -99 73 57 -53 91 92 64 83 4 -26 -27 -87 2 -49 -27 -13 58 88 -38 2 -88 -36 72 -85 -77 -71 -25 17 49 23 79 -60 -75 65 -85 -62 29 -8 46 37 -27 31 -42 8 -99 -83 -73 54 -84 -11 -60 -97 89 -74 44 3 61 -53 -29 -14 4 44 22 1 16 -34 40 42 -60 -75 -73 -18 -90 -34 92 -42 -55 28 34 0 -68 -25 -100 -92 -23 98 55 -73 22 -81 58 32 86 67 0 -39 -43 -46 78
27 36 84 22 -68 -69 30 26 3 14 -84 5 76 81 51 61 91 -78 94 90 -72 78 -5 -49 46 -83 -47 90 45 -50 -47 43 -44 50 87 -64 61 99 44 -83 15 -54 29 -96 -27 43 -60 8 -52 -46 81 70 -90 -79 -53 30 -89 -48 28 -99 78 -18 47 -77 -91 59 -41 6 31 44 -59 -96 -53 -49 74 74 -24 74 73 -4 -65 -32 -72 -42 -12 -73 82 -7 35 74 11 -94 -63 36 -96 -2 87 -4 68 14
-95 75 31 -10 43 -27 -20 -7 -19 7 99 -87 47 -21 -73 81 -1 -29 80 -15 90 79 -62 -19 9 75 -53 30 9 -38 -20 -27 -62 -24 68 46 -96 -3 58 -87 -24 -96 -71 24 -99 -77 91 -61 82 -47 53 -93 -4 -44 -35 -57 57 -90 -40 -38 32 68 59 24 72 41 49 -8 76 -80 90 79 12 -5 -51 -97 -11 -55 18 97 88 -12 -95 -61 -68 -85 52 62 93 -14 13 32 33 36 33 7 -3 26 -89 -55
-26 -70 -27 53 -83 -99 -33 -11 -10 -24 -64 -5 -12 -69 -85 -5 14 -62 -99 12 -87 85 41 -80 -91 70 85 2 -58 -29 -60 98 -67 16 22 -17 24 7 -27 -28 79 -2 28 -6 46 66 28 -59 -43 -16 -62 -1 47 2 43 -39 7 75 28 -13 72 29 -66 -98 -70 94 -51 -30 -5 -97 12 62 49 82 46 -61 35 32 -98 -29 42 77 -88 36 -52 81 -13 -10 98 35 24 5 40 -67 36 -12 68 75 -21 -16
-55 29 -36 -55 40 -86 -26 12 -61 92 40 30 34 -1 21 97 -72 42 14 34 -82 -70 38 71 -74 86 3 52 10 68 -82 43 12 -41 78 -61 -73 88 -98 -85 93 -91 -92 -56 49 86 -80 -29 -54 90 19 -15 17 -49 92 81 22 -80 24 -49 -10 -46 34 82 0 -21 0 82 8 17 50 -63 -55 -29 -17 66 -32 97 -73 36 -36 -22 -72 -71 8 -38 69 86 -68 95 73 -61 -24 89 83 -47 -35 -41 -24 -47
-81 -76 -39 63 46 25 -57 -89 83 -31 2 32 96 -15 -83 -15 -13 -96 -64 -67 53 78 -12 -62 -11 -4 84 83 -79 88 50 -86 -37 -54 37 51 64 34 66 -32 76 -60 -16 -75 -30 -86 -13 70 -4 -61 -77 97 -31 42 -53 -38 -8 -51 51 -91 -55 -51 -76 85 48 82 -56 -34 -88 -49 85 4 -77 -11 14 -1 95 -46 80 53 -15 -79 37 -70 29 -19 -96 -66 -7 56 53 88 87 -21 -44 -47 -81 -25 -31 3
61 48 -83 -21 39 58 -18 15 58 53 30 -96 -69 90 -48 -63 82 13 -7 -98 56 -93 -76 -72 -46 -26 -86 -45 30 -46 -45 -67 -37 24 71 67 7 26 -91 61 -83 -87 -71 49 80 6 3 79 0 94 9 6 32 31 -70 -53 75 -22 -91 -42 -11 21 -87 -75 -58 -74 76 68 22 -6 2 -57 -74 -33 76 72 -88 57 -50 61 -62 -63 -40 32 33 -81 8 12 -81 7 65 -51 -65 63 -49 -22 63 -63 35 8
-55 97 -90 54 -41 13 11 -68 46 29 73 -23 98 -4 19 -30 -50 -72 32 52 -1 79 -42 -45 12 64 95 73 92 -58 -6 80 -61 27 -5 65 81 -7 -96 12 -44 -11 12 -89 -80 -13 67 2 -5 89 94 -18 -29 -61 42 -95 -46 -40 -17 -6 16 56 -57 19 37 -20 87 -27 -19 -32 -66 52 -75 76 53 -61 -32 43 80 27 -77 -23 -52 97 -66 72 -12 -58 -41 48 24 -56 -13 79 -44 -29 -92 -68 -80 -86
66 -92 55 15 27 -69 -11 -84 -89 -15 -51 71 58 55 95 92 -42 12 8 7 -66 9 59 -32 -99 63 -2 -33 -63 70 75 -4 -95 92 45 35 30 17 -79 0 -62 59 23 -76 52 -21 44 -14 -72 -66 75 -72 -69 -7 33 -60 -54 66 -86 -57 36 -70 -4 94 46 8 -27 22 45 -71 4 -77 -49 -68 -82 -57 -54 8 -59 6 -90 64 -59 -26 97 -69 -20 -55 -67 -43 54 57 35 25 -35 29 0 20 67 65
-77 -96 -83 -33 -98 49 -50 40 64 36 30 10 24 71 42 -17 91 -79 40 88 -63 97 28 -67 5 13 0 -92 -67 0 -16 0 45 -63 38 56 -69 -88 59 -49 58 -90 50 84 45 42 -29 -87 -31 -63 48 15 -34 45 -52 -31 -95 41 52 10 -83 67 -7 -89 -25 8 -91 55 73 70 79 69 -95 -5 -85 -53 26 32 5 -50 -74 73 26 -65 -42 33 -32 -98 57 -96 -83 -33 21 14 -66 -65 -5 -100 -72 -8
98 44 -68 15 -97 8 -95 89 95 51 29 -3 -61 71 -45 -16 -63 -72 38 -34 -18 21 91 39 0 46 -36 12 28 -4 -30 7 -9 26 64 53 -100 -45 76 67 86 76 11 3 73 -31 95 -12 35 8 -76 0 -72 59 37 -39 -98 9 -12 -91 -90 4 -36 -83 66 -66 66 46 -76 82 60 -11 61 -42 -63 80 40 -82 -97 -57 19 31 5 -17 -95 12 36 -16 -59 -57 -23 16 41 19 0 47 90 44 9 91
-65 -10 -30 -84 -66 92 94 -41 26 81 -47 -19 59 6 87 80 -82 -74 -61 -88 2 -91 72 51 1 44 78 38 13 -69 -63 19 61 37 -62 -88 32 55 1 59 15 31 1 11 -42 69 -98 24 -30 45 -42 -5 -12 -28 34 -2 -14 -95 -91 -4 -33 71 61 -92 58 26 77 98 95 14 97 28 10 67 -72 40 64 7 -55 -88 22 99 20 74 33 77 44 63 -51 -30 -13 87 -80 46 94 -54 48 4 -96 36
73 31 -15 21 -61 33 73 -25 87 -46 78 -62 -95 -52 82 88 2 35 -20 89 63 -48 -93 49 75 -50 79 -7 -45 -82 -48 -14 -67 -74 54 -2 -50 -64 -63 32 -1 91 35 -17 -11 -2 -92 -89 33 30 53 70 94 60 33 96 -52 78 -90 42 -62 -97 -76 -33 -9 -55 16 47 6 44 -100 93 -41 40 -100 -4 17 -7 75 54 -56 -42 -40 42 84 52 63 -74 74 -14 48 5 46 92 -43 -90 -47 39 10 7
89 37 32 -91 -76 -8 -62 61 21 -23 14 44 -3 -56 -5 -65 71 98 -53 -78 70 55 45 88 87 44 24 -15 -10 -54 82 -9 10 -65 -56 -61 58 -52 73 -38 99 -57 -59 -88 98 -100 26 84 -13 -28 3 69 1 -82 46 72 10 -71 20 3 31 -63 -92 53 83 61 60 -58 95 -25 -42 40 -13 94 93 38 -65 -10 -5 -14 -97 -47 -24 73 74 71 -82 -24 98 -9 -79 -36 -15 77 82 55 18 -91 75 -30
46 -31 -2 62 -18 97 39 -87 85 -63 -41 10 25 40 -41 -67 79 -14 86 -71 68 -56 -49 44 -78 27 72 45 60 -84 -41 -36 -82 -86 41 32 29 56 36 32 -7 -94 -48 -88 27 2 46 -8 65 -92 -18 -60 56 -68 43 -26 -71 -60 -61 58 -80 23 -90 -46 8 22 -5 -99 -71 -95 9 6 50 -5 88 -97 58 0 -67 -43 -75 -69 -68 8 -69 -50 -57 -71 33 -27 15 -37 91 63 -65 63 69 -47 -6 43
-80 71 71 -7 -31 -59 -87 94 44 13 41 16 -64 -65 19 94 33 -50 19 -90 14 80 16 87 20 94 2 62 -9 -100 86 40 -23 87 52 -67 82 74 -20 -91 -54 -53 28 75 -51 -11 53 14 -74 -31 -79 -43 20 -28 57 -54 86 40 16 -24 7 -85 -70 99 27 28 -82 -64 -33 61 -72 94 -40 98 -95 8 -22 92 94 -50 56 -20 76 21 3 -68 -73 -17 64 -77 19 -94 55 -29 1 -95 -9 91 -43 36
73 -3 -76 -95 -67 76 -96 -78 -98 63 9 -48 -11 0 78 -9 6 24 -90 5 14 -16 44 -29 27 -22 11 13 -15 52 88 -23 96 8 15 61 -41 84 59 69 85 -91 -95 85 -85 -7 55 -20 94 -46 -68 -98 -46 34 3 26 54 98 67 -21 -28 22 -37 -11 -1 -7 60 1 -95 0 31 15 76 -73 -53 70 42 94 -46 -47 45 35 4 85 92 -90 38 -90 23 39 -42 42 70 5 40 -27 61 70 69 -6
86 -90 23 42 -41 -28 22 -33 75 67 22 5 49 99 -69 35 72 29 26 -21 16 91 -18 79 2 23 -22 14 -8 -77 12 -54 -82 62 -34 -53 9 12 8 -51 14 -73 28 31 80 12 61 70 41 -36 -92 74 3 63 64 -41 -16 1 28 15 -94 97 93 -47 -95 6 -97 99 -81 -1 -74 49 -13 79 -52 -85 47 22 57 -80 9 -48 63 -58 -51 92 -43 -42 62 -8 80 -67 -92 -33 56 -11 93 -1 0 -82
40 -41 -30 -82 -86 80 48 5 -1 31 -71 -87 -4 74 47 72 -54 2 -76 77 37 52 73 -49 -14 51 -46 65 25 -24 28 70 3 -75 -2 43 -50 16 50 44 48 -75 22 6 -20 19 -100 -82 -64 15 -37 -28 -23 57 69 -100 35 -2 48 69 -78 -69 -31 -67 24 -2 53 -79 23 28 -33 17 59 -63 -57 -14 -55 -57 6 -48 45 1 -39 43 35 50 13 54 13 21 -55 67 93 -32 -22 -6 56 -88 4 -11
-27 -26 -60 18 22 -50 -76 -87 -40 -90 -84 10 -15 -26 29 85 -80 -33 6 -57 -54 -21 96 94 -28 -81 -7 -87 -76 15 -79 4 86 93 -99 -98 93 12 -58 78 -53 -65 -67 -41 -86 -62 -24 -91 28 39 79 34 6 -6 47 28 -7 49 67 -2 -71 -54 43 -85 62 -69 93 39 83 88 -69 58 -30 -64 -79 5 -27 37 -53 -25 20 -78 -64 -92 -73 24 -39 -69 -66 -13 23 77 61 94 -41 -70 -18 71 22 -98
7 -16 11 -91 -22 -87 -8 34 19 -87 -86 82 -50 -14 3 -36 -48 73 0 44 22 89 -72 87 -30 -4 -55 83 10 -98 -36 7 -4 -57 -95 -28 -99 90 59 15 16 -58 31 87 94 -43 21 0 -21 30 -24 87 -15 -1 85 7 50 72 74 -47 47 67 -39 -17 -99 16 -82 -42 36 14 -95 61 -80 -63 -18 -78 17 90 -21 -22 -38 -23 47 20 -83 95 -55 94 88 -3 35 -76 86 43 29 -35 49 42 82 90
82 56 -66 28 -1 52 92 81 -23 -71 98 29 -35 -48 -84 32 53 17 -13 64 49 13 77 60 -39 -73 -86 96 -19 -43 -51 -56 -20 65 -99 -93 -73 18 6 -45 -52 34 60 84 49 76 -52 4 -19 45 44 -37 -98 28 -21 -52 -28 -32 88 84 86 45 44 1 14 -56 -82 48 -26 -17 63 5 82 69 -39 -6 -78 -98 -10 -55 42 75 3 -61 12 -7 -75 27 26 -23 -66 -70 -69 56 -38 -45 20 32 52 -18
50 16 -93 -97 -6 37 -1 -46 73 27 87 37 62 -26 -53 47 93 -27 38 1 -60 38 79 59 33 -6 -94 59 -45 49 54 22 35 -38 -35 -68 -94 6 54 -82 -89 -51 85 93 91 25 25 -51 18 4 -51 86 58 -98 -9 84 -62 21 37 -25 35 78 48 11 -64 -6 80 25 -61 -81 39 3 -25 55 -98 -61 -88 37 76 -59 35 39 40 -52 32 -91 -65 1 -73 -52 57 -3 -62 -98 -20 -50 35 27 25 -81
34 69 -16 8 -4 17 -31 4 26 85 -32 -10 28 57 76 -28 44 -80 -41 -54 65 24 72 20 64 55 64 -15 12 -66 74 49 15 82 -74 -87 -68 54 90 4 -16 -42 -17 54 33 80 -95 79 -51 -45 50 43 16 -17 57 -43 76 41 -45 46 -21 -19 29 30 61 -17 -18 -31 70 -59 75 43 77 24 -13 -50 54 88 -96 44 87 -41 1 -20 25 -33 -86 59 -70 75 -52 83 74 -69 60 -66 -47 58 -19 -52
-99 -16 -22 72 48 -80 53 73 -47 96 -28 38 79 51 54 -76 -18 -20 -92 22 65 -33 -100 24 -9 -60 -11 63 -79 -71 87 58 -85 -3 -88 -94 29 -85 85 -13 -78 -70 -46 -12 -59 -79 -47 -13 -54 31 -53 -52 92 52 18 -70 69 -37 -9 64 49 -33 -34 -11 -16 -54 16 13 -3 -25 -66 54 8 -18 -60 -51 27 60 -40 54 -16 -19 -85 34 77 55 -49 6 52 15 92 15 -30 0 10 95 25 21 44 -60
-64 83 -88 -59 3 -73 27 -68 28 92 77 -99 -69 -5 66 -70 77 -91 30 39 89 4 85 49 -28 35 32 -50 -33 23 -53 -21 8 76 -21 -65 -78 11 -74 52 -70 -71 -51 1 -42 57 93 -88 -99 19 -65 5 99 -64 95 -14 -9 -96 67 92 -63 -27 75 52 -53 53 -96 19 91 -36 -61 -90 56 -76 34 -88 -70 -49 -68 98 -35 40 -48 25 -47 56 73 98 18 -63 31 25 43 -13 -77 -73 22 69 78 83
-13 20 -5 75 -9 16 -88 87 -82 14 60 68 92 -44 60 -99 -3 26 99 76 25 -69 25 76 -4 32 42 25 -27 -92 1 94 -63 70 -84 -65 -88 -55 -96 -60 90 0 -70 95 57 -98 -17 -21 -18 -72 9 44 -30 -57 -53 -53 -47 25 -35 32 79 -3 -19 -38 -18 57 77 -84 -30 40 24 -59 -44 47 67 -10 -40 94 -67 14 -86 -37 -20 -79 -32 25 -11 85 88 33 -15 59 -2 -65 -84 -84 37 15 -58 45
-48 39 48 69 64 -79 -47 -89 -77 -13 -11 -99 -79 33 79 47 47 -14 81 10 32 10 34 -61 -31 -94 -53 21 27 -47 -71 56 13 -33 18 -33 25 -48 19 52 -72 4 10 -23 66 -80 -57 66 68 58 -54 -34 -35 -21 -45 -16 -88 32 -93 -1 -77 -18 35 82 -83 38 -16 -76 -85 76 10 3 -91 34 33 -2 -65 57 -89 -42 -16 -45 -25 -57 -88 -75 73 11 64 92 62 -22 57 81 60 46 69 15 45 46
29 60 -44 -17 97 64 32 66 -27 -25 49 -69 -64 6 -33 65 94 -43 19 -7 27 -16 -39 10 -10 -89 28 55 95 -77 22 47 32 -4 80 90 -27 -3 -16 76 61 26 6 -42 -74 -31 80 -66 -68 80 -38 57 9 -85 37 20 -92 11 -57 37 68 -84 -27 23 40 -26 22 24 11 4 11 48 -75 29 -23 -65 80 -4 -47 73 -49 -59 86 -47 -26 83 67 46 16 14 -80 69 -97 -5 87 -83 -67 -1 82 -73
-25 -90 -42 91 49 -61 -56 13 95 2 -46 20 -17 -82 -4 -86 -91 38 -92 -27 22 28 6 82 45 -44 -78 -72 28 45 -11 -46 -22 92 39 23 -89 -63 41 78 79 58 -66 64 -81 -10 48 -34 62 76 -40 -60 98 -89 -77 59 -98 41 -91 7 62 4 10 -38 32 33 1 -79 -48 6 -78 -34 -19 82 -1 -50 -86 -70 49 -88 16 21 30 63 -24 15 -55 -71 93 11 46 -56 -69 38 -38 20 -19 41 -94 -58
-88 75 20 9 72 92 -78 -81 13 56 -59 0 21 -29 -100 -55 -30 -92 -86 -16 -14 -96 59 -37 -38 -16 81 97 55 -50 -39 61 19 93 -33 -30 -59 98 61 81 51 87 -39 -16 -73 98 -59 -94 63 2 -35 73 42 -37 -21 52 -23 -19 -22 -26 -99 37 -66 42 -81 39 -99 55 -4 81 77 -25 -29 59 -8 30 27 -37 -17 -87 36 -57 -45 58 -73 66 -75 98 -29 79 11 -34 -94 -37 99 30 -71 -57 -65 53
83 2 -5 92 95 48 39 -67 31 -78 -77 50 92 -88 -22 33 69 59 49 55 32 -55 9 -35 -86 45 -10 -68 -13 -42 24 69 35 -59 99 1 8 -81 89 13 1 65 -28 44 13 -70 61 37 -26 22 -75 -62 61 -46 42 69 1 35 17 98 97 80 9 -5 90 -50 51 -19 22 -81 55 77 17 -80 -78 -26 -41 54 -73 -82 15 87 -19 -54 29 -50 33 -1 12 -78 12 -18 84 10 -91 -34 72 29 13 -87
-76 3 -48 44 42 -26 -67 -30 -64 51 17 83 -53 -20 -4 49 56 21 -41 -42 29 27 69 -48 -87 -54 -66 89 -13 -25 -4 -62 66 77 -63 70 -32 37 29 15 26 81 -24 -65 15 35 62 -61 -100 44 23 70 -59 53 -50 -59 66 45 -60 -76 -34 26 93 -35 -8 83 -14 93 74 31 90 -74 18 -43 87 -15 97 21 80 13 -74 17 -89 -61 -78 78 67 -90 -66 91 36 -9 -60 -97 -47 -62 -65 -69 26 -8
77 65 67 15 -32 -78 -27 -69 44 -74 40 87 -30 0 -31 37 7 -14 61 -50 15 46 -29 14 27 35 -31 32 -18 74 50 43 90 70 -36 6 -97 91 90 -4 -100 -49 11 82 -84 21 -22 89 92 -93 75 54 98 -60 -6 5 10 -1 -25 -25 11 84 42 74 -21 -8 -17 -45 -90 6 67 49 -88 17 13 -57 14 -58 -90 -37 -72 -80 96 60 47 -64 -48 95 -38 -86 -16 -90 -33 -31 82 25 79 -58 -81 -99
-4 47 -91 -33 -30 -54 83 -72 -76 -25 -90 16 38 -16 -76 11 33 -65 15 -18 17 22 -13 -55 14 -36 -29 88 -47 40 49 -99 51 -91 70 23 -1 -75 -45 53 32 18 -33 36 -66 -20 4 59 22 -33 5 31 53 -42 5 24 -18 2 39 57 -4 -39 -19 -17 -71 49 12 -23 -21 -85 -27 -68 15 -61 89 -86 60 90 -83 2 -80 45 -11 -20 -66 -52 27 84 -70 18 -95 86 -41 98 -16 66 -60 37 -19 -39
-2 88 -28 51 51 45 94 35 -9 -64 76 99 97 -86 36 45 92 -28 -75 74 -77 -90 65 62 -4 16 31 19 16 -44 -83 -25 47 -99 -75 40 8 20 44 -32 -92 96 -83 -42 -66 34 11 -8 67 31 -49 -82 -69 60 46 -22 -4 1 28 -72 60 -91 -76 -95 -40 -94 55 63 -23 -86 40 -32 33 5 -18 12 98 37 38 87 -57 -49 -57 -5 66 -36 53 52 -62 51 71 -82 -66 7 -85 85 -15 -21 -23 35
-43 -81 -74 86 -62 -3 3 -47 -3 14 34 -60 27 11 84 70 47 -9 -27 20 -53 -28 61 49 -68 19 -14 93 -16 78 -81 22 -21 5 64 86 -19 -86 -8 -7 87 8 -48 43 84 -75 32 -13 79 43 41 68 89 98 95 23 -6 -67 94 48 -66 76 32 36 -21 5 -75 -16 -40 -33 13 88 -36 1 96 -25 52 42 20 -88 48 32 20 -1 37 5 -98 53 81 19 9 -84 -6 -36 -8 -88 -68 24 -32 -23
54 35 90 49 -3 96 86 -30 38 84 59 -31 89 17 75 63 20 10 46 -98 -37 93 -97 18 47 -75 -26 -33 39 70 -62 27 0 43 -22 86 -81 -20 28 48 12 31 71 -79 15 -20 2 -65 -2 2 46 -22 13 96 14 -99 -70 81 78 -88 76 -82 -11 -19 87 -15 49 78 -31 43 90 -3 90 60 68 -69 -54 -70 57 10 -1 -22 77 -91 8 -19 -82 95 -11 -18 8 -55 -11 -55 -26 -67 63 -30 27 61
-45 -45 -71 84 -87 -42 98 -40 -34 -13 44 17 84 -48 89 -10 11 40 38 27 87 -10 65 -60 8 -75 33 -53 52 73 41 -43 59 42 -12 57 61 36 -51 -64 -49 -4 91 -1 80 38 -35 -93 -84 4 96 -96 95 -12 -38 72 -68 -40 47 -97 -21 -13 51 8 -35 -3 -39 -54 76 89 53 -32 -31 16 77 82 29 65 12 -48 36 -22 19 -87 -79 7 -46 89 15 34 26 12 57 -80 59 81 56 94 11 82
47 68 93 78 26 60 49 62 -13 22 -81 63 23 -19 -11 -80 -95 58 -82 67 34 8 69 78 70 57 68 -20 80 6 -47 74 47 -24 26 -58 13 -59 9 -75 68 57 89 73 -23 -10 -9 88 -75 35 40 -48 -39 -16 -72 -43 55 -23 63 50 -18 33 -60 38 -89 -6 -4 -32 -96 -70 -64 21 -98 -52 55 51 -24 63 96 72 -21 78 28 -27 64 -6 -17 91 70 55 27 40 44 -98 -38 -86 92 -76 88 -55
-93 -86 -36 78 -40 96 -44 -20 -19 56 98 -25 21 7 85 25 -44 -8 -28 -4 54 23 89 87 12 -55 -3 -12 -40 -50 -24 25 10 -39 31 85 -28 80 11 -71 -80 19 82 9 -50 36 25 -18 -18 35 78 -80 38 -98 -84 18 16 1 25 -33 24 37 52 -92 -67 -61 73 38 -51 10 -93 -14 -37 93 82 -70 3 38 -59 76 -15 26 -18 -16 -55 39 87 -54 -52 -84 21 -49 -36 37 -45 -1 -9 79 -96 83
8 25 -76 46 75 94 -72 -47 16 -91 32 88 44 -97 -45 -7 -96 17 94 86 73 29 -40 -7 10 66 -31 9 85 32 11 -81 88 72 74 -80 91 10 11 26 39 20 66 5 -3 54 -1 11 64 -21 64 15 25 92 -68 10 -74 87 95 50 6 -6 79 -93 -13 -9 -57 -94 71 -41 59 19 -10 99 34 24 17 -64 71 -51 1 -60 92 25 -22 -50 13 -71 -55 -11 12 -72 -90 -83 1 -5 -94 -23 91 -31
67 -55 96 -62 60 -57 -98 -36 54 26 -2 -66 -21 7 -52 22 -66 83 50 47 -82 -79 -49 -82 -62 79 -72 19 -87 26 80 85 -90 10 -49 -17 19 94 -43 87 92 -41 68 53 -81 -41 23 -50 37 14 63 84 2 -50 -89 31 -70 19 93 35 -63 99 3 -85 -62 -87 -78 -8 5 98 -47 53 67 -69 -37 -24 -30 -28 16 44 -1 50 1 -74 54 10 -99 -62 62 79 -31 25 0 -82 36 -9 49 -79 45 11
-46 -95 1 -73 3 -8 -53 -44 -33 -53 80 -85 85 -9 54 7 -55 33 4 -4 -83 -55 58 -94 50 -19 98 90 -80 -54 -46 10 -66 -79 54 96 -61 -4 -21 -69 -42 -75 8 -27 -54 -30 96 84 -12 -57 -67 -92 45 34 -35 -14 -22 18 2 92 -30 -74 29 84 -43 59 -36 -80 -93 6 -83 89 -98 88 -88 -9 -13 -96 -56 -47 69 -68 70 73 -29 61 66 -40 23 76 91 2 33 -19 -12 76 89 -14 98 57
92 -11 -93 86 31 -70 -30 46 -11 -6 -25 62 -57 76 -74 -44 5 -6 -78 3 54 1 -50 3 83 98 33 -27 -24 -62 83 93 -46 -22 63 79 -92 -32 -40 -16 -68 77 -76 1 -47 -84 -58 53 37 20 -90 63 50 -1 90 68 47 19 -75 19 -61 -4 92 -90 -35 -53 36 30 -34 40 92 -77 15 -28 -2 -73 -83 70 -54 35 23 -11 22 51 -86 38 76 64 9 -52 -59 61 -25 42 8 72 -9 44 16 -29
17 -95 6 -49 -38 87 54 79 63 -27 28 -54 90 -66 -83 30 85 -88 -74 3 -53 29 -88 -68 38 -31 -9 22 -70 -39 -85 19 24 -69 -68 81 35 -67 55 81 -1 -99 45 -80 73 -7 -72 98 71 -6 20 -87 34 -17 36 -100 65 -13 45 75 -29 34 -81 -25 -56 13 -37 44 -31 63 -75 91 84 -72 -8 29 -91 -39 40 40 29 7 89 -37 -56 -95 75 -27 11 -9 18 -50 -36 -73 -90 -9 59 -71 15 2
58 95 -63 0 -94 -94 -32 -42 -98 -14 -28 -94 -76 16 93 -87 53 -69 -5 -67 -5 -11 -73 -17 38 -11 -22 -64 -19 -56 12 58 -52 -25 -98 -16 85 -74 -11 51 -6 -13 16 -18 -81 43 72 35 29 -2 55 36 76 -37 55 63 -13 -90 -97 -48 74 -77 63 99 -91 -14 67 -66 -28 0 60 82 43 29 41 -100 -45 66 44 -12 13 18 -64 -29 -90 94 -45 -25 -29 14 -20 75 53 34 85 65 42 29 -70 15
-73 27 22 69 -44 -65 27 30 -5 -84 6 -76 -60 -40 98 57 28 68 -100 46 57 -55 70 -45 -46 52 -89 95 21 12 -55 -80 73 -17 -46 -68 -6 -65 -74 -24 32 -51 -38 87 16 -49 -40 7 97 -95 51 4 79 84 -55 -45 -11 -21 33 -23 -62 -76 -99 -89 -49 -29 -14 68 21 68 -95 -60 38 -40 -96 17 -91 64 -3 25 60 17 69 -9 95 -73 -59 -93 -91 -14 14 46 99 49 -86 -97 29 -23 25 73
-62 -3 51 82 -51 -51 -52 -97 -64 27 -76 44 -77 -45 -17 41 -88 96 -58 82 -85 -86 70 89 -67 -97 -16 -49 54 56 85 -12 -10 -38 68 -39 -93 3 -84 -48 64 -75 37 74 -46 95 -70 24 -60 -17 -84 30 17 47 22 32 -82 -73 -48 46 -31 -37 -12 64 81 90 -49 -93 34 50 -77 58 76 13 -64 28 70 85 90 -96 38 18 64 75 -25 -42 76 62 -16 49 44 36 89 -11 40 -47 -40 -63 -43 8
-34 -73 -67 88 13 -7 -44 4 -4 -33 86 -64 -52 -47 -100 85 63 -75 -31 -2 91 86 48 -78 32 -50 -12 -79 91 57 -37 86 14 -26 -20 -68 -82 -45 -28 73 -64 -1 9 73 36 -85 37 -44 4 -20 -42 99 -78 -45 19 98 -40 -86 -5 82 -76 91 -63 38 -64 98 -79 -8 -1 -76 93 3 35 74 24 11 -53 -77 55 32 72 -96 -55 72 29 -75 63 20 -14 -17 -46 65 -40 12 -61 21 -85 92 48 -85
-37 85 -48 -82 4 -15 12 11 -48 56 -28 -25 -4 -60 -22 56 -95 28 -42 -14 35 -18 46 -24 -11 98 -54 -62 80 -55 6 -73 22 20 -81 -30 -50 33 88 42 -81 -51 -43 46 -84 56 -100 -77 52 -64 79 11 -100 32 46 -40 -68 44 -48 -81 -98 -15 -27 62 45 -99 15 63 -22 16 3 5 -87 85 89 -81 73 -25 -47 29 87 -35 5 -99 -17 96 0 -77 -92 -77 -62 -54 74 -86 15 81 -21 -61 45 67
85 -95 4 7 33 80 54 -88 -90 -97 38 53 -81 -23 -25 -15 41 43 -9 -94 29 -78 -60 -3 59 26 -31 -54 -90 -2 -69 -79 -78 23 21 -1 -62 22 31 36 -85 -21 36 -69 65 -48 52 32 -32 15 -19 59 35 -9 35 -81 46 -69 -38 -56 59 -90 -43 -1 66 -19 15 96 76 -100 -38 50 -75 57 -39 60 -92 52 99 -62 -85 71 99 57 74 22 8 -65 75 45 75 21 -60 -13 49 95 -61 -38 36 -84
-49 88 44 57 46 12 30 -33 -62 -62 59 87 -64 -5 -6 75 30 -48 -56 18 13 34 29 39 -6 -84 -25 -93 -92 -76 50 -56 16 -62 16 7 23 95 -69 65 -56 38 4 -9 94 -83 -55 -49 84 -86 -59 -85 92 4 44 -61 -91 -71 -18 64 21 -2 -39 -73 37 -31 -36 18 20 87 46 37 40 -76 -23 -34 10 40 -16 -80 -31 -69 27 -52 25 -35 -43 7 67 -62 88 19 72 -39 -15 -14 21 -31 -39 46
27 54 -89 -25 -82 46 77 -64 -32 94 -26 44 60 46 -91 -20 0 14 -18 83 -57 11 -2 -17 -23 -35 -42 -31 -100 27 -37 60 84 -58 11 -33 -100 -87 67 -86 -83 -2 -60 47 32 80 86 10 4 -22 -9 -2 70 -29 53 19 -98 1 19 90 89 87 40 45 -19 -16 16 24 29 17 -74 90 40 79 -52 -9 7 -89 10 -54 -57 -57 58 -41 -20 29 -26 63 -38 -32 -81 -6 44 -31 80 -10 -18 23 75 12
-44 3 84 30 -27 -97 -1 -48 25 26 10 -52 -74 68 99 -88 92 -12 92 -94 18 97 -92 31 96 54 33 10 -40 7 -94 -26 56 -68 -75 78 71 -25 57 22 -10 37 -16 -60 47 88 -43 71 -43 -46 -89 -3 -26 34 81 -34 78 17 93 -98 -54 -46 87 -91 67 -52 -29 58 -27 41 34 52 53 -90 -61 -86 54 33 44 61 86 -28 96 90 40 26 5 58 81 -5 55 92 35 -37 -94 64 -45 63 56 -22
-29 -23 63 -78 -33 77 -6 -26 -57 55 84 66 8 -87 -14 48 -18 58 -43 27 8 -19 70 51 92 -93 79 -65 -79 53 75 49 -30 0 -35 -34 14 -96 -57 -91 -56 -42 -93 15 68 -68 57 93 90 -36 -61 98 0 -32 -34 32 23 -55 -98 1 -74 -45 -18 9 -80 19 -97 57 79 73 -58 60 68 34 -31 -36 -78 15 -50 -18 25 93 8 7 -4 69 92 -90 -89 -62 85 -73 -18 -98 17 -26 -52 -86 78 -15
-5 -11 -10 91 -89 -49 -53 28 -66 27 5 -79 -91 83 -61 57 -54 -64 33 96 -95 -13 -19 11 79 72 -14 -93 94 -55 -64 67 80 -9 -54 26 80 98 -93 -31 -8 -31 -71 -34 -60 99 -24 -19 -53 -65 55 31 -58 -3 -64 62 -80 -9 5 94 -66 82 -69 93 -17 -97 50 -73 48 -91 -66 -27 84 -95 -39 -58 9 -64 20 -29 3 35 66 53 51 -94 -40 29 -7 -81 74 -89 58 -69 24 52 8 92 25 -38
-9 3 -16 49 -94 -21 33 -6 -1 -78 68 -35 -40 -55 44 9 37 98 99 74 -70 -71 -94 16 -92 -5 -30 80 90 48 -78 -46 -43 -83 89 -25 87 46 65 12 -58 -66 95 47 -37 -19 -58 58 14 -57 13 36 -9 91 -75 -56 -96 -26 42 54 -40 -100 -60 -99 -64 -83 -89 31 82 -89 19 82 62 7 -89 73 -33 20 29 11 -45 -74 -5 53 -83 28 -48 43 13 -85 -19 38 58 82 1 -57 -15 88 -91 76
97 -78 -69 -23 -75 -44 -67 12 -83 -34 73 64 -47 -84 -32 -87 -17 -40 -51 -67 -31 -23 -89 -75 54 -91 -30 44 -97 -46 -38 62 -10 42 29 -70 -14 -49 -75 -89 12 38 82 68 -53 29 69 20 -10 -10 -81 -37 -10 -43 21 56 71 -38 51 -75 -6 17 91 11 -36 -64 -88 -81 -24 23 -48 65 -94 -7 57 -19 -34 -6 24 -35 76 2 -50 96 -39 -3 73 70 6 -95 56 -100 -33 -63 -39 12 -15 -8 -46 -35
-97 -34 5 -61 -53 15 -71 -29 -2 -22 -98 -58 52 27 -30 -96 -21 -49 -84 -2 94 -13 -73 72 30 99 34 -91 34 63 -50 29 -95 91 6 13 -88 -90 74 7 -41 -95 52 48 35 18 -63 17 -87 60 32 13 86 -26 -93 -85 73 26 -20 14 26 17 -35 -40 66 43 6 -70 -25 -82 77 -35 -35 31 -37 22 -9 -57 12 42 45 20 87 -34 33 -43 12 -73 -65 60 -12 17 -76 84 51 -69 77 98 9 67
-8 -76 -12 96 26 50 13 -100 77 -63 23 94 92 70 61 83 87 -23 81 -7 -57 4 -88 67 34 -87 -53 -74 19 -22 41 19 36 -69 -63 18 65 -37 -89 -23 84 37 -58 -70 15 -38 99 -78 67 -74 76 -10 31 66 -92 -60 19 -69 62 13 34 -66 30 -43 -71 -9 -73 3 -7 80 27 75 -83 39 -7 91 -36 -62 10 95 76 -16 -93 20 -48 -39 -81 57 30 -77 -3 32 55 50 12 -42 4 67 16 -17
-60 59 38 -38 28 -43 51 -55 -19 56 -71 12 89 -94 -37 84 91 85 -88 -68 4 -21 98 74 3 -6 98 7 -46 -61 43 -58 -91 40 77 -32 10 -56 55 -42 -18 16 47 35 -31 95 -83 -96 -60 -18 -85 58 93 -40 6 28 80 81 -82 75 42 12 48 7 -79 78 -10 -68 13 -86 62 14 1 71 74 28 -56 3 -98 11 67 -11 -61 46 13 67 -20 -41 49 -33 89 64 -78 -42 -61 -48 -85 76 -75 -95
86 -37 72 -77 63 -48 97 -95 67 62 72 -89 54 29 43 19 -45 19 -84 -70 24 95 -19 65 -66 -97 -3 -32 -6 -7 -44 30 -28 56 2 -37 -76 -27 -2 41 11 -31 26 -95 55 -71 95 56 -17 -7 -76 -60 -88 2 -91 -97 34 74 -14 -86 2 56 -55 32 -30 65 46 -95 -96 -93 8 4 73 -47 70 71 -84 10 -9 -84 23 73 62 -95 12 -31 95 49 70 -26 -36 90 48 34 -19 34 73 -90 32 -12
-5 33 -97 47 -83 -74 -73 99 98 9 -74 -72 40 -83 -13 -18 72 83 -31 -29 -92 -20 -29 -70 -91 -84 -58 18 -51 -73 -29 3 -53 71 42 24 11 -6 -23 -78 -55 -31 95 -45 -30 1 -21 -41 -63 -33 36 -77 23 -79 56 -79 -54 3 70 18 2 74 97 4 -88 -63 27 -34 -6 47 90 69 -82 -96 -16 -18 -18 -99 88 49 -73 73 57 -58 -65 -76 20 -5 -6 -97 85 84 -16 0 22 74 -56 37 28 61
45 93 62 -52 -74 94 -80 64 97 16 -64 48 91 62 -67 -54 88 -94 -56 -76 -6 -53 2 77 -73 53 -55 54 43 -40 6 -49 -20 70 -48 3 -54 35 34 61 57 -88 57 -34 -91 -21 -78 -77 37 99 -94 49 64 22 87 52 64 59 23 -44 -12 80 -64 62 -74 -67 -37 2 63 94 62 -36 78 -52 48 1 89 -72 4 -92 38 -25 1 34 -100 -71 -93 -53 1 -33 -29 74 -96 -10 57 -23 69 16 -94 -33
-23 -12 22 16 -4 12 33 -64 5 -26 -8 19 45 -59 -91 69 89 83 43 10 80 16 2 -77 -80 63 77 49 58 62 95 -10 -75 32 18 52 32 84 -45 -45 27 55 20 -67 -93 -41 61 -83 90 24 -29 94 5 94 57 -80 -68 -20 -67 79 77 -38 21 -27 16 -48 -92 -17 -17 52 45 87 9 65 57 16 67 49 24 61 16 -30 -83 -19 64 18 46 20 77 -95 -100 88 17 97 26 -45 -71 -47 -79 -84
