-51 -11 41 -34 89 -8 58 66 77 -74 91 74 -47 -19 29 23 -35 -58 -65 26 10 -85 56 59 -67 -25 -6 -68 18 -86 13 96 16 -86 -56 53 34 32 -95 83 21 -84 -72 -12 -60 -93 -23 -67 98 45 -51 51 28 32 44 -10 -51 78 90 -17 10 -79 52 -9 -17 -1 -5 86 -68 17 34 29 23 76 -51 -13 24 40 64 11 60 14 36 50 -66 -36 81 -88 83 35 17 -2 -91 51 21 -15 -21 -10 57 -21
-11 -40 42 -54 7 -9 19 -20 -89 82 86 -100 -25 20 -73 -54 -12 8 60 -6 93 21 18 55 70 52 -45 37 74 -37 10 16 -52 -74 81 -27 30 9 42 90 -68 -19 85 35 96 50 -97 64 -30 -6 84 8 -27 -1 -71 9 7 99 -38 -85 -97 -44 36 45 60 -66 81 -56 -77 23 57 63 -9 27 12 -72 71 -33 20 -73 21 77 30 -21 84 -68 -97 -13 83 -26 41 29 -60 44 -66 96 -66 61 -38 58
0 31 -41 92 -24 45 -75 24 -21 -95 -77 -13 29 82 49 -86 70 26 55 -77 -79 -34 5 86 28 22 -93 76 33 37 45 -42 13 81 -69 -88 34 71 59 93 -72 4 81 -59 -94 18 89 97 64 -71 -2 -48 73 -95 18 17 8 29 92 49 -44 13 26 -69 23 -36 96 -49 -6 2 47 -34 88 -63 90 -30 61 -26 48 87 27 -79 -19 -17 95 -21 -99 -55 -88 -3 -36 -3 42 56 -46 -82 87 -54 57 11
20 44 -31 -60 -92 -96 50 -60 61 -95 -32 80 -85 -97 62 6 35 -11 -79 -94 -21 81 -74 60 -75 -41 -4 -69 21 80 -99 -81 -41 28 39 -82 -46 -77 -39 64 87 37 5 62 -51 -54 92 95 -7 -6 58 -23 -25 16 -52 -8 3 18 -93 65 70 -54 -92 69 91 64 -56 -88 -11 62 -59 -34 -24 31 73 -15 3 42 -96 -87 96 7 19 36 77 64 51 -22 -42 98 -42 -53 83 87 1 -6 -93 -58 68 22
81 -71 53 -81 -6 99 51 -63 80 38 78 33 -61 -92 -8 -49 -74 77 -2 -60 64 57 49 -14 -46 98 -88 -10 -57 28 -9 60 -43 -63 -31 -62 7 -55 -8 -71 87 97 84 -43 62 -42 -34 88 -56 10 -57 -82 23 90 -71 -76 75 99 -44 -38 96 9 -20 25 21 -26 39 -89 91 66 -44 41 -46 88 0 72 -53 83 78 -59 44 -88 -56 -23 53 62 -79 39 -14 -74 -36 56 96 73 -22 36 -14 -11 -80 38
-37 -43 5 -38 41 -26 59 51 -82 56 -29 33 -32 -57 -100 52 63 4 -28 -34 18 1 -31 66 68 -70 -11 30 14 -56 -46 59 -18 -66 -97 -95 40 -70 67 50 20 38 77 46 33 -89 -17 11 7 -29 -7 27 85 36 -13 -69 -22 39 75 52 27 80 38 75 22 -78 79 -31 15 -74 23 97 -54 -96 5 -80 -33 59 -87 -37 49 -66 17 -15 0 -54 92 90 4 -82 87 85 12 -13 -20 23 -57 56 85 97
-54 -94 -30 -96 -84 79 53 69 39 35 35 -36 -9 -35 -27 83 19 25 76 -63 -99 -93 87 -86 -4 -89 41 -8 52 -31 -18 48 43 32 28 40 -100 6 -11 -93 -11 54 70 6 -45 -65 -14 19 -27 -68 -12 17 95 -9 -44 97 52 -17 9 32 51 63 84 -27 53 45 -81 -27 22 -66 -83 -100 38 8 4 -29 7 12 -92 -4 98 11 1 -67 43 -13 -31 49 -36 82 71 3 -20 -65 -19 -15 -4 39 18 -7
89 72 -87 29 4 -57 45 31 -52 -12 -83 12 -30 -96 -85 52 -67 -23 75 -88 0 5 -23 29 -49 -60 -17 -24 -79 62 31 69 -93 -10 72 -56 85 69 -96 84 -31 50 81 65 -84 -41 36 90 21 48 8 71 91 34 -93 -13 59 96 -50 -17 0 7 46 2 23 28 21 54 -91 2 95 -75 -12 -55 70 27 -97 -11 -82 42 22 52 -46 20 45 -88 52 7 -42 -22 35 71 76 37 16 78 18 -54 -53 -64
11 -73 -72 -74 7 38 55 97 58 -3 54 23 91 -74 -53 -79 -91 61 75 -44 53 -78 98 52 -57 -16 -76 41 -22 -55 36 38 57 -14 -64 25 82 84 -91 -68 -83 78 19 74 36 -92 -3 4 33 -39 -7 -17 10 -82 -78 31 13 97 -27 39 -83 -21 69 68 -93 76 47 -82 -30 -18 27 1 89 14 -87 -88 63 41 81 -56 19 2 42 11 79 46 9 49 89 97 67 5 69 18 30 24 48 -51 55 86
-11 76 88 91 43 -73 -76 -46 70 -98 96 77 8 40 -1 -26 27 7 48 -13 -6 -53 82 76 8 76 59 80 32 -51 -79 -46 -94 28 -100 -57 -98 -15 21 -46 89 -76 -98 35 -41 30 -37 -39 -73 43 -14 35 -98 -34 11 -38 72 -50 -63 -84 -20 27 -57 66 -6 -83 -8 -93 -47 12 18 -96 95 -92 -64 -86 -14 20 27 82 -18 -79 81 -67 77 36 -41 24 -92 16 28 78 13 42 -88 41 8 -77 -67 -8
-76 94 98 -3 76 -63 78 76 48 -30 -25 59 0 92 67 49 -67 -12 -20 23 93 88 -61 -64 94 -16 7 -81 39 65 -65 88 70 -13 6 50 34 9 -44 -59 -97 8 -56 -45 57 35 -77 21 -37 -20 -31 98 77 -13 14 9 -96 -93 25 99 32 -18 -82 -75 2 -59 16 39 -71 -14 65 -15 34 49 35 41 15 35 -92 -85 -37 -95 -9 -49 -38 -7 75 -79 9 98 -40 72 80 19 73 91 57 95 75 21
-31 -14 83 18 -5 2 -5 76 85 -67 37 1 81 -27 48 -14 53 -86 -74 0 44 33 94 85 -32 -78 -48 -17 -47 -39 69 62 37 -97 65 -19 51 -38 82 -58 -18 15 19 73 44 79 31 -32 -36 -71 15 94 13 -27 -26 -55 -18 23 -47 -28 -54 62 -53 33 11 -23 -55 40 -36 86 -91 -59 97 -28 2 42 23 -31 -68 -20 -43 37 -59 -61 -83 91 -16 62 56 81 50 49 23 77 11 -2 -17 -83 -86 -67
69 64 92 27 3 -57 39 8 80 -46 -79 58 -31 -56 48 96 82 -73 -68 59 -71 -1 -97 -1 21 40 -32 8 18 -22 -83 85 -86 -99 -30 47 66 -16 75 -72 -7 94 -79 -73 21 -78 -94 -57 60 74 61 -45 -22 -32 -36 -30 63 -12 31 -88 97 54 -61 -62 50 78 -72 21 -70 -45 -49 10 -31 45 -86 76 92 -57 -15 -58 4 -88 91 89 43 -57 -84 -66 61 -33 6 -33 95 10 -100 -70 -63 -10 55 -71
76 67 -38 51 10 63 84 -99 62 -28 -27 -1 73 -99 -18 51 -100 -29 -92 71 55 67 83 51 -29 -93 69 95 -75 -6 -25 -74 27 -49 7 80 -85 -83 53 63 98 21 -99 73 6 11 40 79 -9 -89 -100 30 68 63 68 20 -28 -24 35 -23 74 -19 93 97 -20 -87 -12 -25 51 65 59 -52 -74 -33 -11 -80 80 -74 74 94 37 -61 -69 26 2 -31 -20 61 -46 -10 -57 82 38 36 52 26 98 61 58 -18
71 2 -10 55 -9 69 -31 39 45 -51 -91 -91 -73 -33 47 -86 77 -67 40 33 -94 -22 -94 -64 34 -5 -37 7 -70 28 -8 78 -38 76 -26 -61 -64 -16 83 55 -62 12 -4 -71 -63 -52 54 5 -91 -53 65 -84 -81 21 96 -92 58 -100 -12 -48 30 -9 -20 26 19 42 -44 0 67 -13 12 27 61 84 -32 -25 73 16 -60 90 -11 -50 69 0 -73 -99 -75 -15 -26 -65 21 -68 -84 96 38 38 43 -80 -94 13
-74 -60 36 12 50 -15 52 70 -37 -48 12 91 -2 67 -81 95 -68 -92 -19 -87 43 -72 -2 -62 -15 -82 74 -45 86 86 -48 -83 86 -65 -11 -99 -33 35 65 28 58 42 -9 0 -72 93 -25 26 38 -80 -78 52 -88 -71 -6 -11 19 23 -87 -4 77 11 22 -50 -20 -28 0 29 85 68 -92 -27 -10 56 20 45 3 -18 -34 21 -72 96 -97 -37 7 -44 72 -19 -87 -47 9 -85 94 -22 -74 -76 6 32 -15 -35
58 -26 99 -2 12 8 85 21 15 -87 23 -78 -59 -76 -93 -23 -57 0 52 -50 -60 37 95 -20 -84 -37 10 71 59 81 -74 36 55 -4 40 -24 2 -31 -66 -84 34 -56 -35 -43 18 -16 96 -45 -23 26 -69 15 24 17 -22 56 49 76 -27 25 -99 23 49 -18 78 -89 88 -12 -40 -31 92 20 72 -16 77 87 -74 97 -71 9 -78 -41 81 -30 96 52 8 -2 29 0 -32 60 -10 -97 33 -1 11 12 66 -56
36 -24 -14 79 -29 -36 -14 15 -26 -45 -5 -24 93 31 -42 -19 28 40 -87 95 -77 31 42 -2 84 17 -83 54 -4 -14 28 -55 -9 -52 44 -67 3 30 1 15 62 -40 -86 37 -33 0 4 24 78 -28 -32 -54 73 6 -42 57 -84 -46 -68 84 -14 -49 17 -6 -98 56 64 92 -3 2 34 33 -15 -44 47 2 84 -25 -39 -19 62 -11 83 77 18 -22 -63 14 -92 17 86 78 -29 -96 -62 42 38 -66 80 -16
-6 -28 -78 -47 -21 -77 -70 -58 53 47 -33 -86 -14 -59 -50 -55 23 -23 -83 -64 97 46 -91 6 99 85 12 -74 76 -73 21 -40 -28 7 -42 96 13 43 94 31 -23 90 -77 96 32 12 -51 -50 60 71 -82 -18 -25 -6 86 -86 -82 -66 27 31 48 57 66 -76 -6 -48 -32 99 -93 -65 -4 15 95 68 12 -35 -6 -46 82 41 56 46 10 6 -1 -90 -27 -54 69 -62 84 -100 78 99 -97 -39 -17 -82 -91 -3
-96 61 10 -51 -55 35 -37 -43 78 56 -53 -34 82 -97 -71 22 63 -51 56 -74 85 0 26 29 -74 -6 20 -6 -49 -95 -52 -13 -46 -90 26 16 48 81 61 80 -10 19 -33 58 -52 84 -34 70 -45 -74 48 77 91 -79 1 25 2 -9 56 -53 43 85 52 -100 36 33 -42 -82 -47 -85 -76 37 -29 -83 -88 -31 -40 -11 -19 -19 63 54 -77 59 99 91 -6 -11 -36 32 75 -96 58 -15 -14 -99 63 19 -29 -42
-20 -50 5 77 1 93 43 -85 7 -8 46 35 64 99 4 -68 72 77 50 -45 93 79 27 -53 92 -34 -16 -16 -29 14 41 16 41 17 -63 54 22 65 -43 -28 -93 -1 79 -77 34 78 -63 31 84 50 65 86 -90 73 11 50 -32 41 -57 -47 49 -19 86 -32 -27 85 95 77 7 -6 -14 -70 75 22 67 81 -12 66 14 88 -82 -37 -73 75 -10 -81 48 -48 -97 -48 -7 40 -74 -77 62 14 41 -50 60 53
52 -79 -22 10 -32 -49 -53 -100 -43 44 52 87 94 -27 -38 37 -89 99 -64 95 -100 -38 56 71 60 -48 -43 97 71 30 -12 -69 35 34 -8 -11 -40 -45 -6 -20 19 -24 -87 13 55 -85 -89 30 -6 89 48 49 15 93 41 76 -59 -15 -71 -88 -81 -75 -13 59 3 16 -74 -80 9 27 -95 20 -54 49 -69 -85 -9 79 -18 -34 35 -67 -56 -89 11 -5 4 -37 -34 -29 33 -91 61 -56 -52 54 -11 -60 -19 -53
70 -69 -36 -85 -6 -37 -44 48 -37 93 53 9 86 35 46 32 5 90 -5 -92 -16 94 91 12 -56 -52 -43 64 92 73 -89 21 -68 68 65 -30 -16 7 -52 -49 -19 97 -14 33 -69 81 72 95 4 59 23 80 73 -97 59 -69 86 -19 -98 94 -67 20 75 78 -19 70 -76 79 -56 -8 50 -85 29 -68 -80 -91 12 -97 -68 -27 89 -99 -17 97 -83 27 50 54 -82 48 41 87 -32 89 -23 56 -74 -96 77 -80
-93 89 -98 44 -25 -75 36 -35 -50 84 -93 -42 -78 29 -73 -41 95 -17 -14 51 45 -7 -98 76 99 87 23 -30 70 -46 -100 24 25 35 17 66 -100 65 -59 -75 -15 72 -19 -47 -29 -39 -7 56 56 46 -68 69 -71 -15 -26 3 -69 -77 72 72 -7 -98 69 -23 -20 -58 -85 13 -98 48 -66 31 -17 37 79 -64 -91 -15 -61 -76 41 50 -5 45 60 76 56 98 -13 -41 1 1 40 -14 92 84 -77 73 -17 -1
15 -7 -44 58 -34 -14 -49 65 -88 28 31 -47 66 -54 -81 70 -5 65 -55 43 -23 81 -50 -43 78 83 -17 9 47 -84 -15 -55 -2 31 62 27 -9 2 -69 77 -46 57 97 99 94 8 43 -87 -95 10 -88 73 74 -80 -28 -58 -8 -45 37 34 10 -23 36 -48 -91 9 99 -19 -35 -41 -53 -12 -78 -71 54 49 90 -3 30 60 77 14 31 60 10 -41 -41 53 19 63 -12 -86 29 -44 -68 -32 71 -19 -16 -43
58 55 59 63 -88 -31 88 -90 -83 -50 67 50 0 -22 47 -67 72 -64 61 -83 -91 -69 -35 -56 -43 36 32 67 30 -54 58 -51 17 -51 7 77 0 -25 94 -86 -80 -82 17 -93 84 -53 35 71 75 38 -81 -7 -92 18 65 -1 -69 -49 18 94 29 -31 56 81 -82 74 79 -36 -49 -37 15 -90 -56 70 -67 36 96 79 -42 -51 8 96 51 -44 -23 8 -86 -99 -4 32 75 -84 84 -11 92 -5 3 -58 82 95
96 55 19 -43 75 -8 85 10 -60 -64 -87 -66 -24 -84 76 99 86 -51 -15 24 47 -46 66 81 7 -93 -31 45 -72 24 -7 -78 -41 34 -65 60 81 -23 -8 93 37 65 -9 29 55 -31 99 -42 32 -63 -5 -72 -48 -98 5 47 52 5 -49 26 -13 74 -19 83 67 -71 -18 -39 -68 65 59 -73 66 -38 -75 90 87 -4 -86 12 49 9 -80 -92 7 -28 -58 59 -22 53 98 -91 -1 32 25 -10 9 -51 2 59
-4 -48 -60 -62 -62 32 90 47 13 -26 60 51 82 -22 -8 -14 -62 53 -1 59 89 -92 -45 93 28 26 -60 46 -61 -86 -58 -100 -75 68 42 68 93 -85 65 55 93 32 -96 86 -81 -93 39 -16 -58 -85 -25 -74 -83 78 -16 -79 74 80 -63 -18 -69 71 93 30 6 7 -27 18 42 44 96 -90 84 -3 -87 -58 53 -24 47 88 34 -99 62 -97 -97 25 -92 -89 -11 16 -17 67 -7 31 -42 54 -65 -36 -6 -2
85 96 32 -69 86 65 7 92 54 1 12 -15 -16 14 40 -72 83 83 7 -64 66 -65 5 84 -60 85 29 36 41 -7 74 -83 31 1 -30 -28 -35 -69 58 -76 -39 34 -51 -19 80 -75 -88 53 20 94 83 35 -16 -55 75 -53 11 23 -93 -70 -93 -96 -51 75 67 95 37 -74 96 -98 70 -3 -73 -23 83 95 -89 -89 -63 -38 -55 75 6 -92 77 82 -66 51 48 69 19 11 57 19 79 98 22 -4 14 10
-58 -48 -72 45 57 3 -54 88 -20 -35 14 21 -58 41 -46 55 -80 96 24 61 -89 0 -80 -86 75 -59 -65 -91 11 47 89 -97 12 -24 -44 20 76 -60 -15 -68 0 94 -1 -26 78 -59 83 84 -39 -93 66 61 13 37 1 34 -65 14 -27 20 0 -37 -51 79 -89 92 -28 0 -70 93 -19 -34 -47 54 -61 -19 -71 -80 26 78 30 74 16 -26 75 -82 -66 -87 -63 5 -52 -70 -7 -62 59 69 -9 14 -17 69
44 36 61 -98 -86 28 9 66 -11 4 55 45 93 19 19 -76 -20 -78 -69 -1 44 -44 20 -9 12 97 23 38 -7 36 13 -65 24 -69 -16 50 -93 -35 -53 44 37 -3 -39 31 -12 -32 68 28 30 -45 -94 -89 -25 -38 88 88 -63 88 76 82 92 14 -8 -77 15 11 -79 13 -22 97 -76 -23 -73 7 83 -17 76 -10 61 45 -45 73 -100 98 22 45 -85 -86 -25 -32 93 98 -36 -3 -40 31 35 -84 30 35
-98 -81 44 39 -93 -74 -96 -30 23 29 94 -16 -92 -79 -30 -55 -51 15 -39 29 -88 -72 67 -63 42 43 -70 57 8 27 -19 64 0 -64 74 94 34 8 5 -25 16 72 40 15 -100 -74 -64 96 43 -95 28 -87 25 37 71 43 67 -98 59 39 17 -89 -100 45 -23 70 -30 71 -41 5 28 83 3 -1 -82 43 10 37 -13 -15 11 -9 -7 10 -37 67 1 -41 34 -83 67 -32 -93 -73 -10 52 29 49 -94 74
-30 48 78 -39 -75 -85 -90 27 -57 98 86 79 47 7 23 -90 -13 -67 23 -25 -97 42 28 18 2 -3 16 -44 -57 -94 47 -72 -72 74 78 -37 9 -25 -24 -39 -30 -52 -63 19 35 49 85 54 -25 24 -10 11 83 29 32 -67 31 -24 54 -33 69 -84 23 -34 -28 -19 99 17 -10 -87 -16 -72 56 -44 -14 -2 2 -3 83 78 76 56 58 88 96 -96 39 63 -17 -78 -27 12 27 1 -68 54 88 72 14 -20
56 -45 75 -79 66 92 -100 27 -51 86 -21 26 78 29 -38 -28 -12 -93 33 -86 -34 49 11 68 -37 -49 -47 -21 47 0 -68 20 -83 60 35 1 32 -10 11 42 16 63 81 -54 24 -30 52 28 76 -7 -41 23 -2 92 22 -77 30 -72 -17 -60 81 27 94 60 -15 76 48 73 -25 11 79 4 25 -40 42 23 -45 -82 99 21 -73 89 -4 78 22 -85 81 -6 68 74 -62 -75 51 -82 -83 -23 -44 -32 15 -59
33 45 -76 50 -32 86 50 68 13 1 -53 24 9 42 -16 32 -81 -90 -14 -23 51 97 -81 97 36 55 -19 -55 -30 75 -53 1 -23 56 89 57 -4 -86 -91 50 55 -20 9 22 -12 27 -66 76 -9 36 -51 34 42 -57 -39 72 -21 43 55 43 -66 76 59 59 82 58 -84 74 -81 -31 -69 44 -16 -55 92 4 73 -72 -48 -78 8 26 -25 70 64 -20 98 62 58 17 -32 -63 -79 59 -56 -12 18 73 62 86
52 -8 -71 97 -85 98 -68 97 45 49 -16 76 92 34 -75 4 78 -56 40 30 74 66 28 56 65 53 -11 -91 15 -46 -88 -77 99 43 -55 -79 82 -90 79 45 -83 42 -35 82 -83 -79 -98 49 -83 -27 -2 -60 -4 38 91 24 -53 -83 -58 -20 -49 45 -73 -9 -46 58 36 -28 -6 -7 85 69 35 23 -90 12 -77 71 99 43 51 -88 -72 94 -85 91 11 -3 97 99 -51 77 -54 69 98 -34 -15 -97 -84 86
10 78 91 -3 25 -41 -6 -89 -20 70 83 -99 -81 -65 5 -55 -78 -13 -78 89 -45 17 48 88 -9 10 47 57 32 -32 -11 -66 -59 77 26 -30 74 -53 17 29 -100 -83 1 -14 23 57 -13 93 -2 0 -17 90 1 59 -41 49 51 -95 23 -17 -69 -21 43 68 -79 -26 -93 -41 -19 72 15 0 61 -32 -10 -80 -3 -26 15 7 25 40 -22 -56 75 -28 -93 37 15 -28 -75 -40 36 -42 -38 -65 -43 7 62 72
-87 -37 60 -40 11 -2 -95 -6 -40 -39 -62 14 -1 95 96 -37 -73 -79 20 -98 -8 67 -10 -52 2 -42 26 3 -50 50 58 1 -34 -14 -48 -99 56 -54 76 6 -55 -42 11 -94 43 -27 8 -60 72 44 -4 -91 83 -61 99 54 75 40 -84 -28 90 -76 -3 17 -25 -22 -71 -83 64 56 40 -78 -26 5 75 -84 2 5 -97 82 -53 -63 -1 11 -3 56 -38 98 77 -62 -21 -35 51 85 -24 -42 -69 14 -45 -14
23 -79 77 -5 93 8 -36 27 89 -45 -89 77 -58 8 81 -36 93 18 35 18 -82 38 5 96 24 5 58 -66 -35 69 -94 79 -10 53 -11 -53 -34 19 -70 21 77 36 36 -56 94 -24 23 60 -86 -49 -36 -10 99 47 56 -59 -52 -63 -25 95 -50 -51 74 -9 37 -62 9 57 -45 -87 36 -85 -75 75 91 62 -93 -80 -9 93 -54 -90 25 53 53 -54 -62 14 62 73 55 -60 -45 77 -25 -57 32 -13 46 -80
91 -6 58 -14 -3 78 -30 3 -38 -59 4 39 -24 76 32 -17 42 -73 35 82 0 -84 18 -55 -19 -60 45 -64 -41 -50 75 -82 -87 -51 -54 55 93 -2 7 -25 -77 -72 -9 30 -40 58 -14 -84 -51 -100 48 -35 -34 85 -74 77 55 39 -92 -71 -74 96 43 67 -74 -21 13 86 18 -80 -58 -79 -24 62 87 97 75 -36 19 38 -1 81 87 82 39 -72 2 28 -35 21 88 15 60 -65 -27 -88 60 14 53 64
-89 98 -90 -96 67 60 -47 87 -85 78 92 -91 -80 10 25 -60 -19 19 93 17 95 80 66 -77 -63 35 4 -7 -82 -8 79 76 -76 -92 5 -7 23 -13 2 38 78 -42 60 70 13 34 -81 48 -23 -44 76 -78 -1 -30 25 -6 96 -52 -15 -7 37 0 34 -7 -88 25 -79 18 28 97 -7 73 67 29 -1 -99 64 7 -7 92 35 -46 -99 -9 29 73 -72 94 -28 9 -9 65 -58 7 46 -53 -50 -36 63 41
-100 -10 -64 80 3 -84 -24 -15 20 9 -37 55 -4 -48 37 90 85 -91 -54 18 -69 77 -55 11 96 -18 -35 70 -47 -90 21 0 -28 -50 29 -93 -29 -57 -5 41 -3 97 59 64 1 22 88 -47 38 -77 73 14 -32 -100 -60 -52 -18 85 -97 -61 57 65 37 -63 -25 2 -36 24 7 64 -37 -63 0 -23 -24 -18 88 -74 -6 -33 -54 78 -79 75 89 38 87 -67 -28 -1 -67 36 50 64 74 9 -96 -66 32 -60
-65 -48 -59 -71 -33 -54 -43 54 1 -76 39 -62 -46 32 -89 -32 89 83 79 -89 60 85 -66 -1 -86 -94 -89 -96 53 7 -82 50 -87 62 -8 24 -17 -100 19 63 10 36 11 31 -22 78 -36 -83 -52 -92 88 27 35 -54 72 -70 78 58 -55 -66 -90 -84 -95 87 -67 -16 -87 -31 33 47 54 62 -15 -33 92 -54 20 -61 -79 29 -52 -29 -83 -14 26 -98 84 76 -74 10 2 -82 66 76 60 -51 -6 4 -10 79
64 -34 6 -47 17 -81 55 24 -57 -80 57 -87 -79 -64 -79 -46 3 -100 80 48 -18 28 -48 -69 57 96 -52 15 -99 85 -7 11 96 18 16 75 -27 -59 28 -60 -56 99 90 -68 84 -69 73 94 77 -77 -74 -47 -10 43 -28 46 -31 -7 18 52 93 68 2 41 -38 -73 -69 -38 -39 1 83 -51 -34 -29 62 39 56 97 -62 50 -74 13 -34 -49 48 -37 -49 92 -20 44 -95 68 44 76 31 85 84 -29 -91 46
-72 41 -38 -21 20 -51 62 11 3 -36 54 -2 95 88 -1 -61 -39 -26 -64 -35 -84 -45 12 -97 -52 -61 -57 -65 54 39 -32 82 -43 74 92 -86 -44 52 -83 -19 47 -32 -66 4 0 -5 90 71 -9 60 34 57 -19 -97 96 74 -19 78 -54 59 -96 87 40 -25 -5 93 -55 -98 -50 62 39 73 -32 86 73 -74 87 -34 51 83 -96 -35 -52 -30 22 -52 -4 -30 -70 -100 82 -73 -74 84 -77 64 -47 -52 -26 -21
-52 -23 -7 70 -3 70 -54 84 -55 25 8 -39 88 -99 -23 -27 -10 -37 -4 64 81 -21 61 -89 -74 -78 -1 19 -47 -20 68 -24 -58 -25 93 49 64 -4 -2 -30 -70 83 -24 -81 -83 -32 47 17 -40 52 -96 -58 36 -45 22 26 -99 -54 -93 25 -16 53 98 27 -6 75 -73 67 -83 20 24 -29 50 -53 -73 -67 47 -36 -84 38 78 -15 -45 68 94 -8 9 -23 -75 66 -2 -3 -69 -100 83 -78 -78 22 84 -38
38 74 -48 49 90 73 12 69 12 -99 -69 74 -43 98 -74 -76 45 -7 62 -80 -20 -74 -66 89 -98 -3 8 -68 73 -66 81 3 -91 75 -46 -6 -84 79 68 42 47 -11 -24 6 -42 45 -63 77 66 -18 -56 26 68 -20 42 87 -38 -45 -11 -7 -65 5 5 -78 -74 33 -1 13 -40 -40 96 -31 -91 -34 77 -30 -28 -13 73 68 -65 65 -41 -59 -93 -25 85 -6 -86 85 -53 30 -32 -20 -78 87 44 86 30 -56
-81 29 -2 -23 -31 -28 18 -59 44 -12 -37 -72 -29 -8 -100 95 -86 64 -4 -80 72 -99 -16 -64 -94 -2 57 -90 89 74 -75 53 89 18 -72 -60 44 -70 26 51 -72 64 -15 -52 99 -55 13 36 -45 65 -98 19 81 -6 -2 -28 7 -24 -91 28 -20 33 -84 82 23 -100 13 17 13 -13 -12 90 48 -9 -90 -39 97 -29 -74 -69 -91 -30 -71 91 43 -39 5 -78 82 94 84 36 -25 1 -83 -1 28 -20 82 60
95 -6 0 -1 -90 56 37 30 -54 -88 -50 -53 95 57 -3 -17 9 -19 -65 71 94 -69 40 45 -25 -56 -56 86 -10 -57 45 97 77 91 80 -15 -5 -95 -32 61 -100 47 8 9 -92 52 -64 75 45 36 -65 -33 -55 -73 -99 51 -8 27 -70 -46 -24 32 -26 -51 -92 38 28 22 82 -84 -82 -1 -65 96 -13 42 48 35 -98 -79 85 -49 -10 31 -2 -84 26 -73 4 33 -90 -40 -46 -38 91 83 87 38 6 -8
-72 53 -60 41 44 66 -54 92 67 -41 40 -76 -55 -34 16 97 -97 74 -26 28 -26 60 41 0 58 -49 91 30 -37 71 97 24 -72 26 -48 -90 57 -66 2 75 70 -55 -75 19 -22 36 68 -1 33 24 62 -14 16 -40 62 70 34 46 -92 -69 75 -10 -59 -20 -55 46 88 26 -94 23 61 -10 30 -3 -80 55 -11 -99 1 71 -88 82 21 -11 -17 -43 43 60 -5 6 35 98 -66 5 64 -92 -73 91 0 -69
-78 -18 37 -19 80 -79 53 35 3 28 -35 -6 21 15 81 2 26 5 54 -60 17 -36 -10 -41 -43 -3 -83 -71 59 -43 22 56 1 83 -72 46 -67 82 16 -20 -60 -5 -63 6 81 74 12 51 -4 -95 -96 -38 -64 -55 -3 -11 -14 54 -52 83 56 -8 -95 -46 66 -29 8 73 52 54 -9 -49 96 -94 98 -62 -58 -72 76 -64 20 -26 58 -29 49 -61 -35 -58 32 -4 -62 9 -7 -9 -92 20 40 -32 -97 -93
-78 -10 25 -50 19 87 -58 -66 -15 -53 -41 -57 -32 88 -52 -35 93 1 -94 19 23 30 -70 -7 75 -21 23 86 66 -67 74 96 48 18 74 71 96 40 -90 -59 -7 84 -81 -64 -8 71 39 -6 -66 -75 -24 -1 80 93 -44 -29 63 -70 -76 -7 -50 63 -52 29 -87 -52 89 14 82 -19 -15 72 -86 84 -83 51 6 29 74 83 71 2 13 -70 -100 -45 15 11 5 -60 72 33 -96 58 -30 -71 -81 34 99 -76
-96 -16 -61 64 -63 -11 -58 -66 -75 -12 39 79 29 -96 -44 1 -38 18 51 -99 -57 -46 -10 -68 -15 -59 -21 -14 72 -16 38 -52 17 68 -99 16 -44 28 -67 -68 96 -15 -35 -21 2 89 61 38 -62 92 80 -66 -76 33 35 -9 -15 18 8 -99 -97 -33 -78 59 -32 9 -66 -83 -80 -79 26 66 -30 98 82 -64 -19 -42 -18 37 73 -3 79 79 87 59 -79 -45 -29 -48 39 53 -67 -1 48 -61 -55 27 -7 -46
63 29 4 17 48 -82 25 8 -86 -60 -90 -4 -89 -81 -23 38 -53 46 -17 -18 87 18 32 73 41 34 -53 8 89 -3 -4 -19 -47 97 64 3 -42 65 22 35 71 -17 95 71 70 -12 -89 64 45 -41 -3 -56 49 -56 -27 -59 43 99 40 42 94 54 63 -3 97 -75 -84 84 -40 -59 -13 -22 -75 -79 56 -60 -43 69 -84 2 -76 -53 36 -68 1 -69 49 -41 72 -16 -94 18 72 60 -14 31 40 63 90 -44
-78 -6 -9 21 22 -8 -76 3 86 11 -64 -86 -96 -68 73 -5 -10 71 97 -41 -11 -80 7 39 -1 -20 24 9 28 -27 -54 -82 -12 -84 49 3 -51 18 -45 36 53 17 11 98 -42 -28 -52 -28 -37 -17 -72 57 -48 6 -52 -97 74 -63 -11 -78 -23 11 90 -90 -26 -12 -17 -62 -7 -88 -36 -100 -98 29 0 61 -44 -20 -94 88 -82 -58 -12 88 -8 -69 94 -70 -70 -23 6 -29 -53 -89 -71 -31 5 63 -16 32
-77 61 -24 -96 18 47 2 -70 82 -82 33 -79 -18 42 41 -71 89 46 37 73 70 8 1 -9 -31 72 -22 16 -89 -7 -39 -15 -41 -23 23 13 -97 46 49 47 -21 -63 26 -59 -39 -27 -23 35 74 81 34 -45 -51 22 -95 -19 63 -54 68 13 -73 -32 -6 -63 -8 -32 -83 5 -96 98 -76 -7 79 -62 -60 69 60 -33 -64 2 -26 60 16 31 77 91 95 51 84 -75 76 -1 -20 -82 -30 -43 -83 -1 75 69
33 41 -53 -44 8 48 -90 -13 -98 86 40 1 16 -25 52 69 15 -99 63 -26 -86 -15 64 -27 -74 28 15 80 4 -30 -39 2 14 -24 -15 -75 -52 -16 58 40 39 50 39 -13 28 80 0 -62 49 -45 19 51 41 17 17 49 76 -98 57 -31 61 -88 79 37 -16 34 -80 85 75 51 -8 -21 76 15 77 -71 78 -39 -92 91 -26 -97 65 -84 34 -71 45 -71 81 69 -75 -37 25 -85 -74 30 -46 -88 80 -82
75 -19 3 -56 99 -68 -40 -76 2 21 12 -57 -3 -97 -5 28 -85 -66 84 -23 74 -14 -28 62 -29 -16 -87 48 30 32 -91 -38 30 5 46 20 49 -99 -77 -52 3 -63 -81 89 -37 66 -29 -60 -57 98 -9 83 13 -66 -99 -68 74 74 27 20 71 54 -56 -1 -11 -84 -24 -77 23 78 -51 22 -96 -92 80 72 -92 78 -28 -44 22 38 61 89 69 -31 80 96 66 -82 -23 -55 -55 -51 -9 92 77 60 38 -79
-38 35 -43 -21 -45 88 69 -2 67 -53 93 12 -19 -6 -63 7 -13 -88 -8 59 -69 95 -62 53 25 43 -96 -22 -1 -9 -70 65 -32 53 80 -59 -87 3 -91 -32 67 -41 9 -59 -19 -7 96 -40 -75 23 -63 -98 -80 -67 -45 -36 17 -29 -36 42 -42 5 86 32 78 -49 57 -82 94 56 17 83 -20 58 -53 -18 71 63 19 -83 -59 25 -7 -30 -56 -52 16 97 0 -77 -63 -30 33 53 33 29 64 43 -14 64
-61 49 -21 -53 55 49 58 -45 -1 -72 -12 4 12 -56 -23 -86 36 -39 94 28 76 -82 -28 -68 49 -62 37 -31 41 98 -93 -80 -30 30 21 39 -80 -69 16 94 22 -67 -60 66 -74 -62 -17 -70 -10 55 -14 -15 66 59 -77 -13 21 -98 21 -96 45 76 -79 36 -57 28 -39 -4 84 -2 -77 -76 92 21 -16 -30 -65 -27 18 -41 -85 69 80 -98 -8 -83 -98 -90 90 6 -39 33 2 46 10 -80 -29 -3 -69 23
-88 99 42 -43 68 65 0 -4 27 84 50 -61 77 94 -2 -99 69 -54 -39 -57 -40 86 -16 -36 10 -3 58 -93 83 12 49 -43 34 -84 -42 0 77 27 -17 -56 -42 48 46 -66 41 -67 5 -84 -15 36 -26 -1 -79 -72 32 -3 -51 86 -56 -59 -13 34 -6 -97 -44 67 -43 54 85 25 -91 18 -3 -27 2 -65 82 -33 -38 -47 -51 49 -53 63 20 95 -60 -14 15 22 8 6 -32 -37 -77 -71 -26 -97 43 -75
-68 -80 -80 1 15 -22 74 45 -59 39 95 83 -98 -8 98 -84 34 15 35 35 -83 84 -61 91 -30 87 -44 -100 69 -70 -25 93 -1 -3 5 45 -98 -33 -98 -40 -35 70 -83 18 0 31 -27 -8 47 1 -63 -43 -12 -96 12 -45 -37 28 22 -15 50 -54 95 96 -70 10 -65 -72 -19 91 21 -84 -13 -44 34 -44 -28 -78 53 62 -76 -6 99 -12 73 -99 33 -53 -7 -16 46 46 69 -92 92 21 67 39 -91 -32
80 -85 69 51 70 84 95 -78 3 -2 88 77 38 -95 -20 39 97 -34 83 -71 -21 97 64 64 -73 -38 -71 -54 -44 -37 -51 -88 99 70 -58 71 37 8 33 96 8 36 58 -88 51 -29 65 47 -8 -1 39 41 10 26 -20 -76 29 33 88 -8 13 -46 -80 -46 -37 -27 -18 -54 -49 -46 -73 48 67 -11 4 -40 -11 -63 99 19 79 41 -24 -21 15 -39 12 54 96 55 5 -24 -32 16 88 -68 -53 -59 95 -27
-14 -98 80 0 -62 -23 69 49 -37 -42 89 62 -75 -47 -27 91 11 -8 -64 83 90 41 25 74 93 12 16 58 31 -35 -56 -98 -84 -40 89 -67 -64 20 -95 65 51 89 8 -32 -13 1 39 -41 -44 -58 82 -6 -3 -76 -14 88 -61 -53 -61 -56 0 -54 -25 -92 -61 -33 58 -35 -13 -60 -55 -60 14 -84 -47 -26 14 -65 97 -71 -65 -61 78 -29 -47 57 41 12 82 -1 -20 98 -11 67 -94 -83 -41 -87 86 -55
-91 -18 17 -7 37 59 59 -63 53 15 -48 -35 -46 -28 -26 -44 83 -1 54 71 88 56 18 -58 13 -46 54 -82 76 -81 -96 87 -38 -70 55 -37 16 -30 18 47 -48 55 -47 -78 37 -1 12 -12 -37 84 -41 96 -87 -25 84 77 -43 25 -19 -26 -53 79 0 80 67 -40 -95 99 -62 88 -84 28 -7 39 -43 -89 -18 -34 -38 -27 -19 97 -69 77 10 81 54 64 -45 3 78 -44 -66 27 93 28 -92 34 -92 -46
67 -31 40 28 -70 52 14 -30 67 -73 -2 35 -97 80 0 -92 -88 -85 24 4 53 -57 12 31 -21 75 -23 -82 45 -4 58 -28 -57 -54 -17 39 -5 -46 -75 -13 -84 -27 38 -27 -34 92 55 -14 43 0 30 -71 68 26 53 17 -10 -24 -11 47 69 -22 -25 23 60 50 -46 96 -20 -76 -17 -30 91 -11 -16 95 -74 -3 13 -46 87 19 -27 -39 8 58 -84 -82 25 42 95 -96 86 0 66 -45 -92 7 -72 -55
60 -26 -99 81 -43 -84 -1 59 -55 10 78 85 75 72 97 67 -57 64 10 -21 -88 -66 -80 -73 -76 -2 85 -29 66 -7 -97 -71 -34 27 -84 25 93 -43 28 -27 5 50 -41 -10 -78 65 97 -4 -31 18 76 -76 86 23 -50 82 47 -62 6 -75 54 33 18 11 34 -61 -97 94 22 20 28 48 96 -20 46 -68 75 12 -46 13 -44 51 -26 99 46 42 54 -60 63 50 -26 43 -77 52 56 -36 -89 -29 -6 -78
39 71 93 -69 80 -99 -47 98 -58 40 -12 -5 -28 48 -97 99 -12 68 6 -61 -43 -23 -85 -63 -81 33 -46 54 4 96 17 -45 -73 -18 -54 -29 -7 21 -35 -28 65 -6 71 3 -88 73 -39 16 -31 -81 -60 60 -2 62 20 -98 98 35 91 93 91 -61 -13 -82 -54 -97 -55 -93 -77 -53 -77 -94 -62 43 40 49 15 97 4 12 -40 15 8 51 34 36 40 30 -65 28 94 11 -24 -16 61 -17 -60 -32 98 -76
-39 27 -94 -57 -9 37 -44 83 -49 -94 -20 48 -78 -17 -42 -40 -94 31 66 -97 0 -97 -56 -23 25 -13 15 -2 65 18 -57 3 24 86 11 11 41 -90 -18 75 61 -94 10 53 -49 -70 -24 48 -45 -84 -47 -42 -76 18 10 -94 -81 -47 -41 32 -37 -15 7 -36 55 35 85 69 91 -2 -2 -88 -4 -67 -72 15 -22 -70 79 -55 40 -32 -85 72 -56 -61 76 60 -54 26 -5 -24 94 -38 85 7 -77 -91 49 7
84 17 20 95 6 14 -66 71 74 -33 -95 -13 -93 79 65 -18 13 -18 52 -25 -63 -25 -26 22 18 83 -5 60 53 -58 32 97 49 -100 -95 -65 72 78 87 -45 55 -53 -1 62 97 29 28 39 72 42 -34 -63 57 12 81 -10 63 -22 -83 -46 51 22 -66 41 35 76 -91 -69 52 66 25 -89 74 -11 -31 0 70 26 -85 37 53 -67 79 -48 36 -55 97 79 -75 10 -5 88 28 -94 19 -34 97 4 -73 -3
-63 26 -35 91 -74 -9 5 86 -5 41 -28 -98 83 -28 -55 -45 50 -15 33 24 76 -100 0 78 -31 -53 -10 -21 -50 -70 83 -23 -74 58 57 86 19 -44 73 -44 -96 74 -1 54 98 -5 -53 4 47 -73 58 -40 73 61 6 92 -2 96 -31 -90 -33 84 19 8 24 65 16 -81 -73 11 26 -52 27 -60 -1 -86 73 36 5 95 31 -90 39 77 74 -16 -35 79 -99 -43 -94 74 62 -57 89 -28 54 -3 40 -54
-17 -31 -67 -73 -42 -85 63 47 84 -59 -41 71 64 -62 -75 -46 -41 5 -76 11 61 58 -53 60 -60 38 -33 -81 -54 65 11 74 -54 22 81 87 -17 73 96 -77 94 -8 -72 -17 81 43 -6 95 8 69 -18 -61 -30 34 35 -37 14 -16 57 4 82 35 -8 -41 -39 -58 29 -12 -66 -100 82 -19 52 -1 -22 80 -58 95 51 19 59 45 -80 66 -66 40 6 -39 -93 13 -26 81 75 -40 -79 97 42 -7 1 -99
-51 -67 57 -41 35 -18 -96 24 89 12 -7 -80 -57 93 82 -60 74 26 -41 10 -52 -14 -43 17 36 -31 -39 -89 9 -58 -65 -89 25 -62 -12 -71 23 17 -46 -35 -44 -61 -66 -8 -24 56 90 -63 17 90 -39 -42 -83 65 -81 -11 50 -15 -46 -2 -87 -38 52 10 49 41 39 -85 42 22 -20 26 78 55 -3 8 -72 -96 -1 -79 85 28 2 -30 -36 11 -29 -77 -13 -27 -7 -95 -74 33 49 11 -90 39 -16 43
9 -38 -13 -76 67 -87 -97 40 -7 59 43 98 48 -47 48 -4 -71 38 29 21 -44 59 -30 -48 -37 -12 83 91 87 -35 15 -100 77 96 71 46 -73 58 66 -79 97 -76 70 76 -17 -46 64 87 -66 -11 49 -93 -97 76 76 75 60 75 -63 -73 -65 -83 29 -33 -83 -8 62 -63 51 44 61 -19 -51 -51 66 30 -36 40 16 -18 -33 -82 20 -96 82 -65 40 -79 74 7 -16 88 -26 31 87 22 -41 -92 33 -20
-18 12 24 16 45 -18 94 -23 -99 -20 14 -37 -99 -46 25 -94 5 -77 55 -5 -6 1 -7 81 57 -66 43 31 88 -6 -26 49 49 29 -5 32 -39 -42 -69 15 55 81 -80 51 98 99 -16 -37 53 -14 -7 50 -6 -73 59 -51 -26 -70 80 17 -47 -85 56 61 31 0 -50 19 47 -99 -39 -87 -32 -39 68 -59 -74 34 -6 -88 9 69 -2 44 34 41 6 27 71 -97 -87 44 63 -31 -59 63 25 -34 -77 -6
-62 -96 -43 -32 -31 71 -90 -71 29 -76 -86 -96 -29 -39 -5 -12 -33 25 -67 -31 -10 93 1 -97 68 -97 -77 39 20 -96 44 67 -43 -46 -96 62 55 13 21 -9 -41 6 38 21 37 95 73 -75 -28 69 -37 97 -47 43 -53 -47 -49 -17 -19 23 -46 -24 3 71 -56 41 84 -73 75 42 -76 -64 -86 -35 -23 92 -45 -81 81 -37 85 -5 36 11 16 -21 -93 43 76 41 68 85 -62 -38 72 -59 71 63 14 -70
-37 81 0 -43 53 41 -66 44 34 -94 57 73 42 -95 86 71 25 3 -23 3 8 -11 -37 54 82 -82 -72 -35 5 95 -21 -94 3 -38 -22 50 -51 -14 -95 99 -40 -98 -91 -69 -76 21 -93 -91 73 -67 -56 46 -7 -83 26 -78 -7 67 17 -37 -92 -1 -48 31 -11 -22 -99 -19 -7 96 5 35 22 -94 -13 -44 64 -3 -18 -71 -95 12 43 43 91 -82 1 -18 -91 -47 -98 64 28 -30 18 91 -97 -50 22 -49
-42 18 63 -78 38 -40 -77 50 -91 84 -24 -7 32 89 56 -66 25 34 -17 -70 78 93 -75 37 -1 99 -57 43 84 -20 -83 -29 65 6 -58 -52 82 49 41 94 -24 75 -6 77 -49 -76 22 60 -99 14 -6 -75 -63 63 -79 48 -50 -11 77 54 -9 79 35 -63 -54 16 79 -48 -63 94 -33 21 5 -31 62 -12 -7 -70 -52 -98 -92 33 -51 67 -1 -87 51 -78 44 -91 -89 58 -62 -63 31 -73 74 -58 57 -82
52 -68 -21 80 -55 -77 18 -57 20 86 68 -30 -85 17 -100 -13 59 -79 44 -100 -31 12 -100 60 -85 -71 72 -8 -26 -61 -33 85 16 -11 -82 -55 -100 -67 -6 -45 43 98 53 -48 43 -96 64 62 -60 -98 -77 -82 68 -32 22 -17 -73 -59 -99 17 -35 -58 -65 -7 32 -6 -71 -98 53 -50 99 -84 -83 -100 67 -53 84 -73 67 42 -83 -69 -22 30 9 3 24 -33 -47 -94 -62 -83 -52 -78 -80 -15 61 33 64 47
25 -62 28 -47 87 71 80 -91 -15 -3 -96 10 -54 41 35 25 37 52 -87 -62 -22 -64 11 26 22 -32 -74 3 16 87 -10 44 3 -93 -62 11 66 17 3 -96 45 -18 -59 56 -51 46 -41 71 77 -51 -50 -83 65 -69 26 33 -99 59 -57 24 -35 -24 37 89 97 -86 -26 -92 -65 -16 34 -15 39 -12 -56 -71 -13 78 -21 92 9 -21 11 -12 44 85 37 -78 93 -90 37 -85 52 79 7 -86 -7 -7 -21 53
-74 -68 -69 -83 -53 -46 -62 -4 44 -84 -53 -16 -39 42 -62 -33 72 -65 58 -50 42 -78 -56 37 -93 -74 -8 76 -49 -97 -83 -19 61 10 -11 21 -40 -32 -30 49 -1 -27 -54 -81 -31 -50 -21 71 -81 -22 97 -89 82 -43 -46 10 62 -37 -47 -50 -75 -44 -33 -12 53 -89 14 98 93 -11 70 53 63 88 -86 53 -95 95 -73 -91 -7 -38 73 -93 -39 36 -63 60 25 -70 -31 46 27 94 -9 -93 -45 79 -53 96
59 52 77 41 8 -97 99 51 -7 16 -93 41 -68 51 33 29 -99 30 51 45 12 -42 38 71 -12 -6 -43 -74 -8 -75 -72 4 -79 -14 -100 79 64 -46 -53 -6 88 -92 21 99 47 -57 7 81 -3 -19 -80 92 47 -9 75 -55 21 -37 63 -57 -75 24 -93 -34 47 -67 -24 -80 -69 85 -27 47 64 -58 -91 -42 -57 35 -54 19 41 62 10 -4 -14 35 85 15 -41 -60 39 -16 -62 -93 66 -29 80 -82 -86 53
62 55 -68 77 -46 -80 47 64 -52 25 -27 75 -73 -12 -70 17 77 79 -71 -33 86 72 -22 66 53 -72 -5 -4 34 -21 72 10 86 -4 -19 36 15 -49 22 -86 68 35 82 -60 62 -7 -1 8 95 -30 70 -4 -92 15 -48 50 -11 -23 28 -69 15 13 -98 48 28 -38 3 -80 -75 86 -70 -72 -24 -26 91 2 -82 48 -100 48 -7 -94 20 98 85 -61 84 13 -97 -32 -34 -88 -41 -38 28 34 40 72 -35 20
-38 -35 -3 -92 73 73 -46 -84 -96 57 -89 78 -82 67 97 65 64 -97 -89 -24 -92 -58 -65 1 58 84 74 43 97 11 99 62 -48 23 -91 67 -96 -4 -41 20 66 -2 58 55 55 -77 -86 71 -14 33 -75 -10 -7 29 -44 50 87 -45 -12 94 68 -57 33 11 10 -98 -50 -45 -46 -80 -70 19 34 -92 79 61 -67 7 65 -15 -57 -33 96 -53 -76 -84 46 27 27 69 86 -79 42 28 76 -74 -72 -54 43 32
88 99 -88 -19 -80 -98 -20 44 98 -51 92 40 -27 95 -12 16 43 -89 61 31 -67 -84 6 -93 -87 98 6 -81 85 57 -38 -43 -27 44 14 59 8 26 -66 69 31 21 -25 13 -19 -71 33 29 -64 65 36 83 78 30 86 35 56 -85 8 23 -9 85 -24 29 -85 -96 99 75 72 -85 14 -35 -83 85 -51 79 50 24 -41 -60 -74 57 -81 95 -65 97 10 16 30 -68 60 12 -85 30 37 -95 30 -5 -69 84
-36 -37 76 -77 -5 12 50 -20 65 24 33 40 55 63 85 26 -83 52 -89 40 -69 -30 -32 82 -15 82 -88 -88 -72 -61 72 59 89 -54 11 -99 -21 -39 -87 1 -31 51 -24 -81 27 -12 30 37 -32 26 -92 17 81 84 -4 -4 92 51 -53 -26 -57 -75 -45 -17 -64 -57 -88 -72 -89 -56 78 32 -49 -75 98 97 24 -36 -7 -77 -95 -41 67 -23 18 16 -8 80 76 -91 26 -45 29 58 25 -80 -58 22 55 63
-53 75 43 -54 55 -33 71 -66 41 47 -57 23 71 24 -100 78 -20 99 38 -20 -35 -87 31 -8 -71 -60 44 50 -21 50 84 -10 93 31 -34 71 94 -42 67 -74 -36 69 76 96 -55 -77 63 -31 78 -54 14 61 13 10 -5 87 26 -28 4 -55 -61 -80 -16 -34 -72 32 45 -75 -84 -25 17 -95 40 -25 24 62 -93 33 -24 -52 -41 3 -50 -31 -48 -13 -38 91 30 55 -17 17 -15 11 -63 -16 91 66 8 94
12 37 -96 1 -53 -71 56 -55 33 28 79 -81 48 1 33 -98 -34 -94 58 -99 -76 -79 -46 -100 48 39 -46 27 16 -2 83 85 -95 62 -92 -83 -61 67 -32 -37 -3 57 -98 92 -89 -62 36 -78 62 -75 -39 -66 41 98 45 18 -38 11 -87 66 69 -41 98 54 71 15 -79 27 12 -22 -64 1 -25 -5 20 -75 -34 -6 -96 -37 -87 51 -18 56 82 -51 32 -89 -29 31 -1 80 36 78 44 37 59 -44 -55 43
-50 -29 -43 28 -76 -16 6 -42 33 94 -97 96 -43 -48 76 -37 -61 -76 60 53 -5 -27 23 35 -85 -43 13 13 5 -4 -10 56 -32 52 58 6 -87 -56 -47 21 -69 82 45 -19 99 -42 81 -55 99 3 72 32 68 -2 -77 -78 -78 68 -84 92 26 93 -16 -54 -55 -53 -60 5 -94 16 8 26 82 60 33 -93 43 90 42 31 70 65 58 4 -18 -16 34 -1 -90 -81 -84 -24 -10 57 -28 -40 -13 -46 80 -23
18 39 57 -63 16 17 28 -52 19 -59 24 -42 -25 -44 -46 90 -70 29 -20 -53 8 -67 -67 84 15 43 91 -99 82 2 -76 -70 -35 -75 25 58 77 -62 -85 -4 1 58 -58 18 31 67 82 -20 49 -19 -49 -82 -33 -35 -75 -3 -89 -42 69 -77 99 1 4 -48 -46 34 51 80 0 -52 -15 -31 17 -28 -56 -61 81 -82 -45 74 38 45 68 7 -30 56 83 -97 -61 -33 36 -29 -33 3 -17 83 37 88 74 -51
-47 -15 35 -52 -19 91 76 -89 -3 2 -51 54 -79 94 -56 80 52 -19 24 -39 34 -22 81 -44 -39 86 -88 -37 -30 86 -98 75 77 -87 -21 -62 -7 -30 -96 -14 -64 54 39 -6 -50 70 -86 43 37 -63 61 -85 -57 -16 -27 -90 -23 -97 -18 -61 96 -74 11 55 -46 -39 -87 -39 62 -71 45 96 -41 -1 -45 -38 14 -95 -26 5 84 85 -74 13 39 -92 -33 84 47 -46 -30 -80 3 77 -48 58 78 28 -72 -52
64 -1 -73 94 34 30 54 -96 -65 -54 43 -58 -10 -90 -22 9 -24 -97 -76 34 52 -21 81 -27 -31 97 99 -98 -1 95 -76 -70 -85 -26 18 1 68 -58 -6 -49 45 -93 10 66 -65 21 -1 66 -87 -34 -53 -17 -32 -42 92 -90 12 76 17 17 -44 3 75 60 18 60 -40 -35 -4 94 -32 7 22 -74 -51 65 37 64 -63 -43 -78 14 -16 -56 49 -29 58 73 -44 -56 -53 -93 45 88 91 64 91 76 90 -15
38 -74 29 -74 4 -92 81 19 75 -58 43 82 55 66 99 1 54 -26 55 57 -15 29 -3 -26 -52 3 -10 -30 -71 -60 71 -44 -46 47 58 10 37 2 24 40 89 -90 -91 -17 -8 18 20 -17 -32 22 -32 -74 -100 -41 95 -84 30 67 91 -20 -67 -9 -34 82 0 -4 -67 4 13 -13 -46 38 -5 -98 47 -41 -31 82 51 43 2 -26 -92 -26 39 -3 22 -81 60 -86 -78 -57 82 -70 51 74 -83 -50 24 -60
6 97 -12 -92 43 -87 -73 -70 54 -90 61 5 99 -94 49 -69 23 9 -64 -39 -45 -88 -29 25 -63 69 46 -53 -31 17 -26 -67 -78 -14 54 36 72 -100 -96 -75 80 -75 -65 99 80 45 -43 74 -78 -96 57 90 -95 -7 -87 -48 -63 -56 38 -5 21 5 29 -76 75 -15 -96 -32 -84 30 60 74 -23 30 65 -29 -98 40 19 70 -87 52 15 23 -64 -99 -75 91 -86 -20 77 -77 -3 -20 81 88 60 20 -72 82
20 83 36 41 -36 -94 68 -41 -29 -79 -21 -44 -54 -54 76 7 -66 -9 -80 -32 56 91 24 42 -18 19 91 59 -77 54 46 -95 63 -55 -13 -9 83 -27 -9 62 24 48 -27 59 -26 -21 -65 65 38 88 -67 24 84 76 43 -16 -3 75 -48 -54 21 -94 -61 55 44 -73 -51 -69 66 19 42 -45 6 -94 88 -44 -34 -50 -71 -21 38 -66 54 -68 -75 -27 -79 -45 -76 12 -78 -99 13 -40 -26 -70 -51 -18 15 32
-19 -65 19 34 26 -64 25 -79 -84 6 -62 -3 -81 35 -80 55 -22 -13 55 -74 13 -19 -14 50 -36 -10 -83 -78 -16 -35 -76 -37 -13 33 23 14 -62 73 -32 5 -12 83 47 -77 -64 -64 -15 47 50 -17 27 1 -40 95 -63 -7 5 -34 41 -47 97 -66 -44 88 13 -72 -85 -77 72 53 -61 -43 -6 33 83 94 85 -90 80 41 -76 -64 -70 -19 52 27 -16 -98 17 -71 -93 -70 -42 -32 -48 -19 -82 70 -23 -22
32 29 -42 -44 95 -14 -43 30 -38 -48 -82 -47 64 -29 -58 4 -29 -93 -92 35 -72 28 57 -15 10 -64 48 12 -2 3 -80 27 25 85 -67 -12 -51 -15 10 88 26 -31 -32 68 95 45 75 23 -54 57 -31 39 -54 -92 53 83 9 84 -13 67 97 -94 65 -15 -17 -88 14 -21 -12 88 57 -66 -1 54 -55 -39 38 -19 -93 -76 -48 -73 84 -23 45 18 -43 -21 -64 -55 -80 -67 -5 4 -31 31 -88 12 -7 -28
-64 -45 45 88 98 94 -56 -65 3 80 24 -22 -47 53 -21 22 -32 -84 -60 60 33 -52 -18 -69 -24 -32 55 18 90 -4 -86 90 10 -42 -59 -59 -68 -63 -16 -32 46 -66 -65 -60 62 -13 -90 75 -93 -24 -59 -81 -18 77 -27 -61 -1 68 22 91 82 95 46 86 35 -37 -54 82 -13 -88 68 -22 -28 77 66 40 56 37 75 -83 26 95 -5 -2 53 -91 97 -8 37 -28 53 32 2 55 -87 -74 6 -29 40 -32
49 -97 -71 29 79 58 -1 31 12 -90 -60 81 -81 -50 57 -59 63 68 -94 51 33 54 19 -17 95 61 84 -81 42 47 -85 65 -42 56 -15 55 -98 -66 -92 -32 -91 76 -5 32 61 -66 40 -50 29 -66 76 -29 23 94 67 -63 -36 -58 -93 -4 -93 -70 74 -58 71 -20 -47 -100 -53 35 -72 41 8 -13 65 -6 33 1 54 -42 57 1 -82 89 -95 73 26 88 -26 63 7 72 68 55 -26 81 96 89 28 31
-92 23 57 -48 11 -85 -70 -78 -17 -14 51 96 -23 91 -71 14 11 -19 13 78 95 -51 91 36 91 -31 -45 -62 -61 63 59 -83 35 49 72 51 -82 -41 31 -45 -44 -94 50 30 -24 -32 86 27 -2 63 83 -17 75 76 -42 -92 72 -41 -60 51 7 -55 -51 41 78 79 -4 -44 2 55 -99 -52 20 34 -98 -33 59 -77 -50 63 52 -15 3 50 79 41 -13 -15 45 21 -24 -54 -8 -66 75 -23 10 67 -20 -11
