71 73 -28 -67 94 47 59 8 -63 -39 -32 82 52 -18 52 61 -87 -82 -38 -29 89 27 76 -23 81 24 -11 -6 -13 -17 11 -6 59 -19 26 13 -70 -78 -87 67 -27 -16 -53 0 -97 -27 86 -87 -68 99 -93 24 28 87 -45 -94 -28 77 -41 -9 -85 59 50 -64 26 -74 -93 -46 -71 62 -7 24 53 -4 -6 -41 99 -80 69 -27 -98 -29 51 33 83 -59 60 -100 1 -48 88 7 71 -88 -92 -71 -6 20 51 -32
67 -84 -67 52 -94 42 -88 6 59 8 -24 -49 -97 -64 -58 -15 -47 87 -38 0 42 66 -52 56 -93 95 48 -31 2 -48 -31 -34 -67 21 30 44 70 -7 -87 13 -27 -6 -10 -60 -27 11 -94 14 -12 -40 -94 90 16 -35 -92 -72 -72 86 -94 51 -96 -100 -5 -34 -15 -58 23 88 -60 86 36 62 6 3 47 68 -15 -39 52 3 40 -81 -78 -32 -66 35 -50 -3 -56 80 -18 46 12 -6 -31 -81 79 -67 -62 52
-48 41 -23 65 -59 -35 -32 -100 49 -37 48 -68 84 -60 36 9 17 24 51 76 -17 5 4 -54 -79 -82 -89 -59 2 -8 82 -45 -89 -14 32 -30 31 -91 17 -53 1 97 -73 -8 -26 -42 33 -6 22 24 4 51 -64 25 95 10 59 -57 -54 75 -91 -18 -49 0 -44 24 82 93 -22 74 -22 -49 98 -15 58 79 64 -41 92 -67 33 -73 -22 85 -87 -20 67 -54 -5 50 -97 -96 -6 85 -80 96 -66 -59 -62 -88
-70 13 -4 -44 4 75 -91 -70 -68 29 -2 28 78 25 0 77 -18 77 -75 -100 67 89 -9 66 0 96 4 -60 -34 75 -69 99 -56 43 -74 -86 -59 57 95 -27 -50 -76 20 88 -16 80 95 2 9 22 -13 4 7 -17 -5 -95 -97 84 76 12 -87 -49 -77 -74 -59 -7 40 -48 60 -88 32 -1 39 49 45 8 -4 -74 -12 15 -92 -44 95 78 -17 0 -91 -57 -82 84 -89 -15 -52 -66 -2 95 -68 -86 88 -40
41 -7 -89 30 -25 -54 53 6 -7 39 1 16 5 1 -89 -100 65 -43 61 79 -85 57 -5 -70 -5 -30 87 37 -63 -38 -24 -2 77 -10 -80 -5 37 -52 43 54 -80 -37 68 -85 75 -53 -74 -76 70 -57 57 32 65 18 -55 -24 39 -5 -26 92 91 -92 41 -68 -68 28 -76 -77 35 71 52 4 -60 -85 -47 46 -87 -22 -66 -56 19 49 11 57 -72 28 -56 -76 51 47 38 87 5 69 20 5 -59 -93 61 67
-73 -97 -24 53 63 83 72 -89 -73 -81 -78 -67 45 55 39 69 18 -44 -56 9 90 -37 -8 -33 38 -87 70 -57 6 5 -11 -96 55 -88 44 27 -5 54 20 -21 35 13 -26 -66 -8 -53 49 -8 71 47 -31 86 -48 -69 92 -87 -29 -82 41 -53 48 -70 -89 -77 -73 42 45 68 -3 -93 -4 -24 -72 -5 37 -63 34 -100 61 93 19 35 -56 -94 50 -91 -84 -77 6 21 73 12 77 85 -83 -46 1 4 72 -85
50 27 82 47 -94 51 -59 -51 52 -70 97 29 73 -60 -50 -9 -66 45 35 -92 62 37 98 -32 26 25 -51 94 69 -13 23 -80 21 -64 -6 55 -90 -36 -31 -23 -27 71 52 47 -97 34 84 -62 40 -26 74 87 37 41 -27 70 -34 36 -28 8 9 40 73 11 -76 -79 3 -93 -40 -5 6 64 79 83 -96 33 34 41 -45 32 -54 -2 96 21 -61 7 43 63 -78 -88 -76 -33 93 -48 97 -81 18 -72 -60 -22
-96 11 -40 -59 45 6 -62 -81 -69 96 56 75 -68 -26 -37 77 -17 -8 12 -93 -37 -54 34 -54 -47 -25 38 -69 -49 -63 -85 -6 57 -1 41 47 -60 -6 28 -34 -100 17 28 49 -43 -75 85 -71 -1 -21 -7 3 -34 -4 35 -56 35 -78 -76 -47 -96 30 14 29 81 9 51 -4 -61 63 85 -27 49 93 38 43 -76 -81 79 -15 66 12 -55 -10 -6 49 89 -67 -39 57 0 83 -36 -44 -6 -5 34 -78 66 -73
19 34 -89 65 44 -43 -68 -69 63 9 -32 -10 37 87 -42 20 79 -54 20 -3 -40 -13 -3 -27 -66 -93 89 -78 -71 -36 -39 -84 85 96 -73 -80 -58 47 -54 96 41 51 -31 -61 -83 -74 8 -26 3 -59 19 -87 2 19 56 11 10 -92 91 53 93 72 -25 -71 -21 79 68 0 -19 81 -70 -86 84 9 26 -87 9 52 97 -50 76 59 -63 -96 96 -39 -46 1 -19 -84 -3 -88 -48 47 18 -84 78 24 -69 -1
-98 -69 93 27 -9 -71 65 36 -42 -3 32 89 -31 -63 8 19 84 -52 38 -59 -99 -70 31 -87 -34 -79 -14 41 60 -34 5 34 -18 -24 -3 87 7 48 -64 30 39 22 -49 -35 65 18 88 80 74 62 77 -15 -31 -21 -41 -11 -53 3 5 19 -93 30 44 -100 -64 -65 -90 56 -89 -76 37 -71 -35 11 -91 61 73 -33 49 -21 98 73 -52 -18 83 -10 74 -63 -55 28 -94 37 14 32 -19 -54 -70 4 -43 -50
63 91 -83 34 -2 -75 99 -91 -25 51 -27 -79 -71 34 57 14 -53 -73 -23 40 82 -37 27 -92 26 -28 -100 -39 -43 27 -33 -100 25 -32 -92 26 54 8 -35 -44 76 45 -15 -5 -49 21 97 -13 -3 -56 80 95 -99 25 29 -36 -24 1 -84 50 22 10 -19 -72 -60 22 -88 86 -39 1 50 -75 -54 -41 79 -18 22 -47 12 -42 31 -8 10 -96 -54 -39 -17 30 -53 57 -9 -42 -90 56 67 -13 2 57 80 -98
-63 -9 -54 35 66 76 73 58 -70 -43 -55 -7 37 -34 -22 15 -91 -79 48 70 70 62 44 -17 -97 -88 -22 -61 55 -93 16 -54 61 -40 -91 -100 -84 48 -8 -42 -24 11 86 -61 -53 8 27 -34 84 -18 78 -49 87 -32 -80 39 33 15 -17 -24 46 -70 -11 -7 27 -16 -1 -8 -84 -62 26 16 -53 47 75 -55 -84 98 28 95 -20 74 66 22 55 46 -37 -87 -17 28 64 26 -8 32 -74 73 7 -91 -28 71
11 66 76 -26 -81 -11 -95 19 -84 23 88 -13 -72 -76 88 69 50 -81 -38 51 92 -51 -95 -54 74 79 73 27 82 -84 -87 11 -42 7 85 -64 -87 -2 -36 33 -17 1 8 71 -7 67 69 92 67 -25 -40 -59 40 59 34 45 96 -54 -98 -16 56 61 13 36 79 10 91 -63 -66 70 95 55 69 -92 -6 -13 -69 -74 17 -36 -40 -95 -47 94 83 31 -30 49 34 -74 89 28 -39 -27 15 -24 -85 -2 -84 -72
-32 -48 -82 66 70 -49 33 95 78 -71 44 38 -95 80 -17 -55 57 83 -26 -35 94 -43 96 81 -25 40 -25 80 -67 -25 59 -92 87 -90 7 15 49 -62 -67 -81 -74 -28 -3 75 -36 3 23 -23 -46 -1 -47 -85 93 65 35 89 -1 -71 10 21 5 -55 71 14 98 -16 -23 -38 -63 23 97 -30 -72 -99 -63 -29 -93 -12 -3 -86 29 -54 -27 56 -22 -78 91 -75 -64 -71 -53 -77 49 -12 67 -63 41 28 83 -43
54 -35 31 51 64 -38 -28 -53 37 -34 57 52 -85 -48 -6 -74 76 6 76 36 64 -40 -30 92 -67 -44 68 23 -82 -77 4 87 -91 -88 33 -15 69 -31 -6 3 -3 -4 -70 -55 66 29 -92 -11 59 39 72 25 95 4 44 21 97 53 -60 20 -73 66 60 -43 82 26 30 -26 -68 -87 64 64 -30 -90 27 -50 -67 20 10 -88 63 -60 15 -35 16 74 -67 -46 73 8 39 97 61 -84 46 -5 80 75 -25 39
-91 40 -38 84 -50 -8 42 77 30 11 89 87 80 40 -65 22 12 39 65 -2 20 88 -17 -61 59 -50 -76 -38 65 -58 52 -7 -93 98 83 -28 91 41 15 84 25 8 -32 31 3 89 -59 66 96 95 -77 -28 -93 -28 34 -34 -84 -96 -20 -88 -17 25 20 78 48 64 41 7 0 48 27 32 6 -42 -35 -51 55 42 96 -73 -67 -2 83 -41 50 -37 -7 -37 76 47 15 -19 36 83 27 -85 28 64 66 -86
-71 -37 -10 23 -41 -94 -14 -70 -58 15 28 57 98 22 -49 87 -16 -25 -16 -31 -60 -76 -69 79 95 94 -20 15 -70 -99 39 85 -72 2 4 -51 11 -92 88 94 5 71 -31 -41 65 51 -68 -63 81 -71 -71 -99 0 -43 -23 -53 35 60 -38 93 -66 -72 43 3 83 70 68 -75 -47 25 -1 2 -83 77 47 58 9 92 -14 54 -80 -62 -98 76 35 53 -87 -35 -18 -48 -23 69 -6 4 -65 -71 -48 79 -70 -13
-87 -17 -100 -2 -71 64 4 36 -15 -27 -85 37 4 11 -41 38 61 77 21 9 10 -91 -79 40 -67 -62 94 2 55 -100 -28 43 77 -45 -54 61 44 -83 -29 21 -74 -87 63 10 27 67 38 -81 -2 5 89 -96 32 91 -46 59 2 42 -65 -37 -77 -56 -47 54 45 4 20 1 16 39 -80 -45 -80 16 -64 -35 60 30 10 27 77 39 -97 -23 -13 -74 85 1 84 70 -37 50 55 -62 76 5 40 -98 21 39
40 -68 99 73 81 41 -88 -89 52 37 55 68 7 -50 67 47 -52 -74 38 -67 40 55 47 -86 99 -9 26 -6 -86 94 -94 -73 98 -27 -2 -12 38 64 -28 -92 5 -70 66 -49 -3 -73 -99 61 -61 81 26 -85 71 -75 14 0 -79 79 85 -86 -39 65 62 -22 -16 20 46 -39 90 66 92 -45 1 55 -38 -81 -56 -18 -34 11 44 -78 -72 -39 84 -50 21 -96 17 39 59 67 93 -26 -76 -19 98 -71 69 -83
-77 -90 -3 -95 80 -63 91 13 -33 46 -37 -47 5 -55 10 78 76 92 -4 58 39 0 76 68 10 87 39 83 96 79 56 8 -17 31 -7 24 -50 -81 -24 59 -80 28 -17 -97 -86 63 62 30 28 21 1 18 -32 32 -98 12 -31 4 34 36 -37 -71 24 -69 -71 -12 14 -31 -27 66 -83 91 85 -98 -21 -8 22 93 5 -69 27 28 29 53 -52 75 -98 20 -93 -27 24 69 52 22 49 50 48 -61 -83 -11
12 -51 46 -58 96 -65 31 -43 -95 -6 -60 87 50 -51 -73 31 -87 -79 -91 5 46 -41 28 94 -41 -21 14 4 65 -14 4 -17 -66 69 -2 6 -32 -65 -38 -63 66 57 83 4 -82 64 25 37 -62 -60 -66 -19 -62 -41 71 22 45 42 10 48 -20 -90 -68 46 -53 -70 -1 11 -11 53 -5 79 46 18 -88 44 -26 63 -2 30 -58 17 -40 0 -53 -56 -85 60 -89 -89 44 49 -72 85 55 -94 -11 -59 40 -82
99 -97 30 70 4 -81 -26 -49 7 28 -75 13 -72 -42 -67 90 4 16 53 25 61 95 -86 41 30 -47 6 -77 -57 80 76 76 -91 -42 55 -6 84 18 -15 -90 -34 -7 53 59 -38 69 -72 -85 20 66 -32 -36 35 37 17 -10 -25 -28 -45 -66 -83 92 5 -3 -17 -6 -76 34 75 -85 35 -41 19 55 96 -93 -33 -81 -19 57 91 85 53 1 41 94 -74 65 31 70 80 -54 -13 -3 3 -100 50 41 40 -11
90 -93 29 2 60 -33 -3 71 -76 -5 -18 -92 35 51 27 -27 -19 45 67 -87 7 18 98 7 -46 9 -90 -35 57 -58 21 59 -51 8 -34 52 -31 0 -23 -47 -69 -19 -99 -100 -93 98 -82 19 -24 -90 -77 -5 51 -88 76 -29 -64 -2 66 64 -27 -32 -10 41 69 86 63 -38 25 46 1 2 53 -37 -70 -100 37 78 -76 94 -12 -82 11 -10 60 87 39 14 39 5 -65 -7 22 26 8 -74 -2 74 30 61
-96 20 84 79 -14 -83 -3 69 -54 68 97 58 -81 -21 -4 40 41 -4 48 -65 -25 -60 -81 38 99 -10 -18 83 -44 56 -80 97 -66 45 -81 -11 47 -8 69 -68 10 52 -27 -16 59 -67 -64 27 0 6 -38 21 -64 11 81 -88 22 64 -21 -10 -16 63 18 84 -77 4 -46 -47 -97 72 -45 -15 10 16 -47 -48 97 -69 -78 71 -82 -88 51 -91 -81 -61 -12 -42 62 96 -79 11 63 45 -88 -72 -26 -50 76 -20
-3 -21 60 82 -70 65 -64 96 77 13 -13 29 46 94 -80 -68 68 62 93 72 29 31 54 -87 93 44 94 -92 -75 -52 -52 15 90 -90 -76 -72 -18 98 -41 98 25 56 -89 90 -2 -52 15 14 -62 37 -2 8 -93 -90 14 86 32 92 -46 46 -49 -65 23 16 -82 13 54 -98 16 55 99 -68 4 -47 75 10 -54 31 37 -90 -61 61 -25 39 24 -92 -49 -34 94 -97 4 -49 -6 -51 35 55 -4 -64 -62 9
82 -56 -45 -88 -94 -64 -34 62 10 -70 -1 -81 -42 -87 68 98 13 34 43 30 43 8 16 93 28 -89 53 3 -53 88 99 -27 -70 -92 -93 -12 42 22 81 -63 22 -33 85 -33 5 26 68 76 41 -1 48 29 11 -64 -92 -31 66 58 -72 -6 -86 54 -8 -13 13 2 -59 -75 -48 -86 -69 -17 71 -20 -4 33 42 97 77 -49 -78 -81 16 -93 -82 -93 73 -13 -86 -25 -60 -75 77 57 -77 -29 20 83 -89 34
86 -28 -80 -68 -54 8 61 93 19 -35 1 -86 -53 -36 46 13 57 14 27 -66 14 -82 22 19 46 12 -82 -97 -97 -37 -30 -52 -82 62 6 -49 -51 80 -100 18 65 -86 67 65 -9 -13 -61 -74 -79 54 83 69 33 79 69 82 92 17 -6 7 -26 -31 -7 -21 -74 -67 15 21 63 9 51 -4 -34 39 33 46 17 -66 79 -14 -45 -64 -12 -75 70 -94 18 -5 63 33 47 27 14 -90 91 89 -43 18 -82 46
-14 65 60 -7 -53 16 -88 62 75 85 15 13 35 -32 -74 68 -74 69 -38 38 91 12 -99 -90 -38 -4 -67 46 20 75 67 -96 28 -50 91 14 -38 -89 59 2 -42 -67 91 44 -7 60 -22 -11 94 48 85 78 -68 -76 65 -89 -37 -83 0 -77 47 42 -78 -2 54 52 -8 -86 10 11 -47 -58 86 26 -88 -46 -98 74 -98 71 22 -51 24 34 -45 -73 -52 30 72 65 -27 -48 -39 2 43 50 -60 -8 38 -81
-81 36 -91 -70 69 5 -64 -53 -61 -61 -17 5 68 45 -46 86 93 -60 45 -46 -27 63 -70 14 44 98 76 -27 89 30 26 98 -79 -44 -89 -92 33 16 -25 -36 69 46 3 -23 17 49 -20 -1 -88 -89 -77 96 -42 -81 -7 -28 30 -38 74 -20 -64 50 -77 59 -93 5 80 -37 -42 -97 58 -40 28 -62 98 34 -5 -86 53 38 -33 20 53 -44 25 -73 -9 -33 -87 -67 87 -35 15 -98 -73 51 10 18 -8 -43
-3 76 97 -83 93 37 36 69 5 51 -94 -99 52 10 -9 26 20 87 95 34 -13 0 77 -47 -71 80 -35 -64 -65 -100 15 -68 -72 57 30 -79 67 -40 75 -81 2 9 -79 16 -34 10 -36 -100 30 76 48 -84 46 -20 19 40 94 55 -83 -14 92 -39 38 -97 -58 -42 5 -19 44 92 39 51 -58 -53 -95 57 -98 -33 71 -29 79 70 60 47 8 83 -77 -73 -91 85 -32 84 63 36 24 -86 23 40 -93 -98
-42 -35 -42 83 16 28 -17 75 -97 -77 28 97 -47 -9 49 -76 94 60 -91 72 23 53 83 20 24 -71 -5 -88 -24 39 39 -25 11 97 -16 -15 15 -6 -42 -23 44 -92 -32 -45 -64 -57 -6 49 -28 3 -7 49 29 3 -40 -75 26 39 -41 -37 62 93 36 56 21 3 -74 -21 -95 62 60 15 31 -28 54 -36 -74 -90 37 63 -30 13 56 -29 -39 -86 77 6 8 -29 -34 56 81 54 64 -1 -88 98 -75 97
0 -88 -81 10 91 89 -48 -97 -41 -90 -1 -24 59 42 -11 25 24 -43 -89 -12 40 16 -19 54 86 97 -75 -20 -6 -5 -58 55 -1 55 25 22 75 41 -5 -9 96 93 -69 4 -61 -72 -93 13 -46 -51 88 -36 90 -26 70 87 96 70 77 -94 -69 -17 54 -9 -98 -88 -73 82 -95 22 -17 -52 -98 -73 -56 72 72 69 -41 39 -97 24 71 87 56 -79 -79 76 69 34 67 42 -60 38 10 0 45 6 37 13
-92 -26 -86 48 90 -19 -87 51 6 -100 -82 14 25 50 -17 28 -59 25 -99 -79 -65 87 -35 99 -8 66 -36 11 -63 99 -58 -9 -9 53 -73 -59 -61 27 24 89 82 11 -89 81 -64 -68 -28 -80 -33 45 26 33 -40 -5 16 -31 7 72 -42 87 46 -19 -69 -78 57 -94 -30 -92 56 81 30 -36 -93 -58 -25 -3 93 30 -89 23 27 -15 -30 77 29 11 -56 -35 -52 40 70 -82 69 98 22 -80 -39 -18 -96 77
31 74 -19 18 95 45 -50 -83 -60 29 -32 -69 -96 72 52 -27 -90 45 84 46 -37 43 99 97 39 73 97 1 18 21 -59 30 -73 28 -84 -66 68 9 -66 31 -31 -44 68 61 -13 -64 -64 42 -76 -53 73 -11 13 -67 -23 64 45 -26 -92 71 -29 -56 -2 -8 -13 48 70 -74 -26 -65 55 -63 -33 40 10 92 24 -9 -35 18 -65 36 -84 96 34 -9 -56 88 27 3 72 9 -41 44 70 4 -12 -75 -94 -89
18 -71 -57 -15 -66 -30 -46 -83 12 13 2 -13 -97 -60 97 71 -70 -74 -49 -29 -89 -87 -96 -98 46 -10 -39 -76 -86 1 -9 37 44 87 65 -66 -77 -79 47 86 -95 -30 85 -11 -72 -44 -1 -53 9 61 -100 61 16 27 -11 -20 -45 39 -89 -69 -56 83 -33 14 -25 63 -19 -74 14 11 39 14 -5 -62 -17 -45 1 57 88 96 -1 91 62 84 94 -13 38 46 68 -97 60 87 -7 -44 72 12 -36 -90 -10 32
-59 -49 25 11 -46 78 65 -66 30 25 6 46 45 -98 -30 20 38 30 49 -73 23 34 7 49 -12 7 46 -51 84 -76 -97 -65 -82 -85 -89 18 75 -59 -98 -63 54 17 24 52 -7 -15 18 0 41 11 74 -28 62 99 -93 -65 68 -83 22 -15 40 -46 15 -22 -10 17 22 43 97 61 77 -33 89 2 -61 31 -19 93 -23 78 16 56 -57 70 -100 -73 23 -23 -53 38 4 46 51 -93 -71 -19 -45 -90 55 -81
50 -36 72 -75 2 -93 66 71 -2 70 -73 -19 98 -88 -28 49 -2 -59 -12 -74 -82 87 86 59 2 45 72 30 -64 45 -70 -47 -66 32 -27 89 -34 -46 72 92 -24 17 -49 46 64 -31 -41 -31 -77 -81 57 1 54 28 77 -68 26 32 11 68 -66 -44 -11 -29 -72 -16 -26 -98 -13 1 -86 -16 69 -62 -8 -38 34 -9 47 32 -69 -53 -48 -9 37 97 45 19 20 63 77 -50 7 37 -78 69 -54 11 -57 -34
-88 -65 38 -21 -72 17 -63 -97 4 85 36 -4 -96 33 -60 -56 50 51 -87 23 -70 40 40 47 -21 -52 10 -1 79 -13 -98 -58 39 85 -53 -34 -17 -6 98 -3 25 -5 37 -39 52 85 62 47 85 44 -67 14 -89 -59 0 -57 88 -72 1 -27 36 -26 83 -43 47 54 87 85 91 -63 -23 -6 15 33 88 -18 -6 -53 14 22 62 61 43 -84 92 7 -91 -71 56 23 -86 -15 77 96 -100 -19 -58 -76 61 29
26 -96 94 -69 -40 79 35 -27 -98 -90 90 39 -40 -100 13 -44 85 -54 66 -35 -73 -20 -77 -63 4 -55 -83 88 -21 14 21 2 -43 -77 30 -74 -62 -20 39 21 -18 -68 42 -80 29 -74 -64 98 95 -28 -74 -41 -18 94 -41 94 -46 -31 76 43 56 -83 16 91 60 -44 5 -37 -86 -70 -64 -46 58 -34 73 41 17 -25 64 -81 -56 85 -52 44 -78 72 43 -88 -21 41 72 -19 31 -92 -16 -94 85 -100 -26 -93
-5 -61 -43 -51 31 -85 51 -88 -46 50 2 46 67 -81 -96 -35 -53 0 -43 3 -94 35 85 -99 -61 -41 31 -90 46 -77 -92 67 -91 -41 -18 28 -51 -58 67 -63 69 89 -88 69 39 60 54 7 86 89 -80 -15 66 96 -86 58 52 -12 59 24 29 14 -95 86 77 78 7 -49 37 47 96 -72 14 -1 -14 -67 -7 93 3 5 7 -54 31 -15 14 43 -83 -38 -59 58 -11 -26 -37 -70 -59 -23 -78 40 -7 48
-57 -97 -96 46 -99 -30 -66 -24 -47 45 40 -8 83 57 72 10 -24 40 99 13 -14 81 15 -53 -100 7 -87 -67 -91 3 -5 -29 34 75 -61 -45 86 67 -80 -93 -100 45 -48 46 -37 58 -30 -68 -55 -55 49 -39 68 14 -60 -2 99 -87 -60 -93 52 28 -27 44 86 65 -17 92 -76 -40 -7 -14 -58 33 -98 12 -5 -18 5 74 -3 37 -95 87 -11 12 -61 -23 1 67 -39 83 0 -91 -23 50 -86 54 -27 70
-34 -63 71 43 -90 -68 -78 69 -25 -86 -2 -45 77 -25 37 -25 62 -44 16 77 33 -4 -60 56 5 48 -75 -28 45 90 -15 -53 -71 76 48 65 96 -62 -16 82 -61 61 94 -28 83 -83 -30 18 16 91 -92 -50 95 -66 82 -9 -86 -1 -2 79 9 -94 11 15 70 68 75 -75 -66 -100 -3 -45 60 7 -67 -100 -11 -18 34 -28 -6 -9 -39 -61 -80 -53 -47 -85 -11 84 -1 -71 53 36 91 -83 -57 45 -64 68
-63 61 64 97 -34 -52 4 -79 93 -49 20 49 -83 -54 -39 -68 -56 -77 -49 61 78 43 -5 -27 -58 11 -89 48 35 -49 89 -56 -80 21 19 48 92 -77 97 14 -38 41 61 -45 -89 56 72 78 -20 40 -41 -31 -7 -55 -75 -66 -69 87 -96 20 62 41 -50 -66 -96 85 -13 48 77 -33 49 26 88 -52 -78 16 64 -46 -62 31 79 54 59 -70 86 -44 5 -41 -41 81 99 91 6 -26 -78 67 32 -96 67 -88
-39 84 -4 -68 -37 67 -95 -15 44 -59 -58 91 10 77 -62 29 94 63 -90 77 -36 93 36 -2 73 -75 -68 25 -50 -76 75 -16 26 -91 89 83 35 -82 -93 49 22 85 -88 41 -69 56 79 -43 9 -20 -8 99 -80 52 24 56 -1 -37 94 55 -27 40 95 -43 34 88 -83 -15 19 54 -16 91 -53 11 -96 51 -94 -4 9 80 -11 -56 -74 -23 -84 -21 2 18 72 -76 -99 -93 -21 -69 77 39 -93 -32 -57 47
33 5 60 36 -8 -85 -30 -86 -44 45 -11 -7 -65 -46 -22 -28 33 -47 83 17 13 -32 24 -19 68 -35 -48 -27 22 0 -87 2 -63 -81 -56 -70 -38 -17 38 43 -2 -49 -56 -15 83 -29 1 3 40 -63 25 -50 95 -66 83 69 -7 -52 84 44 2 -63 -49 -53 -55 90 37 10 -44 -25 -30 16 -44 -4 8 -36 -13 -79 -24 21 -67 -8 -82 49 35 -63 -98 97 -80 53 -23 -41 21 -32 -45 -20 16 -94 -11 -2
-29 4 10 3 -62 10 -46 77 39 67 -49 26 1 -19 -69 96 -24 -51 -22 -80 -26 5 15 -56 78 -96 -71 -69 -20 10 -60 -71 31 94 -21 99 -25 -87 0 -29 94 -15 -30 25 86 82 -21 -64 8 35 -89 86 2 67 -86 5 -13 36 25 -15 -82 85 -54 6 -12 21 68 -25 -96 -20 91 27 62 -97 -84 62 -33 -19 -84 0 -91 24 42 59 32 -44 -15 13 -46 -72 -74 68 -90 93 46 37 28 18 64 10
-23 -21 -69 -97 90 2 74 34 2 -55 60 91 54 -91 -72 -72 -60 -62 93 -29 29 63 -58 38 13 82 -36 80 60 69 13 92 -34 -8 -64 -74 39 35 90 -42 -26 99 -2 21 -86 -82 54 -5 -8 -62 23 29 -88 -17 61 -23 -13 64 -8 -81 -50 18 30 -40 75 71 52 95 -66 46 -4 45 -80 -2 -39 35 -69 6 -30 -57 -57 99 -76 -60 -72 -21 -96 98 45 94 80 53 -35 -24 -23 82 -81 -8 -88 -45
48 -92 -30 -9 71 -75 -39 -4 -95 30 18 68 -27 -20 -60 7 16 83 -49 -27 31 -46 -75 -8 -10 -11 86 98 25 -23 62 68 -58 42 97 -24 -23 42 -23 -95 37 53 -75 76 -85 -17 40 -45 22 -91 31 69 62 40 74 -97 -83 28 -78 -50 75 73 96 34 -27 38 65 -47 20 32 25 -74 38 -67 2 -29 -90 56 -63 72 2 -70 -61 -14 24 16 -69 -46 -39 91 61 -54 97 -10 -80 46 -21 71 33 11
-78 -15 13 91 -8 12 -67 -84 15 37 90 -14 -81 67 -91 36 -66 10 70 45 -39 88 -79 -39 -11 39 -19 9 -90 41 -54 -44 -47 -97 7 8 -49 -72 -41 72 69 90 -30 27 31 69 -19 98 63 -47 48 86 -75 -59 -12 -63 -44 15 -20 -14 46 86 -46 98 -38 -77 84 -8 38 24 -28 -57 -44 84 -99 17 26 -30 58 55 -84 -5 64 91 -78 29 -30 -58 29 -79 -80 -39 -88 59 21 32 -58 -43 84 -78
-39 -78 98 -17 98 25 -88 55 -77 86 39 -89 -12 -69 98 50 37 -67 -49 47 15 60 44 -85 96 -94 -47 -48 78 54 -79 29 -27 -42 -71 77 62 -40 -44 -26 84 -63 1 56 -26 -3 11 -37 46 -7 91 -87 -40 -31 -60 83 -98 -16 -9 93 9 -65 -30 22 4 51 -26 34 71 -41 23 -97 -23 -32 -53 -32 91 -55 -88 3 -75 70 15 67 20 -25 68 -24 -62 3 91 83 -8 -50 87 -4 1 -21 -2 36
-11 -90 -32 -72 -57 -100 -79 26 -8 94 -1 40 20 39 -39 -18 98 31 19 28 -80 -79 -36 -1 77 -67 -99 8 26 -65 -14 -94 -15 -49 -22 -8 83 26 -89 -58 22 19 -36 -50 72 -48 16 -81 -40 -1 -22 -98 -88 66 -24 9 46 -16 34 67 -9 -22 66 34 -61 -82 -77 29 86 63 39 -59 17 13 78 -82 7 -46 -88 70 -85 1 14 -36 -26 71 -1 91 -97 -71 80 -48 44 77 -19 -7 70 -69 -70 81
-79 54 -37 40 -87 56 19 18 -21 86 -75 48 -82 -8 40 13 -80 -10 -7 -92 19 -37 -66 -25 -60 84 -96 71 -24 -25 97 52 12 6 91 61 -28 -63 -77 -32 -88 88 -30 -75 -52 -1 13 83 16 59 -47 11 51 53 72 81 94 37 24 86 10 22 -6 2 -19 -90 98 8 63 -80 -30 -43 -87 18 -91 -27 -69 -99 65 61 -15 -24 30 -54 -86 -39 63 88 50 24 79 18 -99 -56 -80 -25 73 66 93 -24
25 49 31 69 2 -63 -91 -29 35 33 7 -82 -48 16 18 32 14 -62 -67 60 -78 91 33 79 -82 47 53 84 0 85 -68 35 -46 -47 49 -20 5 -74 55 -55 49 -22 90 18 27 -22 48 -65 21 -45 89 44 1 53 -39 -72 -73 5 -62 -33 92 32 38 -15 -18 -52 54 32 -7 -24 30 -79 53 18 12 -80 53 71 -33 -57 -38 -87 -38 -99 72 81 3 10 -31 31 95 -6 -47 85 68 29 68 76 -71 -56
23 -10 -83 91 -44 -69 -61 -77 -37 -57 -15 -87 35 -36 -89 18 66 -94 58 1 -100 41 -12 97 72 93 21 84 -45 -5 48 -37 -40 -4 53 96 50 40 33 -8 32 -48 -95 -20 1 -70 -87 -23 -64 23 63 71 34 21 80 10 -68 -97 -23 -39 -11 55 45 -29 -14 66 -8 73 32 -90 -78 35 -69 -87 57 -1 -73 38 48 50 67 45 48 -68 53 -12 93 -72 -96 99 7 86 -91 -77 -49 95 -90 -100 -1 21
27 -43 -53 13 80 32 -36 -96 93 65 -18 -64 12 76 39 -91 90 55 -11 -38 -74 -58 -43 13 -91 -28 -38 82 -24 -73 -79 -16 43 -14 -77 -92 7 -48 -47 83 81 81 29 -13 53 -74 -61 13 47 -44 -76 76 -34 -72 -14 -93 -87 -41 -22 37 -89 -46 66 -5 73 86 28 -55 75 -33 29 -86 16 98 74 -34 -12 -1 -32 -48 -53 41 -66 43 -61 50 42 64 -14 -61 53 68 -90 -79 96 -11 63 -7 93 -42
6 -9 18 -16 -52 -24 -5 49 -67 -79 53 -11 89 56 32 -95 -37 71 84 -93 -29 15 21 -42 -99 -8 8 -78 60 -57 12 -17 -50 -77 1 -25 76 -52 66 20 -70 11 -43 -29 55 -55 -83 -24 -42 83 8 18 -9 40 -65 20 53 79 29 65 -28 -96 -3 -91 88 -19 -87 -28 -65 -34 53 -72 -7 34 -66 50 -16 80 72 -65 14 -13 -97 -21 4 -45 -34 48 26 63 -7 70 -76 30 -20 -55 -91 57 12 -10
49 -54 -40 18 -81 94 -75 15 -9 32 -90 -65 54 3 4 68 39 -27 -79 26 61 -58 -92 -14 -62 -26 -89 -60 1 -80 -50 -47 20 -31 72 97 37 -9 64 0 -21 84 -68 -46 65 -3 18 60 87 98 90 73 -89 -21 49 -46 98 -94 75 -8 -27 -49 -49 39 -13 94 -78 -61 89 -46 -14 -78 32 62 84 10 -82 -75 -89 -14 -85 -83 52 92 -28 -29 27 -87 -67 -48 -12 -93 -100 75 38 -4 14 37 -61 70
59 31 -35 -44 -64 -88 44 9 41 76 33 0 -17 75 87 15 -91 -91 -95 -82 -19 -87 -69 -29 67 -93 -69 -52 -76 -72 53 86 34 71 60 93 -52 -87 32 92 -11 84 -33 68 -26 12 -70 36 10 93 -80 84 -69 94 -5 -53 16 8 -100 -35 54 1 -84 49 -4 -54 -44 53 -48 -60 82 -4 81 -34 -87 77 -29 -98 1 14 -62 -2 -96 -10 52 -8 42 56 -97 -72 16 23 99 19 84 78 35 72 77 -72
-57 -72 -56 -44 -50 18 1 88 -73 -23 6 -19 -93 -21 19 71 10 -4 13 -60 5 2 70 -5 -54 -70 36 -38 14 37 -30 9 -66 -13 -21 -84 14 -54 -13 -24 8 -61 43 38 -87 -45 -46 -21 58 81 -40 -71 -65 24 70 31 -37 77 83 -65 41 32 51 34 99 25 45 27 69 81 29 -46 25 -16 -58 -74 -62 37 -58 -13 -4 -62 -83 21 -75 2 35 36 13 -11 54 34 7 40 -83 -21 -82 49 -75 -74
-43 -6 72 -44 -48 12 -32 49 55 14 -95 36 97 -26 41 -16 8 -19 -11 -53 -50 -1 -31 -13 -89 33 63 -57 -6 60 14 90 -82 -8 50 -68 -44 63 56 -66 -3 -5 -63 -12 -40 90 -61 82 7 42 0 50 84 54 70 -8 44 57 -68 -58 35 -68 -54 33 72 -33 -100 81 82 26 -79 -61 52 -5 29 0 92 -76 22 14 65 4 32 17 37 -96 -75 -20 75 98 98 -96 -97 22 92 -21 -36 -99 -47 -44
-57 85 -42 7 -81 -63 -94 -74 51 57 -34 -44 97 28 -76 20 50 -49 35 93 26 50 -42 -83 53 -63 -23 -70 -10 60 55 -34 13 78 12 -27 -86 -10 53 -18 4 -64 -95 19 27 -93 -7 -100 -85 -60 -47 93 78 -83 -6 -79 16 28 38 -6 -91 54 -53 67 26 -99 44 -53 1 -83 -88 32 49 -55 72 73 -18 -93 -59 -35 3 62 9 38 43 -91 47 58 46 -65 0 39 -68 -59 2 78 38 15 -33 83
59 13 -51 -25 87 93 34 53 -81 95 -9 -66 20 -8 -98 -2 -60 24 33 -35 53 -40 89 31 35 -56 11 25 50 1 -64 -80 87 -66 68 -100 71 6 -58 -90 -45 -44 -12 -6 45 81 -57 -14 -31 -45 9 -2 -3 -27 -92 33 -46 66 -85 89 -21 -34 -34 -77 -43 -77 -2 44 -94 -38 80 37 -24 43 -44 -68 42 4 75 67 91 -71 -83 -51 -47 68 -63 14 -55 57 -40 37 69 9 -66 -24 81 -24 74 93
-64 -74 -92 46 43 2 9 -9 20 43 -78 -62 17 40 79 -17 -59 25 -96 -70 38 70 67 -30 16 -54 -18 81 -13 87 69 -67 82 -100 -87 36 15 -60 -56 98 73 99 -49 -68 -35 66 -28 32 -48 92 -36 12 -91 90 -97 -98 -35 -99 73 -65 30 -54 -1 79 29 -9 -83 68 -8 34 4 -73 -26 85 48 -2 14 -29 -45 -65 -96 79 -55 -87 -60 12 83 -16 -94 69 -20 18 24 14 -61 18 -97 76 -28 61
38 30 88 81 -21 51 -59 92 48 -8 -32 55 -74 -60 -99 -9 59 57 -19 85 23 -98 -25 -54 21 -20 25 21 52 40 -98 86 -2 35 10 -72 -48 89 -88 -43 -58 -47 5 96 88 4 -81 -40 34 7 -82 -66 8 44 96 -22 -27 -35 -34 34 83 -47 93 -5 -42 99 49 64 -89 19 43 -78 87 36 61 -81 -43 -50 -49 49 16 47 -69 -28 95 12 -53 38 -4 -94 25 -24 59 -86 -21 -60 90 76 -6 -5
-72 77 7 -32 -99 82 -83 -59 -12 -59 70 -78 54 -23 8 -63 73 -56 -18 74 83 -18 99 -68 -88 32 -94 -36 75 82 57 80 71 -70 -95 64 -10 -9 -94 -13 3 -11 0 -27 12 72 -19 -75 42 -18 32 54 41 -68 9 61 8 0 -79 -51 36 90 -57 19 86 56 31 79 -51 66 53 26 -31 -60 13 -70 -16 52 48 -97 -79 99 89 -58 62 -95 36 -12 -24 70 -32 -13 -86 -82 -67 -17 -89 -18 -72 84
-93 52 -38 -35 -8 88 47 -45 83 29 13 -44 -38 76 -52 -6 -25 39 56 90 -97 -20 97 -69 91 -28 -70 -11 -25 -40 -88 81 -80 -24 20 -75 7 7 84 59 -1 -29 14 54 -33 73 -77 -60 -57 -17 69 89 -75 -6 -23 4 68 -16 92 -62 -33 19 -89 -95 -20 -48 -63 -56 95 25 42 -84 -35 -100 -28 5 75 37 38 94 -59 28 -31 50 -30 -22 -58 -13 -90 1 -22 50 -13 -34 54 18 -90 -62 25 -10
43 -83 -79 58 82 63 -97 69 82 25 -70 -35 -32 48 12 12 68 -84 70 -33 58 -89 -47 -89 99 -37 -1 91 -79 11 42 73 38 -27 -47 -29 26 -73 45 15 64 -57 -98 8 59 83 65 98 -68 38 96 -6 -26 47 -37 -41 -80 -59 30 49 -61 -17 -73 61 36 -64 55 32 76 99 25 86 34 6 41 4 78 -37 -34 34 -22 42 -87 -86 -40 -24 -94 44 -80 -78 -5 15 23 65 96 44 33 -61 -63 52
-50 -61 -46 -5 -23 86 -74 73 2 18 -58 53 52 -37 -74 -43 74 50 68 32 -69 24 16 8 -44 -23 -31 -89 55 -7 -74 36 -39 27 -89 -66 -18 54 70 49 -5 -100 -51 31 0 -45 -18 87 -51 -50 82 41 81 -56 -29 14 -42 -31 -78 0 -76 48 -94 88 -97 35 92 90 -12 10 48 90 -57 -48 -83 -26 43 -46 90 8 -14 -18 29 24 -47 -40 -33 -39 98 -98 -52 -95 -45 -72 11 -84 69 -51 29 -68
-20 -31 -44 98 -36 50 -71 -31 -53 -40 89 62 19 60 22 -79 -40 46 74 -9 64 -13 -3 -38 27 -8 62 85 66 -87 66 52 40 38 -45 73 -52 -93 -70 -37 28 23 37 -90 -72 18 22 -48 -78 84 17 -14 48 -75 -66 12 40 58 -89 85 -25 -50 -49 -67 51 -90 70 -34 -69 56 -41 18 62 -87 -31 65 -40 -95 -97 62 -65 2 -22 24 25 38 32 23 1 -88 13 -75 -48 -96 -27 79 98 29 -46 22
16 50 54 63 24 88 3 4 -72 -98 77 81 -20 -72 60 -82 -46 -2 14 0 -86 80 -21 -57 -74 91 -83 84 -95 1 0 -72 30 15 84 2 99 74 -82 -51 -44 -71 -48 63 80 7 5 -89 44 -5 -13 -44 -15 -86 51 35 18 -70 79 -89 -80 -28 -68 -77 47 67 19 -55 81 95 67 -56 -88 12 -57 15 -81 -61 12 -94 -80 -22 -11 -52 87 14 6 -29 -41 29 60 46 88 -1 -89 4 -85 -21 78 37
-40 19 -46 -45 -34 30 30 35 57 -46 -48 70 24 -71 -58 -39 81 19 97 -87 -86 -79 -62 -14 -62 -8 78 16 96 -79 22 -68 -22 -50 12 -86 0 -38 -54 29 -74 56 45 73 98 -59 35 -100 -96 -14 66 -60 37 -48 -82 -36 -52 -7 11 79 60 -66 -41 -82 33 30 49 92 -12 -39 -59 22 16 -35 -13 61 42 72 -50 -30 47 4 -54 -26 56 7 56 -22 48 -36 -72 -60 -89 87 49 18 80 95 93 -46
-56 7 -22 10 -46 -97 -27 -13 -53 -9 -24 95 -75 -40 -91 -44 -100 -67 -15 7 76 91 79 -76 55 -74 15 -40 -15 5 -90 99 -70 27 71 11 -36 -25 90 -77 7 -27 9 69 -81 45 71 6 17 -31 -73 57 -89 -98 -24 -28 -26 32 15 28 -32 63 -48 -27 21 77 71 -98 -91 -51 -51 52 36 50 91 77 43 82 -36 20 -6 -23 15 -41 -51 38 96 69 -59 -20 -82 -65 35 -24 84 -75 -32 -43 -3 -61
72 13 -35 -23 -66 43 -6 -24 7 -3 36 -6 -37 45 -74 -15 -25 -75 -82 -52 -100 78 5 -23 -4 -26 56 -68 -85 -29 -5 83 -87 61 27 -99 67 34 -72 28 -17 -98 -47 5 5 -40 28 -41 44 -78 -25 70 34 32 -42 88 -47 60 -35 -38 64 -28 44 -99 -12 4 -91 39 -35 53 76 -36 -90 -49 76 -15 -89 17 -37 -57 64 -69 55 87 84 5 3 -95 22 37 -34 -33 -35 -8 50 12 67 67 31 14
-77 -85 62 26 -21 -51 -10 -46 71 53 89 30 69 13 80 -98 84 32 56 69 20 -57 -48 -47 -20 -52 -100 48 82 73 68 -10 -5 37 65 56 96 -10 -79 -4 -55 40 -11 97 -31 99 -49 -23 -29 3 58 70 61 23 41 -29 -12 20 -21 -35 13 2 57 46 13 -48 18 -35 -23 99 -71 62 42 60 76 14 -34 -41 94 -42 44 -20 77 14 -98 -74 86 -56 51 73 -13 -79 36 97 -63 -48 37 -7 71 32
24 77 34 -43 -76 -51 94 47 66 -56 89 -15 94 -18 -45 41 10 74 -37 56 22 92 -29 -47 46 -84 78 0 -94 98 10 -75 -38 -56 44 -88 -82 -18 -47 -81 -15 -71 -40 70 -98 77 -45 36 85 -8 -35 80 -43 -39 -8 38 34 87 -30 47 81 -98 -90 -29 43 9 -1 8 -58 -46 85 68 5 -85 40 7 3 71 2 42 -19 -15 -99 -56 50 68 85 -3 -71 59 -9 15 -24 -13 49 32 -17 -93 -16 25
85 -9 -73 -11 -31 7 -46 -21 13 -87 -51 34 71 -90 99 -41 -1 -31 -7 -35 34 1 38 51 -1 -35 -57 -58 43 -66 92 83 -79 76 62 58 10 76 44 26 41 -60 -30 -56 59 -53 -77 47 28 -27 -54 45 96 -87 29 -85 55 18 -54 11 -11 79 -37 25 -94 -61 2 -62 35 60 36 -52 21 41 -11 69 -89 -60 97 -89 -27 -78 11 -12 43 -70 -95 -4 82 72 28 79 -61 50 -32 -76 -8 12 84 -86
-90 -56 -13 84 5 56 -5 -36 -68 -74 -76 -64 -60 -94 -68 -34 -10 -97 39 60 44 76 12 -73 -3 21 -55 71 -78 -65 -75 4 26 5 74 35 -29 -83 -61 47 51 -15 -67 47 -27 95 -23 65 68 76 14 -73 97 27 90 -89 -34 57 -63 -12 -64 98 -27 -63 66 71 4 -86 -67 0 -90 17 -24 74 -42 94 -45 -50 -22 -30 -2 -75 -36 -9 27 -11 -63 -30 -61 59 61 -49 -2 74 -88 56 -93 99 -94 -89
-10 -2 58 -42 -40 -25 -38 98 -43 -42 -78 -66 71 79 34 -36 54 60 66 36 23 47 -67 11 67 -9 -34 72 90 87 73 -68 77 -67 -8 29 38 -67 98 -36 -100 -73 -42 -16 57 -32 55 -39 -12 37 -58 -69 -8 -88 75 -51 22 68 -27 87 -23 72 51 -62 -37 -91 -46 96 43 -88 -37 -56 83 97 92 53 15 -29 45 94 -14 -7 -16 -92 -13 -39 27 7 -62 -3 15 83 -85 22 52 35 -79 46 35 -100
-85 -99 88 85 -65 -12 -48 7 78 -80 19 -59 14 44 -5 11 89 -3 -62 95 8 77 61 46 27 -44 15 -23 70 -71 98 97 77 80 11 83 -33 75 -76 75 98 39 24 -65 -100 54 -94 24 1 48 -52 -30 32 -40 -39 -18 -71 39 -32 30 80 3 59 61 -88 83 53 42 -22 77 -14 6 31 -94 -67 -19 -61 60 48 -18 6 31 -82 52 64 73 9 -79 -95 95 98 -90 -11 43 -15 -94 -15 -60 55 -30
1 67 29 -7 47 74 -95 -95 70 91 79 -43 -51 92 56 81 -36 71 -46 -10 74 -67 -75 99 -41 95 -58 92 -65 61 -63 -98 49 -55 59 11 -48 -92 -78 -41 44 -29 -80 77 59 -68 -56 20 -1 -38 81 -99 -53 68 89 -87 -51 51 -5 -39 1 -76 83 89 -35 51 65 70 75 18 -21 -84 34 90 -85 0 -97 73 -80 99 -52 56 54 86 -61 -97 -71 35 -47 72 -66 -25 64 -23 85 -83 -11 90 -60 17
9 -20 13 -35 24 -30 39 70 8 26 27 41 2 37 -47 49 -53 6 -29 9 72 0 -66 59 -70 84 33 18 98 35 -1 99 -26 84 26 82 -8 80 90 -30 92 10 -16 47 5 17 -93 47 98 57 10 -32 -55 -65 -23 -84 -6 16 -88 67 -7 -32 -46 -99 37 41 99 -82 -71 30 -87 33 -62 88 74 20 36 -98 11 78 -3 -15 54 87 -39 -2 2 -41 -20 83 -63 -34 1 17 -69 -83 -22 44 -26 58
-90 65 -70 19 -11 -41 -49 84 78 58 35 -90 -29 -35 -1 -52 92 -98 47 58 24 29 -18 -52 -16 82 -84 63 -57 12 -70 -24 61 -4 -28 -85 -58 -37 -71 28 12 65 -18 -63 -86 83 -9 1 88 -73 -30 36 41 -75 81 12 -48 -48 -23 91 -95 -3 -46 -40 95 90 -87 22 88 -11 -83 -45 -81 87 -56 -72 -77 -34 -22 67 20 28 10 65 -2 60 99 57 -81 27 27 72 -82 20 -8 -87 55 -79 -57 -95
48 -6 -26 -17 -12 17 -92 -1 -62 -74 7 -10 27 -80 -94 -78 -67 -46 13 43 -40 -61 -47 63 55 87 -95 -2 -70 40 -47 -25 65 -67 92 68 -40 -80 34 40 -27 48 -91 -89 79 17 62 -90 -11 -21 23 69 4 -17 -80 32 83 -67 56 -75 -10 -85 -65 25 -80 71 -97 74 -17 -14 -50 -2 -13 -75 -68 60 48 -58 84 -3 -94 34 4 -65 -60 81 7 -40 99 -46 35 -99 -15 -4 88 47 94 -23 64 1
-37 75 -22 -74 32 65 -16 83 -65 16 44 98 -82 -89 -54 -81 -8 -28 -11 -78 -65 -35 -36 -5 59 93 -92 -58 36 18 -43 -30 7 -70 -79 -86 -73 -3 88 38 68 5 20 65 -20 -32 37 94 -29 51 30 -69 -73 31 16 -38 -7 58 -46 88 -21 -35 65 -97 76 57 97 -25 79 -32 45 -98 -88 -63 77 54 -92 -77 -29 -100 -75 57 -77 69 79 -69 92 50 28 -6 80 -94 -52 9 -44 -57 -52 29 47 96
-31 -7 -23 54 -61 -62 28 6 9 -12 -3 27 46 77 -1 55 -42 -99 40 17 2 -79 62 63 -21 67 -58 -9 75 -23 -46 94 -60 46 -18 -60 -40 -11 18 -76 46 63 39 -58 -99 -31 41 -92 3 67 -90 21 97 85 64 -2 -40 -44 4 54 -19 -84 -50 11 26 -37 35 -56 59 -89 22 -79 -87 -68 46 -52 -23 -61 22 -22 -74 -51 54 40 88 -60 57 23 -45 33 -24 -6 15 -66 97 -53 36 -24 -87 97
1 5 -49 57 74 15 67 29 -86 -75 -59 93 -48 -87 -79 83 38 2 40 -21 98 -10 30 21 -53 89 25 75 -74 -69 34 -67 -85 -11 84 6 72 -66 -8 54 0 -55 79 87 93 -47 23 -9 -73 -35 -42 69 60 -54 -35 84 11 -85 -91 4 -9 -56 56 -23 -21 -40 67 -84 98 53 15 -23 56 31 93 24 -11 -68 -92 -19 -68 -39 65 -45 47 -1 69 78 -59 -34 -49 -40 97 55 -22 26 7 14 -100 -2
-75 18 35 87 -97 -13 46 52 -91 -96 -78 -78 -60 41 23 -41 23 77 26 53 -66 2 -54 38 40 -17 -13 71 0 5 0 60 72 95 52 -47 -53 -66 41 38 -22 26 20 -35 -98 -4 -35 -17 80 88 24 96 82 24 40 79 -29 51 -71 -77 76 -61 93 -22 -45 -79 -10 43 -67 -71 -25 37 -53 -32 -33 74 18 -54 32 -43 -12 10 -30 -17 89 62 -16 62 -63 29 14 89 -89 46 56 86 -44 55 -24 -96
63 13 -19 61 36 -41 69 -80 79 99 -86 2 -77 -19 -57 9 51 13 -38 -33 -37 37 10 -21 88 4 38 -80 19 24 69 -91 52 38 -5 -56 16 24 19 -32 -36 1 72 -36 1 -63 8 53 -53 18 65 -23 -24 17 10 -47 3 -26 -88 -26 -33 -7 -72 -43 56 -28 -68 79 -94 74 -56 -40 7 -45 -5 86 -70 53 -53 -44 -18 -18 90 13 -19 -51 -8 60 -13 -28 -71 53 78 -60 -83 93 97 -76 -100 98
60 72 -98 -77 23 71 3 -80 -22 -79 46 16 -33 -29 -21 41 -9 -50 37 45 -61 -13 42 85 14 -39 63 -21 82 52 -29 31 10 74 48 18 -92 -30 -37 -24 -79 3 82 -18 -70 33 -12 -9 87 50 18 -64 92 -78 29 -17 -43 -51 -56 -21 -81 68 -97 19 59 -14 -39 -77 1 99 57 53 25 73 98 84 54 -63 76 64 -4 74 -44 -13 -38 -38 -95 -99 6 6 37 20 34 -27 70 40 -83 11 -64 -67
0 96 -58 -31 51 -11 83 -70 -2 57 -87 -18 33 -82 -8 98 -28 -12 75 6 -83 68 89 -34 48 36 17 7 67 -41 -45 54 -66 -10 27 -30 -71 74 -56 -18 -19 -82 9 -71 -70 -4 -90 -73 -24 -78 79 -79 58 93 -44 -67 4 -71 80 9 -49 56 67 -88 -47 -40 89 -3 -78 12 29 -43 -31 -69 14 77 -75 72 -9 67 -60 93 -21 89 -15 30 -84 -32 2 22 -85 63 26 -42 -76 60 -90 73 -53 9
14 -14 78 -90 62 99 -91 -9 29 -23 15 73 18 3 -17 53 45 -19 91 -43 -74 56 3 -44 84 90 -11 -40 79 -50 -60 -17 -29 -56 -73 2 -16 92 81 -28 -26 -10 51 -83 -64 -25 80 -21 -74 60 69 -56 25 8 -28 -22 90 -36 -6 61 -94 13 -91 94 1 -7 -45 73 -94 8 60 56 59 -99 70 -60 -91 19 7 50 -84 84 72 40 99 83 -87 -4 -72 96 48 -51 58 58 51 -49 79 73 26 -100
-89 94 29 26 28 -89 -1 -39 49 24 -1 -21 57 74 50 -92 -54 73 -78 96 -19 44 -5 41 62 -45 -84 44 -36 -58 89 -81 -71 35 -28 -54 -33 58 -25 64 57 27 -86 -49 63 96 31 23 -14 36 -41 -69 21 -51 28 6 -69 4 -91 4 -49 -30 24 -45 29 68 -25 -32 -54 -91 21 -88 -69 71 91 -96 64 39 -5 52 -73 3 98 -79 1 41 8 -100 90 88 43 -26 -56 -39 40 -15 57 96 -80 60
-9 83 69 -81 59 -85 3 -24 -16 56 94 41 -84 -73 85 -76 14 21 -76 20 16 -75 -59 -70 -10 6 -2 45 -51 86 -77 80 76 -2 4 -52 -50 42 -51 -74 24 -96 21 -31 8 -100 92 12 -66 -77 -47 -48 -73 57 -64 48 56 3 76 26 -27 -6 44 -71 87 81 -23 30 -50 85 51 81 -34 33 -93 -34 43 -95 76 33 6 4 -13 -67 36 -82 -6 96 -16 -69 95 49 78 -8 -62 -48 35 -64 73 -70
-17 -41 -73 -97 7 -11 22 -59 -75 64 -31 9 -31 -99 -76 -90 -33 -6 33 -32 -70 -75 -42 98 -79 -92 1 -93 56 55 -37 -24 -27 92 -63 -79 -7 -77 21 -100 63 77 -96 -97 -26 3 49 79 -22 -58 90 84 26 -29 -3 98 -82 26 9 26 -60 -41 97 -14 -19 79 -14 -89 19 -23 97 85 -57 82 42 79 -94 -26 93 50 -14 18 -40 9 57 56 -45 14 -65 -13 -47 -12 -81 -34 -82 0 64 -60 -9 -13
22 18 -98 5 33 -42 29 -16 7 48 -81 -62 -72 -34 36 -87 51 81 69 80 -91 -56 -11 -33 35 -23 39 -52 -34 54 16 19 -48 -72 -34 -91 -46 26 -28 -78 -34 -32 33 -1 2 29 83 27 -17 2 -25 -71 -53 -44 97 -11 -65 71 -63 29 0 33 81 92 85 76 41 65 40 -81 99 -87 91 33 -81 -43 -47 13 -68 95 74 -63 -64 -30 -65 14 77 -68 -75 62 -6 64 40 54 -94 -86 33 19 -73 9
-78 -31 -9 56 36 -86 57 -16 -88 -75 67 -47 -5 47 85 -48 -41 82 31 -91 23 62 99 71 56 73 -10 71 24 -74 76 -90 -3 64 -87 6 18 72 87 -92 99 89 -48 0 -81 36 -69 -60 -58 -26 -32 -19 -93 -74 86 99 75 74 -3 -50 -61 -43 57 -89 -44 20 -94 29 59 62 80 3 -15 -8 88 88 52 -19 48 95 -75 -96 -71 3 43 -39 16 -73 -20 -46 -44 -68 91 56 -46 18 -76 47 33 -5
-12 84 -25 -37 23 -47 45 86 -47 34 -45 -1 5 -41 -67 62 6 85 89 48 21 -80 -82 11 -7 86 -6 65 -84 -32 23 62 -95 -27 75 41 -3 -75 44 15 -25 90 74 -20 -44 99 -32 -95 -77 -77 -5 4 -1 24 92 10 52 5 66 80 -48 -30 -73 -94 -6 7 -78 2 81 -11 -78 -14 -21 45 27 -82 -45 56 -52 -3 45 -9 -71 -29 66 -45 25 -22 -67 99 97 -71 -57 82 41 8 95 -81 -11 -17
32 -100 -52 -20 2 28 -67 -45 -20 43 44 53 -30 -43 -32 -45 60 65 87 -12 30 -28 -48 54 -55 25 4 74 51 -38 31 -84 -33 -13 -96 80 93 -64 -35 95 30 -29 74 -31 17 -30 67 -93 -4 -29 54 -80 67 59 71 51 26 -83 -76 -40 -80 -18 74 74 90 97 80 -77 66 36 77 28 -55 -20 -81 36 2 44 83 58 -95 -61 78 41 40 -46 -79 43 55 4 26 -31 -82 48 -63 87 67 75 -72 66
38 -69 -70 -91 7 45 -26 34 -93 20 54 -7 -89 62 -33 -74 85 95 -78 -85 -79 -20 66 37 -49 45 -43 84 -12 55 79 16 76 -88 -1 -38 -65 -27 -70 12 -87 -52 -60 28 -25 60 -28 -14 66 -92 3 26 22 -29 -66 51 24 -35 -16 52 58 45 -41 -66 -44 -56 44 71 -77 -57 15 -64 -41 65 -87 -11 -31 52 -49 15 -98 39 41 2 95 -43 -13 -80 66 -94 -67 58 -13 -34 -35 -60 68 82 -83 -9
72 28 24 91 49 15 72 -33 86 97 18 86 21 -26 -43 34 -65 35 63 80 58 63 -72 -90 -70 48 -99 11 55 24 24 8 -81 71 -96 68 -93 70 48 -74 37 -97 -30 -99 51 -21 -84 -20 99 -87 44 83 9 83 -54 -23 -57 -38 48 -95 28 -33 86 17 81 -86 -52 36 -77 44 -91 -35 -37 -90 32 -35 10 68 98 73 97 13 85 -24 -10 -50 -13 29 52 -91 -24 30 -79 90 -41 24 -31 -64 12 -48
