78 -89 -88 -77 13 -63 -44 36 -34 26 60 8 52 29 -45 -9 80 10 -23 52 -62 -50 -89 -66 -51 92 0 -53 2 -55 -87 80 26 -85 -15 -99 -99 5 -18 -92 23 -9 49 -73 43 74 99 -31 35 21 86 -4 -40 -85 52 -10 -47 49 -81 66 15 -75 -1 31 -50 71 -89 -10 68 34 79 97 -22 -53 -28 -5 -91 -96 -26 25 17 52 99 -96 85 62 -72 -42 -69 -75 44 -25 -27 -44 42 -95 -33 -10 81 41
-91 -54 -70 72 40 13 84 -4 -69 -77 50 92 71 -100 -20 -89 -69 -83 -99 -68 8 31 -41 -11 -38 74 -32 -90 84 21 63 65 26 22 23 45 -22 75 20 -66 -27 -16 -97 -20 43 48 9 42 -37 -83 -78 -10 23 -55 -63 -100 0 -85 87 -53 23 94 86 -43 -57 -34 -31 61 64 -44 69 -4 14 -97 -24 85 31 79 69 92 -45 -47 -72 -25 -82 58 -1 27 -51 56 56 -56 63 -31 -77 32 -78 23 -37 56
80 98 -3 91 85 33 46 99 -61 -50 47 -88 -22 59 -2 -92 -88 98 44 -48 7 18 -45 -62 23 -99 -73 58 -72 -61 -9 70 23 -18 -43 29 64 -3 -81 -83 -2 67 20 15 94 83 -40 -41 48 -44 -72 48 95 82 -80 25 88 80 31 45 93 42 -7 -9 61 55 -64 -99 27 -98 28 93 34 0 42 70 -10 41 82 76 -100 -79 13 -93 74 -24 -32 58 23 -9 7 -35 56 -94 -52 86 -18 84 65 -89
-82 -42 -67 -82 47 14 -13 93 11 -58 -44 17 26 -77 98 -68 -85 -49 -73 -38 29 9 -8 -24 73 52 -96 -82 84 -16 -44 -24 84 17 28 -92 -53 40 -51 21 69 -27 -56 71 -15 -90 -65 -76 -28 -91 -7 36 -57 -88 66 21 33 -58 -30 -96 -69 -11 -17 -29 37 95 -86 30 73 62 3 29 -65 60 -14 62 51 10 -7 -26 5 93 -45 -58 78 -9 -48 -37 22 -12 3 20 -90 -60 -59 -98 17 -95 -99 12
12 -39 -64 -74 -21 -20 -1 -1 59 5 -19 64 -10 34 62 -95 -77 -30 25 -49 51 99 64 29 -30 26 -81 45 -75 2 -89 1 -86 26 87 -8 33 -5 50 38 -62 13 -21 32 -89 -75 23 -12 5 -70 14 -70 32 -82 65 -6 12 62 56 16 -2 -42 -19 -84 31 96 45 81 66 -91 -30 93 64 -65 -54 -58 -74 -87 -10 -91 9 -62 -43 -50 1 80 -32 -82 66 -83 18 55 -94 77 49 76 96 -30 -14 21
-22 68 81 -38 41 19 -18 74 -69 -59 -66 16 -47 79 -99 0 -88 -32 -78 -81 -83 9 25 3 -97 -65 62 -65 51 -78 10 90 18 34 96 -83 -80 -4 -18 75 -1 -15 69 -6 86 25 -56 63 -75 -81 -24 -32 30 -96 12 15 -55 74 -4 -42 -47 -43 72 -48 -88 -37 6 -26 -33 24 -64 84 59 -54 -4 -80 -34 35 68 -3 -4 -40 -44 -73 5 54 -84 28 -68 -82 -26 80 99 -9 26 -46 40 13 38 62
-82 79 95 51 15 88 -54 -63 -75 63 17 -57 85 -15 55 70 96 92 -84 -43 41 -95 -56 37 61 87 72 -12 9 -72 -58 20 95 -9 62 5 79 66 58 46 81 -73 -59 80 29 -26 80 73 -35 8 47 -28 -1 -68 -39 76 -44 -53 60 -74 -83 69 66 50 53 -12 69 19 -38 8 -70 0 1 8 -90 -82 -51 -30 52 58 -7 -61 96 12 -44 -67 -88 -68 -57 6 -35 -29 -36 85 -44 41 29 -46 -53 -62
9 21 -59 -94 88 54 -95 -37 -43 57 54 -79 -80 77 -56 -68 67 86 -44 64 57 76 97 24 84 -8 80 -56 78 13 75 40 88 77 -14 -48 0 -4 58 83 -55 -81 94 -95 72 -33 -69 88 -79 -73 37 93 45 48 21 51 -29 -85 -62 -98 -80 -96 -99 -89 -98 72 -69 39 50 1 16 -90 -19 -97 18 -75 -67 -38 57 -26 -100 20 32 87 -44 11 82 -63 75 60 -91 -56 31 97 -45 -31 -73 -35 -4 45
16 -34 -30 69 -61 -30 50 78 3 -98 -59 4 -63 21 -1 99 5 -28 -7 -88 99 32 -66 -23 -60 90 -41 56 -76 15 -51 -77 -95 35 13 -42 -22 -26 -25 99 -14 -35 38 3 -43 4 71 41 63 -88 -32 49 -53 98 72 42 -54 85 -37 19 -55 -71 94 57 50 -44 27 -89 27 -91 -84 83 76 19 -10 77 -21 -10 -52 -62 13 28 24 43 89 79 -36 68 25 21 15 92 -76 -13 79 38 21 57 -69 -45
-31 75 70 83 -97 63 32 91 -78 15 -2 -40 -45 -77 19 -98 3 4 85 -1 73 0 -2 -21 23 99 -46 -26 -61 0 41 -80 59 70 13 -3 64 -61 -42 38 1 76 84 -49 -81 66 61 52 -93 46 18 51 34 67 -86 10 21 -17 18 -49 -85 -92 -98 -4 25 -52 6 -59 2 41 -75 -61 -87 -83 -100 17 31 64 -90 -33 -76 7 -85 -13 -48 -18 45 8 20 -81 16 -44 -99 -86 7 -54 -82 43 -13 26
98 -78 -1 6 -32 43 92 -57 -43 19 -2 2 -19 -10 61 98 38 -69 13 68 11 79 -27 54 23 55 49 76 -17 80 46 -80 -48 -20 -66 -40 47 -41 -78 76 -19 -53 4 55 -41 -28 16 81 85 -90 31 34 1 35 -15 97 -20 -61 97 90 -35 44 30 -19 9 59 -51 80 59 -53 83 74 81 -3 32 -89 58 24 -19 84 -57 94 -20 86 -91 -80 78 -1 -31 25 -2 16 50 81 -61 -18 -8 -2 48 72
-15 72 -66 -33 89 -79 -76 -20 -16 -1 58 92 54 -82 38 21 4 70 76 36 32 -57 -3 -85 52 -61 -18 -44 45 -21 -42 39 77 -34 -19 -88 27 55 25 83 43 -61 43 99 -28 -47 48 -12 28 -55 85 -45 -52 -55 -1 -59 96 12 28 81 -27 33 -24 -39 50 -6 19 88 -75 51 -34 -74 -62 14 -78 61 -10 -85 -26 -100 -66 85 -91 12 18 -36 28 -64 -42 5 -3 -55 -78 -8 52 55 -90 50 -88 -66
-42 -52 16 -59 -66 -50 -68 -21 35 -20 -15 -7 56 -9 -21 41 -47 81 34 -87 62 61 -24 -71 -73 -9 -17 -11 9 28 35 -58 -12 -5 19 89 41 37 23 33 -9 43 -71 -74 -1 -54 -3 -57 -96 51 -13 -27 -67 -54 62 31 -44 -8 60 43 75 26 -82 -51 -39 -94 -79 6 76 -79 -21 -36 -70 97 -14 -65 -28 58 -25 -54 -30 -89 -19 42 -56 -14 40 -40 -51 0 47 35 -99 -73 15 93 81 -88 -24 6
68 67 -51 46 57 92 -15 91 -45 98 31 49 -1 -79 35 35 -46 77 -63 -83 -47 -24 78 -10 -88 -37 -85 -37 21 -4 -44 -13 8 -40 77 -67 37 -46 -84 11 70 -95 -29 37 -32 27 79 76 -58 45 -3 -76 91 -78 -94 27 -26 57 -40 -24 95 -57 25 75 60 76 -17 83 -26 44 -41 30 20 76 57 -61 74 -80 90 50 7 21 16 -10 -66 -7 37 -79 39 57 53 10 -90 94 -96 -50 74 -33 97 93
22 76 86 43 97 34 -61 -96 -47 30 21 -43 -96 -21 56 -90 -1 -68 68 -79 22 54 25 14 -3 -93 -43 43 -75 33 27 18 70 -90 -11 2 -1 65 -67 -54 83 7 -79 61 -17 47 33 51 -52 19 64 64 -9 -45 -100 16 -2 33 12 -26 42 27 -70 63 -84 -49 76 12 -84 -34 -42 81 -36 32 13 -47 -32 19 28 -80 42 -70 -25 -48 88 -17 -83 71 -50 71 51 99 32 30 55 -18 -15 10 -72 71
-27 34 54 -100 76 -26 -14 99 -55 53 96 17 -22 39 -46 24 81 -34 29 -100 -75 -11 -6 80 -46 73 35 -13 -28 5 50 -96 79 55 1 -95 -87 16 41 6 -93 -77 -11 28 93 -78 19 16 -67 24 37 -67 -29 -53 46 8 -70 98 91 -9 75 -30 -70 -55 -42 78 -97 -46 -67 67 82 11 -83 32 66 66 -34 11 96 35 75 -84 -74 -75 95 -95 -26 -53 -100 -75 44 -61 72 31 33 -12 96 -99 -9 10
44 -25 -79 32 -80 43 87 55 -9 61 -70 50 38 64 -68 -51 -99 -1 73 -73 31 -15 -2 -73 -65 97 -26 25 -30 -38 60 87 -78 48 36 28 41 -43 52 94 10 -17 -16 42 68 90 75 -25 -95 -63 -59 66 -75 63 33 -95 90 -44 -9 68 -36 75 53 -95 -13 -1 -5 39 -5 -99 -66 25 -6 13 89 -2 25 -60 -67 97 63 -24 -87 88 -66 -15 54 56 72 90 49 -50 -37 -100 69 72 -67 -20 -13 -36
-45 79 -89 35 -74 42 28 65 -49 -10 29 57 -56 -36 93 -65 -66 -5 -30 0 41 95 27 89 8 -33 33 59 -10 -70 -86 25 -17 -34 -90 -100 -65 -48 -84 59 48 -75 -83 37 32 -77 -77 64 -33 -19 -90 -22 97 31 69 -75 82 -70 -11 74 3 78 59 64 32 3 -93 11 8 -34 -59 6 97 -76 -61 32 69 -76 4 -65 45 -42 42 -69 -76 56 -94 55 -57 90 -68 86 40 1 39 5 -38 10 -55 16
2 -10 96 4 -49 -51 43 2 -43 68 -13 -16 -58 89 70 87 85 22 -3 -90 -20 16 56 10 45 -7 12 75 72 -45 -81 -58 11 62 57 59 30 33 66 -48 75 -84 79 86 72 5 -9 -29 -56 33 20 -55 -88 -54 13 43 -54 -31 69 -6 -56 -92 20 78 52 -4 -61 24 41 86 -96 96 89 -29 77 59 -31 -41 -27 46 -7 30 17 -74 -79 -51 -90 -75 26 -88 28 -3 1 -47 -49 15 88 81 -100 47
12 14 -11 86 69 71 87 14 43 81 49 -4 42 99 -29 -3 31 28 2 -14 -11 31 -64 -26 9 46 -16 22 95 -73 -21 -79 65 48 72 80 -7 -37 -80 27 57 -57 27 -7 74 -58 -85 99 -31 32 64 4 -76 64 -1 -13 16 -99 -62 70 77 16 -27 -13 48 36 22 -97 50 -81 -12 94 -22 -5 21 74 -87 -91 18 -82 -15 96 68 27 -69 72 -84 25 -14 -45 57 -51 55 -97 9 18 21 -78 1 -40
47 -86 37 90 -23 -20 -5 31 51 93 32 85 -27 -16 72 -58 -34 98 70 -81 -20 56 -88 41 -24 56 -63 98 -85 -92 88 34 -74 33 -4 -99 -40 17 -74 -78 86 -62 -42 -88 17 27 96 -57 39 -57 -18 92 -26 -96 -55 -57 -65 80 -70 46 71 87 -11 -25 58 77 -53 9 -76 -40 -34 44 83 63 -86 -75 -14 -87 -74 25 -11 -65 -92 -36 -31 43 -96 -7 -33 59 -31 70 39 -10 -71 4 18 -74 15 12
-16 -4 -82 -99 0 7 35 23 -99 -100 47 -20 81 -36 68 78 -31 -78 -37 -94 12 -26 -77 -100 55 -2 11 -16 -78 8 -94 79 1 39 88 -13 93 -83 20 48 2 -36 62 -37 -30 -33 86 66 -75 -87 -34 35 -41 39 84 24 -48 50 -29 58 -96 85 69 6 -42 93 -31 24 -82 -11 52 80 19 -41 -89 52 4 4 87 -6 41 -16 -41 -5 -93 -75 -32 -33 78 -8 -44 -2 -9 35 83 -13 70 79 -68 9
25 69 -89 72 21 -72 -81 93 -14 -6 -53 55 -34 7 -14 89 42 68 34 -25 81 34 -91 -64 -95 91 -38 29 41 54 -61 93 -98 95 48 -81 70 -76 54 -8 -89 17 27 25 -22 -19 16 -10 71 3 -31 9 -9 4 -36 -70 26 -58 -32 -24 -23 -34 98 91 -31 54 -72 -23 3 81 59 9 60 -98 54 -82 3 -31 83 94 -84 -29 58 41 -95 -68 18 -22 -21 78 63 -35 49 38 -68 2 15 98 18 70
27 78 -48 27 25 -2 7 84 27 7 61 -72 -22 68 -96 -17 -61 81 -23 20 -7 -32 31 64 64 -69 11 -78 18 -19 91 66 -93 54 -22 61 -77 -53 32 63 6 -74 20 55 -48 -83 -67 -57 -70 -75 35 -39 -23 -45 -1 -34 -21 -34 -46 -25 63 61 15 -98 23 31 -74 90 -87 18 85 66 84 -19 28 -69 63 54 17 -29 50 50 -77 63 -26 16 -78 22 -30 -12 72 98 -84 -18 -1 65 1 41 29 -85
-82 37 3 12 13 -65 -25 39 -54 57 99 84 27 93 22 -94 -76 60 -95 -66 -24 41 -2 -82 35 66 -8 23 88 -15 -14 21 -80 88 81 77 87 -79 77 12 68 91 -5 -12 26 -89 3 81 -26 -81 23 62 -67 44 88 96 29 49 -68 -86 -41 61 -73 96 64 62 78 -93 -70 77 50 30 -53 53 33 -65 26 99 73 48 29 -93 57 -1 -28 -49 -75 -64 -93 94 73 -31 -63 42 -33 32 80 -40 -5 94
0 61 95 29 50 62 -5 68 -67 15 61 84 96 74 88 -2 35 11 29 -96 11 -92 -33 -70 -95 54 -39 60 76 60 -47 40 -37 67 -23 83 -50 -80 66 73 -82 -61 -62 95 -42 -60 3 87 -23 -10 68 -70 -25 -80 -70 -68 -87 -80 47 -50 8 21 39 12 -76 56 57 91 86 13 -89 85 -22 -16 -62 -6 -8 -24 31 48 -41 -43 -81 -90 4 37 63 -70 -17 -61 8 12 51 -10 -83 84 4 40 11 -52
57 -68 -24 31 68 -96 -44 -19 -92 91 -40 -7 -89 -19 -18 97 -82 72 74 25 -93 -20 77 -80 41 -46 1 97 -82 53 96 -28 2 93 0 24 -83 -13 58 -5 -90 35 -16 41 -36 -98 66 95 97 -33 44 -33 -42 1 38 -54 73 82 -26 -8 -51 -57 41 54 -59 -78 -92 56 -23 23 -64 -72 -62 88 38 67 27 62 -53 38 15 -12 -58 70 6 85 -64 22 2 94 25 67 -39 15 -89 -15 -10 44 66 72
-67 -14 -47 -59 38 84 -52 -76 -84 91 92 -31 -32 -10 -82 17 78 57 -12 -69 -25 -74 -88 6 -23 39 24 -8 -32 -75 -24 -44 -27 -31 -87 -25 -18 98 -5 62 -83 96 -90 31 -96 -75 -4 -45 -75 66 17 92 -63 -97 26 83 40 -21 -2 9 -72 -33 -50 -69 -61 50 60 -4 -41 94 64 0 42 80 46 -91 45 3 34 -83 32 39 1 -65 31 -40 85 -84 -55 -66 -11 15 24 -43 77 -8 -8 -24 -44 -68
72 47 -28 -62 -98 18 -73 90 -8 88 -19 -89 -42 -56 83 -37 -100 70 34 -81 -10 -34 -67 -9 -9 27 99 25 17 43 -9 99 -86 72 -33 19 -65 84 -93 72 76 31 -14 -27 -73 -21 96 15 35 -94 -10 -83 -55 87 16 -25 -1 -24 96 -21 23 -91 55 13 89 -28 -42 87 -93 91 -67 71 55 58 -69 23 95 -19 93 -38 -1 -65 -32 -35 -12 -46 -73 61 -48 -57 10 -100 70 -57 -31 20 -57 -72 86 -6
16 75 97 90 -17 -28 -90 -78 -57 85 93 10 69 -87 53 -98 -5 29 32 -21 45 1 -57 77 22 -2 62 -98 85 -8 -81 65 -52 -98 -66 26 30 30 43 -71 0 59 15 94 -46 14 -82 77 -17 31 -16 41 73 92 -78 -46 14 -10 -19 26 -44 -16 -40 1 -87 -67 -72 -98 46 83 58 59 -59 22 -70 -33 -16 82 -94 -66 89 22 -33 14 29 71 -63 28 38 -48 13 18 98 -67 -69 24 -26 -77 1 -32
71 78 84 64 -67 40 82 -52 -31 -63 98 32 -25 92 40 -41 -34 1 71 52 42 16 -64 79 29 -56 -71 -78 -29 -68 86 37 -65 -58 1 -36 -11 -55 84 -95 33 -12 -78 -51 18 -24 31 -100 -65 10 28 3 -77 -70 69 13 98 -21 -49 -100 -91 77 -29 73 -93 12 24 31 -89 86 71 -31 -19 -88 -71 33 84 -22 -48 -8 -88 93 -10 -61 63 24 4 86 -90 -13 83 9 -99 73 36 13 -59 38 75 65
-26 58 -96 50 -15 -26 86 -47 7 -98 38 8 -40 -25 30 -97 -43 -88 19 -6 82 -4 73 -57 40 -8 -45 -40 -82 -96 -1 -77 -56 -72 67 54 -35 -16 67 -58 61 -72 -83 38 86 -98 89 93 -98 54 -28 32 -32 -80 -4 -74 99 47 -43 52 23 -27 64 -20 61 -2 44 -28 -96 -62 -97 -80 -49 -9 -15 -75 62 -88 -64 -13 77 27 -100 58 59 32 -45 24 34 -21 72 -2 29 57 64 97 49 91 96 -41
-28 19 55 -22 -85 92 -9 35 15 -18 19 -18 -96 -86 27 48 -53 47 -10 -85 41 8 -79 14 -11 -65 46 29 18 -75 93 -71 54 38 10 83 -90 -62 70 5 18 16 -75 39 -79 -1 -12 79 51 78 52 64 43 35 -8 67 -27 -77 84 -53 -89 -62 24 71 -35 5 94 99 3 15 60 -9 76 -95 94 27 -66 -63 49 62 14 3 96 44 21 4 -36 69 19 -67 27 56 52 52 -97 21 -30 32 27 -44
-68 -29 -51 25 42 -89 -61 50 -80 -58 97 67 0 57 90 -14 -51 87 16 30 -11 -34 -83 28 95 41 -88 55 87 12 -72 -52 38 8 -33 92 77 48 91 -62 9 97 -98 58 39 77 -90 96 -38 5 19 -39 -11 -26 -25 42 35 -73 -35 51 -3 -63 44 85 50 -31 51 22 29 -75 59 20 -90 98 33 17 -16 -44 17 98 67 84 10 -8 92 10 -19 90 73 34 19 -92 1 -95 49 78 -48 24 3 -89
-62 -47 34 99 -92 5 -52 -60 61 -83 97 -40 86 85 79 82 -57 -82 29 84 -21 -41 -49 -93 41 49 -76 11 -33 18 -11 -73 -76 14 49 -97 -31 23 92 -68 84 96 -88 32 -28 39 64 -77 -56 -46 57 59 -23 23 3 -46 -18 -13 39 81 92 -23 -79 64 -85 -24 45 -51 38 31 -2 -11 50 -37 16 13 34 76 -35 76 -27 70 41 -90 -6 49 -75 46 -80 -4 29 7 59 13 -48 -26 42 96 82 -40
57 13 28 91 -75 32 1 -96 -88 65 32 -24 -15 -57 73 9 -97 68 -92 6 -51 77 8 -14 -15 -40 47 -46 -44 -94 33 4 -68 63 3 -21 -89 49 -4 69 -19 -96 -16 -9 -99 -47 -56 84 -2 -42 98 74 -67 5 -73 19 -42 -41 60 6 92 77 -57 78 43 -91 46 76 -89 -59 25 51 74 -7 -68 58 -2 -21 8 5 -82 -52 -31 -33 -47 82 32 -79 99 5 -85 -5 -82 -10 -81 66 17 -36 69 37
-25 4 88 -100 15 75 35 -37 86 -60 86 -51 0 93 -50 26 -55 63 44 -65 -59 -19 -35 -37 70 89 -99 -13 -29 -32 -88 30 23 -48 84 -25 51 -45 53 -63 -89 -58 -95 -20 20 17 -1 71 -9 -10 -24 -78 7 -60 32 -88 -58 37 87 -17 -92 -81 -53 80 -39 60 -45 -69 89 -58 -10 -72 89 56 52 96 -20 -69 -86 -9 67 -2 -6 -78 -79 52 1 49 50 -71 -76 -3 50 -24 78 -60 34 -63 37 76
-22 -97 -10 70 -94 -72 -18 74 -53 -14 5 -74 9 10 98 -25 52 -66 -13 -69 61 -1 12 -50 19 29 38 50 -88 -6 92 4 -45 23 85 21 24 66 7 62 -13 65 -11 -85 -50 73 -78 37 97 83 33 -71 38 40 -89 48 8 71 -21 53 34 46 83 -67 31 -57 -93 -53 -95 29 -60 76 -78 88 83 -20 77 -7 -86 7 50 -24 52 -32 -23 2 58 -9 -13 -75 53 71 -63 80 72 81 -16 -100 -58 37
-12 3 -30 36 -25 15 -42 -18 90 -5 71 4 25 58 6 2 -2 -71 -79 6 0 69 -85 -10 -97 -64 61 25 -39 7 -95 8 -87 24 -11 -16 -41 31 52 89 92 81 -77 -56 -54 94 -77 -21 -87 -57 19 -44 90 -13 61 -22 -13 47 -48 -66 -74 -58 -48 -35 -80 41 -51 73 68 74 82 82 -36 45 -11 95 52 -67 82 78 -63 1 20 -90 89 -34 84 -49 -5 32 -31 -77 58 87 -94 62 37 18 6 23
2 -63 -87 62 -51 14 -49 97 -6 -36 66 52 -67 -89 -8 97 36 15 -98 46 13 59 -79 -48 -82 24 95 72 64 88 -27 -93 -35 98 60 84 64 20 92 9 80 -57 78 70 99 -80 -96 89 -88 -64 -44 -17 87 62 67 42 -25 -22 -14 5 -30 -98 -95 87 86 41 -10 49 31 -70 -44 -52 8 -3 38 -48 96 -54 -8 -68 69 98 24 -88 62 -41 84 40 -2 -59 97 5 68 -22 -33 -21 -26 60 -87 -5
63 -51 84 10 -91 97 96 -78 68 -46 98 -7 -51 90 -46 33 12 67 -75 -19 -93 -45 1 72 17 65 88 -34 24 -70 61 8 -90 33 73 3 82 52 -12 -13 68 -13 -86 46 -64 45 38 -12 -13 -23 63 77 -61 -20 -32 89 -43 89 -34 -5 -94 4 40 -82 -65 89 30 -89 -23 -11 -68 -49 -78 59 -61 20 -86 -45 50 -38 77 50 43 -94 52 -95 -40 -73 32 71 74 -34 51 -100 53 2 46 -28 -77 76
10 39 70 24 -55 -9 79 25 75 38 -76 7 88 18 -64 3 84 81 28 -86 3 -56 -62 -36 -18 11 -50 -95 7 -18 -11 59 -64 96 78 -82 -89 -4 -37 14 53 76 43 39 99 31 -37 85 16 37 58 66 -6 -45 -47 64 27 -26 50 -78 -26 -42 -45 71 8 18 41 56 35 3 -93 27 -77 -27 -66 62 -11 99 -41 -77 92 45 1 8 -18 52 -93 28 48 -10 -50 56 -22 51 -79 -5 94 47 93 25
19 72 69 -39 -4 67 -85 -44 34 17 20 36 -27 13 53 95 -49 -52 83 43 17 -88 -61 -67 92 -32 -25 -68 -83 12 -82 0 88 8 -80 -85 49 54 59 52 -99 55 -3 -83 80 -58 -31 -35 63 27 34 -96 -62 2 88 0 84 -49 -58 -49 -49 18 -44 -77 -28 -21 31 -75 76 -48 81 -84 32 -55 -67 -7 89 90 60 -91 -87 38 -12 -24 -47 49 14 -27 75 -37 -31 8 48 -66 4 48 -17 30 -69 -35
-19 71 -5 51 81 -68 8 68 67 -8 74 -83 -1 -69 65 -8 -22 18 -92 54 -60 -24 -99 14 27 -1 -19 84 -75 53 39 63 26 -46 -69 72 36 -48 -30 -94 82 -17 34 25 -80 28 -12 -20 44 -38 44 -38 54 43 -76 43 55 37 38 -19 4 0 -24 -36 -33 -57 -70 -19 -51 77 -47 77 -4 -39 -98 17 17 -69 -98 79 -90 -13 -100 62 27 -42 -12 55 -37 81 25 -99 -11 -6 80 80 -11 -89 38 -12
47 56 -79 -59 -25 -95 -70 83 -8 -29 -71 16 1 -80 -21 -31 -45 -10 91 96 -75 35 46 37 -13 -86 10 -30 10 -50 -100 58 -29 -33 -32 -67 44 -72 31 38 -93 48 97 -78 -89 -66 -79 -89 -38 -89 -94 -89 -41 -5 -36 -94 86 29 -98 8 45 41 -42 19 65 -72 19 -70 32 35 -65 -20 12 -89 -50 55 88 7 -60 50 -92 39 -74 -68 1 -18 -36 92 -17 44 78 27 30 -58 -56 -81 59 64 -1 29
23 -59 14 -52 25 -20 8 -51 -6 -96 43 -99 -7 87 -67 0 37 51 -85 17 -12 -100 -26 31 -57 19 -13 -96 68 -20 6 -68 17 80 -72 18 -82 35 6 44 -70 61 51 27 -26 36 92 35 37 85 82 1 -8 -93 -22 -3 -29 -64 -41 8 28 -92 -6 31 -80 7 -38 23 -79 41 1 -34 51 33 17 -47 12 68 -92 -7 17 71 -69 49 0 81 59 -75 -23 77 -54 47 24 29 -15 16 -77 81 -91 -75
-33 -96 47 -33 -94 -74 -74 -77 2 46 98 1 71 -34 -7 -34 -49 38 41 -55 84 -81 30 -7 99 70 -16 65 -61 41 53 77 -19 60 59 -5 -99 -83 -5 68 -96 -25 49 23 -64 65 36 -84 -49 -50 35 -30 -15 11 -7 19 -83 74 33 -80 88 -66 67 6 33 30 62 55 56 43 -67 87 -32 14 -77 93 49 -12 78 57 59 33 -29 -64 -54 -71 -92 44 11 62 61 -79 -81 41 6 -9 -58 1 31 -62
-68 80 -97 -13 71 62 54 73 -18 -29 -36 41 78 1 45 44 -38 74 -92 -41 53 -33 -27 -71 2 -59 -13 -28 -61 -83 -91 -35 -78 -35 43 -14 -66 -15 -21 -22 50 80 76 -14 -55 -14 -13 64 34 41 -28 -83 32 -67 12 16 -11 -45 85 71 -24 4 64 1 81 36 -65 49 -78 -62 89 82 81 86 -63 21 -72 13 66 -87 -54 -35 -88 3 94 56 53 11 5 -88 80 59 76 24 40 84 81 90 14 -94
-82 5 -7 66 14 12 -94 -7 84 -41 24 -63 -77 38 -38 29 -9 -12 -89 48 65 -1 -34 64 24 50 75 -23 46 32 -33 -71 -56 7 -44 84 71 87 -18 90 38 39 67 -88 27 27 25 54 -99 0 11 -78 -78 -74 -20 76 -92 34 -44 -14 38 -84 -35 64 40 -25 3 -93 -23 50 -15 35 -84 -91 86 89 73 -93 21 -51 27 75 -47 -72 19 95 90 88 18 -27 -75 72 68 85 64 -14 -80 1 39 -38
34 52 -50 67 -92 99 -7 -56 -2 -1 -26 8 -47 85 8 0 83 -30 -3 -72 50 -43 41 95 -37 47 -87 -99 19 14 88 94 -94 24 -29 -88 23 68 -83 19 33 -1 -100 -53 25 -65 -92 84 -91 -84 25 0 17 -4 -91 -2 -79 31 10 16 30 74 -44 41 -26 -90 8 25 -52 -27 11 -4 41 -30 14 98 22 10 -7 90 -41 56 -10 -19 72 17 -6 -99 -60 3 -51 -86 -11 32 -74 52 -71 -38 -99 91
79 -20 74 -26 -11 84 48 -1 -2 -60 -71 56 -98 -65 -63 72 -28 86 -40 18 71 33 -16 -25 46 62 92 -21 69 27 -68 -54 53 1 3 -30 18 -68 98 -35 -26 29 96 12 99 -69 -65 97 72 60 9 -71 52 92 16 -91 -2 3 66 -51 -65 -13 -98 -93 -61 -54 -49 -95 76 75 -46 -75 -72 -14 -68 6 -22 18 60 76 -37 -43 -90 -84 41 65 -81 40 -58 -30 30 28 33 -17 -21 57 -40 17 17 -57
-97 -19 63 5 -70 -77 89 76 -42 -16 25 -26 5 68 -27 84 -26 -54 -28 -62 -61 17 38 -100 -5 -13 56 90 40 31 60 -10 1 9 -99 -66 -20 -13 53 -79 -18 58 88 30 -71 10 66 -1 -78 -4 -65 33 15 -21 21 -2 2 -38 -83 65 -41 -81 60 -72 -79 -49 22 -16 7 48 -62 -45 -19 3 61 -56 14 6 -5 -93 26 -20 -22 59 -87 84 49 -97 32 2 3 -35 -41 47 3 -14 -70 -18 38 -55
-52 21 -16 38 -21 -33 63 -7 -51 -33 -73 -75 -70 8 18 -96 -95 3 -85 12 -26 30 15 -77 -41 -80 -14 -12 80 -46 -88 70 -72 -66 -83 6 52 73 65 11 71 96 -57 21 8 -41 -65 -88 -54 -20 -22 -74 92 27 13 29 54 -88 -51 -50 -5 94 -28 37 -16 6 99 85 62 96 -49 32 -47 9 24 -13 -58 -6 71 -27 79 47 82 -7 96 15 -2 -30 47 -15 -94 57 68 -85 -58 -67 50 5 75 -63
87 83 -68 -16 -62 -85 -84 34 15 -28 51 -44 50 40 51 32 -93 -72 85 -55 -100 36 3 23 2 -67 -47 43 3 98 12 67 96 66 24 63 -39 -97 -42 -79 -99 72 -71 85 24 -71 45 30 33 -60 84 -33 -63 -1 -81 71 -42 -98 -94 -15 -54 -84 -49 59 64 -90 -1 -44 71 -94 56 -41 -91 41 55 4 51 -16 -15 -86 8 15 -90 -80 -53 83 48 -86 3 58 88 -66 19 -58 93 -64 -1 65 -83 -82
2 96 90 67 82 -44 -1 37 -61 75 49 44 44 37 61 56 -39 -38 -47 67 -60 -7 -89 -11 67 -58 55 -73 -94 -73 -19 -65 24 -2 17 -2 49 74 -49 23 2 -47 49 -10 -33 92 61 -50 -16 -96 -86 -63 -27 -30 -61 93 52 -98 98 8 -20 -43 -62 29 95 -59 76 93 26 -70 68 77 -70 -22 92 -72 -96 -58 7 78 -34 -39 41 94 -99 -25 -17 -26 -42 -67 -31 -44 37 49 -11 -95 39 53 -90 22
-24 -75 -23 -13 69 65 31 43 -16 73 41 26 8 33 30 97 85 -7 -23 68 68 85 -67 57 64 35 -82 45 76 84 -52 83 -52 81 -25 -22 26 -27 -14 23 60 -73 -49 31 27 -81 53 87 50 -85 -98 -50 10 97 15 -36 60 -4 -24 -30 -45 -41 -82 -26 6 32 46 -100 -10 91 34 12 53 26 -22 -27 48 13 53 -3 -82 -10 -78 -93 -14 52 -37 -73 55 -52 95 -50 56 0 -60 90 48 39 91 -99
65 -93 96 -100 -8 27 48 -15 -25 3 49 -1 -51 87 -83 -67 -19 -76 -63 83 30 62 -98 -87 -34 -12 74 88 27 -94 61 -58 -35 -20 60 -60 14 80 39 -6 43 -100 89 62 -85 -67 41 17 -70 52 52 37 -34 19 -80 62 -41 64 21 -82 29 -25 -36 61 67 54 88 -39 47 -90 67 -94 -94 -14 -1 11 -43 56 38 -72 -70 7 31 17 -91 -24 -5 -53 -34 48 9 -25 95 96 40 -58 27 -71 23 -90
58 -66 45 26 -25 87 -40 -74 -89 81 83 29 81 10 -84 -8 -61 -29 16 31 22 63 -41 -11 -76 77 93 -90 -4 81 -18 26 -15 -71 40 6 -43 -62 -5 -88 99 64 54 -62 -49 96 75 -32 95 9 45 79 -30 95 36 -68 80 -92 92 -7 -47 82 29 3 -49 31 64 -26 -84 7 63 -5 -31 -50 -33 -96 -9 78 -41 -49 -23 -79 36 -63 63 -47 -100 -7 -63 3 13 -85 8 -78 74 46 -27 45 -48 -69
1 55 -9 -94 -32 -18 2 5 37 -47 29 -40 -4 -51 47 -44 38 -38 32 -54 90 -24 55 21 99 15 68 -70 -24 -1 -64 14 84 -65 10 80 0 -64 17 73 -54 48 76 -60 15 -94 83 -21 26 22 49 -46 2 21 -100 92 -98 -12 -10 -12 97 16 -64 -77 -60 46 5 -27 -37 61 -36 -19 91 -32 -2 86 50 -76 -26 23 99 -51 61 31 60 73 -10 98 8 4 33 -46 19 6 20 53 -95 80 63 62
-31 -14 -21 -57 61 8 -82 -37 27 -29 -84 65 33 -90 91 83 96 -53 70 62 -40 63 -53 -26 58 49 16 10 99 47 -76 -22 88 10 -73 -80 -93 -81 56 29 91 68 -21 92 9 -96 -37 -21 -31 -26 17 25 37 6 -35 -21 -86 82 91 2 30 5 77 -9 24 -99 -41 80 -67 -84 81 -30 38 -38 85 64 3 96 9 -83 52 20 -90 -24 -12 56 -47 18 28 6 14 -32 -48 -50 -27 -21 -82 -69 89 -91
98 41 -84 44 46 -5 -37 28 71 -90 -84 -26 87 -38 67 93 96 -28 -66 -87 -6 50 -61 2 90 -92 -28 -9 3 0 62 -40 -64 -66 -2 22 79 52 -64 -69 36 -78 36 -14 -38 45 22 -99 -75 82 10 -72 21 -53 -48 60 64 -75 -48 85 84 -1 58 10 36 36 -87 41 -20 -28 51 -23 -67 27 65 65 22 -62 -87 -84 -23 60 39 -32 45 36 86 22 -17 -12 39 -20 59 -5 75 49 48 -39 -90 -81
-59 -2 -6 70 4 88 21 67 -63 58 -27 17 62 -76 0 57 53 7 37 94 16 -14 -9 8 69 -25 -4 41 37 75 -41 -87 27 -34 -84 -10 75 -6 27 56 -87 61 -100 45 -25 33 -98 30 92 31 13 -5 -13 -4 -91 88 84 47 16 -83 57 36 79 86 41 -98 -87 98 26 -4 -67 -14 -60 -73 56 18 78 -12 -14 -59 82 -87 18 11 47 -91 -25 -75 -94 -87 -53 -6 -87 21 -62 45 9 35 -66 -48
56 34 46 -35 -13 47 -95 -12 11 55 -73 -76 -45 48 -91 -95 -61 90 -59 -11 -52 37 -97 -88 -44 -3 84 39 52 -3 -23 -29 -59 52 -22 -97 -82 -99 21 -3 -75 -99 98 -7 -95 61 -83 25 -18 -55 17 -52 -49 -65 -70 -74 11 38 48 -69 56 -39 8 75 34 -90 56 -28 -35 -22 -57 -19 35 16 -39 35 66 35 -38 30 -33 -22 42 58 87 72 -81 -67 -5 2 -55 74 13 -54 86 -4 -10 8 -99 -27
-24 -8 61 6 82 -33 38 69 68 60 44 -60 -31 -32 19 64 -34 -54 -29 14 56 -56 -58 99 -86 -49 54 22 82 -50 -7 25 51 -47 29 35 66 -81 95 -65 -74 72 38 -12 -73 26 85 -68 -33 -22 -88 14 -73 -35 41 99 90 25 -7 62 40 -51 -91 59 -29 -34 42 -31 16 91 -41 54 32 -15 81 80 25 -56 -29 20 86 35 15 -75 -85 -28 20 -45 -67 18 43 87 -42 29 -71 -40 92 62 -93 -49
95 92 82 87 -67 56 70 57 -62 9 -8 -30 57 -77 64 43 -99 71 -74 -75 -7 -60 -17 -2 -28 -95 -95 -3 -55 44 76 -14 86 -26 24 9 -52 22 -79 -75 -28 38 -45 54 -83 -47 -34 -56 -79 6 -98 -45 34 -44 55 86 30 -69 -3 -96 64 7 34 -91 40 19 98 94 -45 92 -11 31 53 37 -28 -84 -65 74 70 -16 27 58 -55 74 82 99 -23 14 -33 17 -44 -46 -38 33 -9 -97 44 0 -2 14
30 -50 33 -26 -29 -34 -90 56 12 98 98 81 32 -70 -65 55 -15 -49 19 77 12 79 -90 50 64 62 -41 -96 -9 -44 -16 9 82 -75 41 98 -61 -80 95 -94 44 -30 -67 -18 -8 -29 63 97 -4 67 27 -74 -72 -43 35 -81 63 63 3 -1 64 85 -27 -4 73 -56 38 -17 -9 -91 4 -99 -66 -100 99 -42 -59 -24 22 -57 -69 -81 -5 -74 -21 65 -32 60 39 64 96 26 -38 71 -9 52 -45 -45 47 -67
70 -76 23 -65 -88 -82 2 -9 70 -19 -74 46 -39 83 78 68 -51 -78 58 -26 11 15 18 21 -41 -77 -88 -25 73 -46 -40 -54 -87 65 -83 17 -82 55 -95 -73 85 60 -70 0 -38 19 -47 5 69 43 1 -5 53 57 -10 53 16 40 26 -10 -70 36 94 -76 -43 49 2 45 0 62 -68 18 -15 44 -99 79 11 40 -32 -23 -38 -3 48 99 4 24 32 36 5 98 -21 -20 -2 -57 72 -29 -71 -6 77 4
9 55 -74 57 13 -91 -18 36 82 -96 88 30 57 -45 65 72 79 85 49 56 56 -63 67 -82 -83 -58 -76 44 49 66 -74 27 89 -58 -88 -37 71 -13 89 -52 87 97 -12 -32 -39 -34 99 85 40 62 4 -19 28 16 -51 56 -47 -39 -77 64 -10 51 25 58 33 -19 61 90 -37 -84 66 -57 -57 30 -38 -52 11 57 -37 -10 -95 -23 46 40 49 26 -67 -97 -70 -94 -27 12 -46 -43 -48 95 58 -58 51 -87
-22 83 -4 93 -56 62 50 15 -61 59 -99 -68 38 -64 -23 -37 94 57 -89 68 83 -65 -80 -22 -61 60 -42 80 13 40 -50 -34 86 -68 31 20 89 -55 -94 76 42 86 -67 84 -56 -17 -63 -2 -98 -68 -60 0 85 2 -85 -23 80 -91 96 88 -49 57 -34 -74 82 88 63 -75 11 92 -69 50 89 -75 -13 0 -5 79 61 -96 36 -24 17 79 -24 -44 -94 -20 -42 75 37 40 -1 61 43 0 27 41 48 77
-36 38 -69 -85 -17 -83 38 -72 22 -15 89 -57 14 47 83 -91 -86 -83 -86 30 80 -4 76 -36 -51 -94 -35 -4 -68 -22 55 25 59 -71 71 -32 -40 19 -59 -18 65 5 74 68 2 84 19 -26 -92 99 24 35 2 12 -80 84 29 80 -68 14 86 86 -87 94 81 -36 -13 -2 -6 43 40 99 -38 -79 48 76 41 -75 -60 -42 -18 -45 53 33 -13 72 -11 -87 -15 97 -69 87 63 54 -41 -62 35 -70 -98 -23
-23 -38 78 97 -24 -45 -14 -11 -63 -59 -26 -78 -23 36 -63 40 30 -87 -14 90 87 66 24 68 -66 60 7 -14 -58 -6 19 22 -14 -96 62 43 53 8 32 94 -40 86 60 9 51 -52 -37 47 -91 7 -34 25 42 -74 -14 84 72 45 47 -78 -37 99 -56 1 -54 13 -65 -48 46 -31 -95 -42 -50 60 -30 26 -64 -75 9 -5 -31 -81 65 62 -82 -16 -77 46 63 54 -46 75 -81 -24 33 26 39 -94 57 -1
39 -32 62 46 54 -57 95 -47 33 -83 79 59 -90 -73 26 46 93 3 6 76 5 82 -25 -64 65 -95 -46 33 -14 -49 -10 -66 -85 69 11 67 -50 -91 29 -66 12 -54 -95 89 -38 -59 34 -13 -68 -43 -17 -25 -75 64 -1 87 65 99 28 40 -15 -11 74 34 -18 -62 50 -3 44 15 -96 -31 20 11 -72 52 -27 -5 -63 74 32 27 23 -42 34 -51 45 91 -17 -73 -56 -48 -20 -24 -34 65 -68 -28 -63 -49
-64 54 10 69 36 -91 -99 22 40 34 34 -58 -100 -7 46 21 79 6 42 99 1 -40 -1 -34 69 -63 -28 36 -38 89 20 30 -3 -29 27 -17 -56 -88 -93 -62 72 -43 -14 -34 97 -74 -4 69 -43 17 2 -63 -60 -84 21 -23 4 19 5 35 -16 -5 66 19 -89 95 69 73 76 21 -25 -13 -69 98 49 -25 24 -98 27 29 -50 -42 -5 -25 -11 -37 85 4 -45 -36 -85 34 -1 -64 -82 -74 4 76 34 -92
-93 -35 80 80 16 -33 68 -77 -79 -3 -57 -76 66 -51 -74 3 79 -97 31 -20 74 -95 30 -20 -2 -39 -57 67 86 34 70 97 66 92 21 85 -1 79 -9 -69 -38 -89 3 -71 67 -4 29 33 -87 76 -1 -67 48 93 1 -11 -36 39 80 46 -93 6 -36 -36 65 -41 -14 78 80 -21 -29 13 -51 44 38 46 25 -83 60 39 45 -31 -77 33 -17 -56 30 67 -48 89 20 -50 -68 7 36 -37 44 88 -51 -90
55 -99 42 35 59 4 98 -22 -26 -38 15 -97 14 -45 21 -37 -5 39 -63 -82 20 -8 60 18 -32 -35 -3 20 -96 54 73 6 -55 91 -56 -51 1 74 73 -51 -41 -6 12 99 6 13 -59 -10 -25 -58 -21 79 60 -76 28 83 45 6 -26 -53 -26 51 -42 26 -74 -34 -33 63 28 2 -17 33 35 75 30 -41 -93 56 -2 -19 -4 -85 -59 95 -11 26 -86 59 -94 -16 93 43 -69 4 31 1 17 9 11 20
26 57 8 26 84 94 -51 43 -94 92 68 -41 -36 51 -15 -10 43 -48 88 -46 -86 31 -47 63 77 -95 -69 -53 7 -19 75 93 14 0 -76 -27 76 -81 27 34 32 69 -5 49 -5 -87 72 -45 17 -76 -35 56 53 87 -5 -44 56 -66 32 -49 -10 92 -46 76 -70 50 -40 81 26 32 51 83 86 14 81 38 73 76 59 73 84 69 -50 -96 -2 -4 98 84 -31 -95 -31 -50 -88 15 49 44 -63 26 16 79
-69 24 54 0 98 -42 56 55 33 15 25 86 65 65 -9 -64 5 -61 91 43 96 74 -62 -4 65 7 61 15 77 80 -90 14 -86 36 -57 3 58 50 -94 79 91 -14 -61 -16 18 99 23 -17 -54 53 -99 -1 -48 52 -70 95 27 6 9 44 87 86 3 41 11 -31 -23 6 -62 -11 31 -51 57 72 23 -29 9 -30 -1 45 61 -22 13 -12 -87 -53 58 -50 -35 92 -99 93 -15 71 -46 24 79 -8 73 73
99 4 90 33 -70 -37 76 25 -67 56 -87 -15 -37 24 97 -22 42 -60 68 75 -3 -66 92 -26 -29 -55 65 14 51 -87 69 71 -34 -99 -17 -29 -93 75 -60 -56 43 -91 74 -8 66 84 9 61 61 -50 78 -70 19 -3 -67 74 63 59 -49 -14 97 60 -57 43 -27 54 -57 -100 -22 -78 26 50 46 48 90 17 -59 -56 89 -49 -73 -71 -36 11 81 59 8 -86 23 -27 -6 8 -53 -22 -79 8 78 -68 51 -38
-43 32 -47 -79 -74 44 -66 -49 68 23 -75 90 -34 40 -75 82 -26 -66 40 64 94 59 13 59 10 61 -38 -92 -92 43 -85 13 -97 2 96 1 25 -37 70 -40 -28 50 23 1 13 12 -86 -100 73 -46 88 28 23 -11 -86 -28 22 32 68 -23 69 -99 -32 5 -57 57 -70 -49 72 67 -37 18 71 96 65 39 -33 78 13 -61 -37 19 6 -85 77 84 25 -90 -41 -54 42 22 77 94 53 66 -37 94 -30 80
-98 -4 57 -81 96 -26 -17 -45 -75 -14 -51 -77 -99 -63 -68 8 -61 -84 88 92 57 89 73 63 -74 20 -34 73 -55 15 -61 90 3 -33 52 -88 -82 68 -45 -89 -6 -62 93 -24 -12 0 43 6 31 -98 -50 85 -91 80 95 21 -30 -94 -6 -28 90 -71 11 -66 11 -99 -15 90 -97 94 -71 55 -64 42 -20 -80 4 95 -69 38 -84 95 39 33 -93 -96 -87 -49 -75 15 -91 -32 -14 71 -51 25 87 29 77 29
36 47 -50 -83 97 -17 -38 -3 -28 10 -50 79 -23 46 -6 -41 8 32 -7 51 31 -76 69 -35 -25 78 -79 -68 -69 68 -86 -20 99 -4 -69 -55 -75 60 59 -80 45 56 17 -24 60 76 59 11 -13 -98 -68 -34 7 81 -38 -100 -14 -58 78 34 3 -8 57 -57 22 -91 -39 11 0 -13 -4 90 -44 -70 90 -98 -87 70 65 45 40 95 -23 88 81 -92 63 12 56 -49 72 64 -20 34 46 57 62 -73 50 -61
-96 59 -53 90 -30 -4 -7 33 35 56 -71 33 -75 -26 89 87 -53 -98 93 51 -1 -71 80 -84 -13 -59 -38 -34 12 -71 -58 -51 -35 -56 -23 50 -57 88 27 -88 90 68 -98 6 8 1 -93 -66 24 81 46 -98 -59 35 17 -15 2 26 13 74 7 19 -18 63 76 11 -46 99 -85 -82 49 23 -97 -59 30 7 52 22 33 -10 63 -35 -78 48 30 21 -100 -45 91 32 5 78 -100 -37 -32 -84 -71 27 -73 2
13 -83 14 35 -56 -59 -92 -87 -60 97 -28 26 83 62 -93 -84 21 -59 -71 -25 5 46 53 -20 16 36 80 -92 79 20 -90 -14 5 75 1 -47 -53 71 54 26 -58 -80 -77 -44 15 80 -70 67 24 28 -81 -61 73 -16 -50 -72 -89 -78 9 46 12 -45 85 81 -56 34 26 -45 72 96 -18 79 32 60 9 17 -58 45 80 41 -96 -47 -92 22 -42 87 -52 89 60 57 -92 -39 19 -40 57 26 -6 24 -95 12
-8 62 75 90 -16 86 -52 29 -63 33 -42 89 94 -30 -30 84 96 6 47 -72 11 -94 83 -75 -18 -48 -36 37 64 -86 17 -71 -82 -52 -76 10 -50 -7 -15 95 21 86 49 32 28 -12 -78 -79 -76 2 16 61 -21 -53 26 -15 -84 54 -99 -31 -25 38 84 -74 34 -31 20 8 57 -5 54 -38 5 -86 -49 -89 -62 14 13 23 21 -96 -7 59 6 58 18 23 -58 42 -16 55 -23 9 -19 93 -79 7 94 38
-27 -76 -92 49 -25 -96 -54 -26 74 74 -29 50 95 -6 -32 47 35 -65 3 -82 -3 -34 94 49 -85 -42 -76 -10 74 -2 44 59 52 15 35 -28 -36 -22 47 20 -19 -79 -32 19 -91 49 -55 32 30 -12 77 -63 18 -41 -7 -64 94 -62 -79 -91 46 1 45 18 -1 38 41 -12 -83 -66 -6 -92 -86 50 -94 -66 -100 51 -50 -71 -23 72 -75 -50 -24 61 29 -17 43 -98 85 29 -13 -25 -32 69 87 -39 63 -5
-68 -15 -68 45 16 -3 -43 -97 14 39 21 -30 -32 -25 46 93 -37 73 78 55 -46 -4 -6 55 -97 88 25 71 48 -82 1 -98 -98 2 13 29 79 28 97 21 -46 88 39 -73 45 71 -57 -81 -66 79 57 7 -36 -17 15 5 71 63 -73 -58 2 -71 -68 91 -25 -42 47 36 73 -39 75 -47 -56 41 -11 -97 16 24 -70 -40 21 60 45 90 -60 -36 95 -45 45 1 -40 13 -1 -92 -27 -21 65 -78 -97 90
-33 44 70 -13 24 59 61 -99 -78 15 78 9 74 69 -53 -19 -85 38 -41 34 89 83 49 -18 -25 32 16 18 64 22 21 7 -45 -96 -1 -4 -17 -14 60 54 -55 -54 -21 -23 46 76 39 22 -92 39 -27 -73 4 -73 -40 -86 -4 16 32 93 -58 90 -54 29 83 43 8 -70 -14 -85 32 59 98 50 -42 97 -73 89 -17 4 13 85 -83 5 -41 29 55 -97 60 65 -82 -65 -98 -31 34 95 99 -6 -70 12
17 -41 48 8 -61 35 -76 -32 -81 87 -84 89 -40 -86 -3 31 -7 97 -60 63 -15 83 -72 -57 36 -82 -34 11 -61 67 -45 85 14 -85 13 -71 -96 -62 -70 -79 -75 90 -58 -14 -56 -66 -4 90 -43 84 86 -2 -72 69 58 59 -1 60 44 33 -75 -52 37 72 86 -98 24 -79 71 -37 -44 -26 52 -59 98 -52 -83 -30 -15 3 -85 -38 49 32 60 -86 98 -81 80 53 -17 95 20 -6 42 50 78 -61 30 -97
-43 41 85 -17 31 17 57 -41 19 27 -84 -49 -93 86 34 -76 -14 -29 19 71 -38 -74 -45 60 89 95 86 73 69 6 -74 -56 0 -42 -94 -70 -39 26 -49 49 0 -73 -53 -21 31 -76 -98 9 -20 -60 -59 -40 -22 42 -52 -49 49 38 -91 65 42 -76 15 51 95 -2 93 -86 -42 39 75 -64 -38 36 52 18 73 76 -17 4 28 69 25 -98 -52 -90 -25 76 95 11 98 19 -52 -84 13 -53 27 38 -18 -90
49 -61 -81 -21 31 1 -60 2 95 -30 -77 79 39 82 -65 55 30 68 47 14 53 45 30 34 51 -92 -56 -76 6 9 47 40 26 -87 27 94 -88 -51 -93 -17 -93 78 88 -43 56 32 -70 47 -88 -16 40 64 -79 -2 83 45 77 86 95 52 -39 -90 24 56 -46 -78 -53 23 65 14 -82 -19 -33 15 -11 -38 35 28 -6 17 -65 31 19 -79 36 -48 -53 17 -90 70 -21 -100 -40 -6 13 65 -85 41 38 19
-28 64 52 -40 -90 -100 57 -39 67 6 86 -69 31 -82 69 -45 73 18 70 -31 -11 30 -7 20 -84 -13 24 -91 -54 -42 73 84 -5 74 75 83 -1 34 45 89 -32 -10 89 -79 84 40 -60 -18 -79 -53 -89 -67 -91 9 20 34 -3 95 -94 63 63 -8 31 -53 32 20 49 -24 -50 -86 85 -97 78 23 21 -43 -100 64 13 35 73 79 23 54 -42 95 23 9 -81 91 -93 99 62 32 -6 95 -95 12 40 8
79 -91 -98 -11 11 -92 42 -43 26 -5 38 -55 82 -39 -30 12 6 -98 66 83 -46 -72 -87 -4 43 -92 7 14 58 37 -27 -66 -44 -62 -92 -60 -28 76 82 -6 -73 99 69 29 -74 12 -52 -44 -2 -11 11 35 -99 -39 52 -33 -36 -44 -18 -4 -23 97 -68 -29 22 83 10 34 8 4 56 75 -15 -29 22 -21 -83 -69 51 42 16 -14 26 93 9 58 -50 65 90 -68 76 -62 -95 55 6 -20 4 4 76 34
-40 60 -44 17 26 52 -11 -48 29 -87 34 -90 56 65 -57 65 -43 -83 51 -95 15 35 4 -46 24 31 40 -57 89 37 76 -95 -39 -24 15 -64 69 -16 98 78 66 -55 61 66 28 -88 40 87 31 13 69 -51 84 -66 -92 57 -11 -87 -4 -12 -53 -100 74 -7 93 -83 15 2 61 11 69 19 -83 -11 25 -23 53 4 72 37 -77 26 -26 -83 -97 1 82 41 -11 60 -22 46 -73 21 -35 98 64 31 -17 -19
44 18 -100 -53 -56 -15 59 99 32 61 -92 -13 13 74 -79 -52 -11 -39 0 57 -44 -82 56 83 -29 -58 -29 53 19 -82 49 96 -87 -62 -58 77 7 -13 -19 63 -22 -25 -38 -25 76 -34 -44 -49 -64 -96 -53 -35 -1 73 -2 80 16 99 24 60 12 5 90 83 53 45 -90 -73 -35 92 -20 -22 13 -51 -80 96 56 87 -58 18 31 60 -72 -6 53 82 -44 67 93 -21 -23 -67 50 -54 -25 -39 -80 10 -81 -9
62 -66 48 -85 99 17 72 -9 -83 -44 -38 49 -28 70 -67 -86 74 -53 -64 -61 -46 11 -43 -30 -60 27 83 50 64 99 26 -63 88 91 26 0 6 42 58 -99 -40 26 -36 60 -41 -2 -32 87 83 19 97 -66 -50 -72 -59 43 31 -28 31 -95 31 5 21 -14 38 66 -93 -45 22 -99 57 -37 -70 -68 13 86 91 -44 -74 -20 11 -25 -24 -67 -3 -55 79 83 -5 -54 92 30 -64 86 -56 69 -51 52 69 -85
-17 11 23 60 -50 -82 63 -42 95 -84 -37 -15 89 82 -92 -11 12 -72 -4 36 -97 -4 -75 -15 51 43 -72 -95 10 33 -11 50 16 51 -78 -74 -33 -55 58 24 87 -55 32 -66 -60 92 16 -30 98 92 -55 -15 54 -42 2 -96 -26 65 69 45 1 -2 7 -2 -63 27 -51 -19 35 -97 -27 -19 8 6 -46 93 -16 17 26 2 58 -88 57 20 81 -14 7 -67 49 84 51 -11 -84 -62 61 -3 -61 -80 16 39
-34 -49 -2 -88 76 43 -49 70 -16 50 14 -90 -29 45 -45 -53 -49 16 -43 -7 82 -95 27 11 3 27 -29 29 -54 14 -13 -91 21 56 -89 -68 4 -95 14 -20 -42 -65 1 -12 -4 -100 59 -43 2 -95 20 -99 -89 -2 56 -64 -90 27 63 12 29 -85 52 48 -39 50 20 19 -77 -12 -29 21 -93 -96 55 31 -20 -82 -70 -40 -4 80 -11 15 -68 58 97 68 -67 77 -19 -98 -58 62 -67 -57 8 -95 78 25
90 -79 -14 -45 2 96 -71 60 -53 -39 64 70 83 1 -30 44 41 42 60 -97 80 -53 4 -80 -86 -39 -29 -24 46 -91 -5 75 -35 -4 98 -60 79 -61 -81 -9 -92 -91 -51 15 -2 72 54 93 61 -56 22 -45 -80 81 -72 61 -7 -24 -48 -90 -12 -65 -68 36 -67 29 95 49 64 6 -77 18 -82 12 -51 -95 -87 11 20 5 59 -6 56 -32 15 -26 -12 10 -100 83 -37 -62 -50 -63 0 -82 -49 6 -71 57
-79 24 -60 36 88 -6 -17 -4 46 -55 76 76 -29 68 73 -50 -90 -20 41 79 11 38 23 58 67 75 -68 98 -88 15 28 94 11 -65 15 88 -71 -3 89 31 70 97 29 35 -95 -14 -47 -91 -29 -41 60 -1 40 -90 96 -24 -89 -16 33 -12 -91 81 -5 44 -75 50 -41 82 -74 26 73 3 -9 77 -22 7 -37 -97 -58 -45 80 -40 88 65 -68 11 22 60 -63 -94 24 -97 -43 -26 28 25 -48 -23 -44 -54
-56 -13 -72 0 4 72 -17 -28 18 94 -92 -12 55 33 52 -10 -86 -14 -36 -88 22 36 -84 -48 -22 20 -53 67 18 -64 33 -75 -99 93 64 -85 -30 59 33 99 -75 9 -92 31 13 -85 19 -48 -95 -20 88 -89 11 8 -24 86 72 71 51 -59 -4 -61 -91 -34 -70 -1 -39 -25 88 41 -22 -48 -83 -63 -89 -60 42 76 61 10 85 11 11 -32 37 -42 -77 40 9 59 37 -14 66 -62 -86 -84 -39 -69 15 -5
