54 59 -98 -4 72 69 -4 -28 73 -76 47 91 -58 -58 -34 -82 -26 33 -77 87 -80 -7 -65 97 -36 -42 2 -86 85 26 46 47 -46 47 59 8 15 29 -41 37 45 -99 79 53 -39 -34 -58 -71 59 72 -30 -36 -6 -20 -55 57 -18 84 -70 -49 -41 -31 -71 -71 -25 17 70 -96 69 -74 -81 -14 -99 -5 -2 50 -76 -99 -47 -23 46 1 -33 54 -3 -61 42 19 3 26 80 -1 53 -93 45 71 -93 -58 -44 28
-23 -44 89 -3 84 -66 51 -78 -15 -19 39 71 -91 78 5 15 -70 77 55 -80 -11 28 -99 9 -36 68 -67 24 88 61 73 48 -64 99 5 88 65 -99 -14 36 22 42 79 72 4 43 54 9 67 82 37 -18 2 -69 -71 -49 23 -14 53 -2 74 79 78 -74 89 -31 51 -90 61 84 44 0 -31 -7 30 90 33 2 10 86 -48 -10 24 -37 -79 -36 8 40 -60 -23 50 -86 41 78 10 70 14 -59 61 40
47 -57 -70 48 81 83 -98 -64 -96 91 26 -53 19 -19 5 -21 86 -9 66 -17 21 34 -84 77 -79 -27 -17 63 40 -8 -34 -20 25 -94 80 -31 -69 -89 -79 -62 45 26 -81 -56 30 -5 -2 -10 -31 -59 -46 -95 -76 56 -39 -29 -58 82 49 -79 -18 -100 -54 -47 -39 20 93 -80 82 -81 22 62 -54 -89 -39 -94 -62 -52 -91 28 68 14 -26 3 94 23 64 -88 -11 88 -15 -37 -16 72 91 -30 58 -37 26 25
-13 82 -77 54 76 25 0 6 51 -54 -14 -90 -41 1 -38 52 -38 41 -42 -89 94 55 -56 -20 -34 -57 -13 -20 -36 32 -62 -58 -64 63 -30 -17 -31 -12 48 -96 -92 89 -98 73 35 -36 -79 88 -15 26 -69 -80 -12 73 52 20 25 81 -51 -41 -1 -6 -38 81 15 92 16 89 -33 -93 -71 4 -8 -23 82 2 -4 -75 -50 41 45 -13 98 40 -44 80 -54 -57 -49 -90 51 60 -68 -63 -58 39 -5 -35 2 -99
-11 -28 -85 63 10 -11 -45 -65 -76 75 -52 62 -48 54 -43 -46 -76 -81 -93 30 -31 31 61 -18 89 -68 76 -95 -78 59 3 -43 66 -86 -45 28 -85 81 83 -32 25 33 -78 -92 45 89 -76 44 -54 -25 54 28 -92 -61 94 64 -83 48 56 -77 23 51 -40 -9 -100 -52 51 -63 44 97 20 99 -22 88 16 -36 76 58 -76 -95 87 24 -3 21 -98 24 -16 2 90 18 59 14 25 -66 18 98 -88 50 -26 -95
-91 -27 19 83 43 -85 -14 -11 43 50 4 21 -60 54 -73 -22 -25 29 58 -53 39 9 18 -97 -33 -3 66 -71 51 -31 -30 42 -34 30 41 -93 -2 -16 64 -15 83 16 43 43 -66 -19 67 -63 -3 -48 10 -37 -58 -84 -37 78 -5 12 -4 38 8 -29 86 -69 18 36 -22 61 -7 96 -17 -70 -35 95 18 -10 -19 -88 0 1 21 -70 42 19 -46 96 6 -55 10 -26 99 -100 -38 62 44 17 -33 92 68 55
36 -63 34 66 33 74 -83 -51 58 82 59 44 58 20 -55 -100 -45 -54 -79 -81 2 -43 75 -49 80 13 26 -97 -81 93 99 -89 82 -23 31 -24 -70 82 29 -63 -78 -75 87 61 42 69 79 -53 -72 34 -95 24 -22 94 -54 -86 40 86 16 -29 -58 44 64 48 36 36 70 -39 55 18 -72 -59 -82 7 35 51 28 -80 54 -41 75 -27 -4 37 56 68 6 -73 2 76 58 -93 23 59 -30 -74 -9 91 -26 25
79 41 -5 81 -91 -75 97 -16 -33 38 -73 94 66 59 65 -31 -42 -26 -12 -43 -26 66 -79 -32 -25 -100 79 85 -64 84 -62 49 89 -62 -36 9 38 -33 59 -51 -64 57 -80 -62 -70 -71 -68 -57 81 -23 -100 61 4 -52 -46 47 67 -26 21 -35 67 -58 57 3 -66 15 -54 68 88 81 12 47 -51 57 29 -82 -10 -72 -5 10 -50 62 14 -78 90 59 -22 -43 17 -49 52 49 -78 49 11 -32 -55 76 22 -45
46 72 -30 -33 -10 -56 -65 -16 28 29 -73 8 0 9 13 -75 -65 -45 84 -49 -100 24 -22 -100 -89 -83 -6 54 -65 -89 63 -86 -34 -87 -82 -76 -68 72 -97 -49 -89 93 9 -35 5 96 97 86 -84 -61 -71 -89 -63 90 61 61 95 -76 -100 -24 83 4 -73 -6 -68 -51 40 -99 -25 -53 -9 -45 -11 -41 95 99 37 36 -57 -90 53 -88 -56 90 -86 72 15 -16 -94 -97 5 29 -91 87 -16 30 -65 2 30 32
66 -65 49 97 40 60 -15 71 -83 -66 -22 -92 -89 -22 -87 9 91 -72 86 -79 -98 -34 81 29 -30 16 47 -88 74 -14 25 13 86 -96 29 -95 29 71 -50 -56 31 -85 -23 34 -28 31 -87 -14 39 -61 -74 -54 50 44 89 -79 4 40 -99 -46 -65 -75 -100 -56 84 78 59 -25 -1 82 -53 -2 -28 -100 49 -52 -84 -21 9 -82 14 -67 55 20 -32 -71 -15 -10 -79 -61 -64 61 45 -45 -15 15 -55 64 25 75
68 40 -57 -8 -89 -27 -46 0 -13 40 -95 -82 -63 42 -16 77 -6 -76 19 -44 14 -93 80 4 12 9 16 65 -98 -45 -19 -68 80 -28 -71 52 -12 33 -40 97 31 73 -92 58 -28 58 76 76 21 1 51 -33 -61 23 -14 56 94 -26 -5 -15 57 -14 17 -6 75 3 -14 -56 -22 -39 -9 19 72 -49 -78 85 8 96 -41 -89 -39 89 -42 -54 -44 29 -70 -45 -34 -79 28 62 36 87 -46 86 32 -4 -93 -93
46 -79 22 93 28 30 45 -39 27 -23 -95 17 88 63 -77 29 -15 47 -85 26 -52 -57 12 45 68 94 77 75 10 74 -78 99 -34 40 -89 59 41 -85 59 -99 -60 50 19 6 70 -25 75 -82 79 44 -55 -85 -22 -100 31 -30 -88 -67 83 -26 43 -49 57 -42 -91 -63 -41 -39 -64 -75 71 6 67 14 78 -95 -91 91 -83 67 14 51 53 33 -83 75 83 68 20 45 -24 -6 28 22 8 12 80 68 -54 73
16 5 -21 -90 -14 81 76 39 51 19 -51 -39 22 72 -37 74 88 -28 74 83 -11 -96 -66 -36 4 63 81 85 6 -97 -57 -60 -67 11 40 30 31 -6 59 80 -11 82 39 13 82 -49 69 -47 -6 54 -2 34 -65 -61 91 76 -70 43 13 -40 -40 43 91 82 -80 -46 -6 2 32 -74 -41 -21 32 99 64 97 25 -19 73 -88 -7 33 41 -82 -57 -59 56 73 -82 -14 -19 46 61 46 2 -85 -71 22 -88 42
-42 -58 -67 65 -12 6 45 -74 -28 -85 -28 39 -95 78 0 67 12 27 -94 -70 -44 24 18 39 35 -92 -86 -20 -70 56 29 82 14 96 -64 -51 -12 85 49 81 32 25 -99 7 -78 0 -36 -75 -4 11 37 71 31 29 -94 94 20 -13 -52 8 51 -41 0 -30 50 -79 37 -100 78 -77 -40 -86 -36 99 -19 -95 -50 13 -73 -95 4 -28 -24 41 91 -29 -35 89 -94 68 -34 47 86 58 -14 47 -7 57 -80 -21
89 -35 16 34 83 -89 -51 51 70 24 14 -97 -59 -42 98 97 74 -53 7 -59 70 -30 -23 -19 -51 -48 3 81 94 -15 -84 34 90 88 -39 -50 -73 -87 -15 -79 50 -24 -28 -38 -38 -18 -9 -4 -73 -27 29 -16 52 -13 95 -79 12 -53 15 -42 -37 49 63 -44 -29 -98 -91 93 16 11 -20 -81 94 88 -27 76 52 -69 7 -87 -74 -52 6 -85 9 -2 -49 -71 -83 93 26 63 32 -4 87 2 -26 99 -27 -98
8 -17 24 37 31 -7 68 39 38 -52 95 39 88 -98 -16 -9 -35 54 -86 -59 74 70 49 -26 -28 -20 -18 78 24 97 -77 44 -29 -35 25 -44 85 77 69 -76 81 64 59 -88 -74 77 9 -23 30 28 92 34 -86 -52 35 65 -98 93 -73 49 21 7 -64 -80 -21 -50 -32 31 57 7 28 -48 45 -54 -66 84 -32 3 18 -67 -75 -53 72 -77 21 39 -24 19 -12 -14 31 17 93 37 95 -2 -76 -19 -11 81
-77 -59 -75 -7 -95 58 1 21 -72 -45 12 35 81 40 -86 95 -58 -49 -6 -68 -11 -18 -82 26 -61 48 -40 -44 18 70 -62 67 75 -84 -73 50 6 54 72 -37 44 -43 -67 93 56 38 -14 -86 -61 56 21 17 -20 -36 50 -91 -92 -95 35 -36 81 80 -91 -30 23 21 -54 -58 -65 -84 63 79 14 -90 67 -91 -96 43 -100 33 52 57 -84 85 -83 -92 21 7 42 98 75 -44 84 -12 -13 -47 -19 -8 63 4
-2 -61 -77 -22 33 61 -98 37 46 83 -55 38 20 -29 35 -37 -22 -81 10 -27 -98 -60 72 -42 50 87 3 59 19 -66 84 16 -89 26 -67 -30 -38 99 55 71 83 -38 -95 67 -50 14 99 -96 29 5 13 -4 32 34 -81 -57 -30 38 -99 82 36 38 4 4 -17 28 88 81 -85 -45 -47 -3 4 -71 76 14 -35 21 -73 -98 -53 -25 -79 42 46 58 6 -45 8 -38 -32 -13 -49 62 17 47 -47 -24 -52 49
-5 -7 16 -76 68 -13 -43 -75 -31 76 55 -31 53 -75 32 54 82 -30 -79 -21 -52 -63 43 -83 48 5 65 15 -48 -87 57 -41 -60 96 45 9 84 -49 30 16 79 12 -63 78 -2 46 94 94 -62 77 34 -62 -85 -27 94 5 89 80 44 -91 -71 -20 -92 55 -28 -27 -81 20 50 -40 -15 -15 45 13 98 -58 -7 -17 -78 -26 -72 58 55 72 60 -27 20 -89 15 -15 -40 -5 9 -74 -10 0 60 88 -5 -58
-78 -86 -14 -25 -34 78 50 -52 52 18 -2 64 21 35 -58 14 -3 74 -31 -76 81 -42 45 -90 -58 -7 -91 32 -98 8 -7 79 72 -51 -82 -63 56 19 -30 -56 83 43 -87 3 -1 -54 -88 -72 -62 -78 -72 9 24 77 50 26 -62 -63 44 -59 23 7 30 -56 -21 95 -72 -34 88 -7 -63 -53 77 39 -34 37 6 -93 -93 -17 -98 -10 -26 85 -100 -81 91 77 -47 -16 45 71 -3 8 65 -99 -93 97 -30 61
96 -44 -98 -64 -46 -31 -70 -25 -73 -43 -83 -59 -90 19 52 -30 89 -92 96 -70 -5 88 -83 -54 -59 71 -16 33 -18 23 25 50 -83 -69 -36 -23 -28 65 -3 -60 68 -4 -20 -27 -54 -40 -16 73 22 8 70 -76 -34 34 -25 4 -6 0 12 -69 -40 -44 -47 48 15 -95 -57 -78 -3 -72 -26 48 92 39 50 81 90 -76 -89 53 91 -40 44 -21 25 -2 0 -94 21 73 81 -41 -52 63 15 -34 -41 -9 -89 -98
3 69 87 -89 -24 30 28 -36 -54 15 6 -68 -63 -71 -61 -94 -36 -25 51 74 -68 -44 -90 -95 -8 -7 2 -7 52 -10 33 43 -98 -94 12 11 57 -67 46 24 59 32 49 -83 25 -52 32 50 -36 90 53 -58 -98 24 -9 26 3 18 -21 88 75 -59 96 17 71 -96 91 -78 61 51 24 5 -29 -88 -7 71 -81 -99 20 60 -94 99 91 -32 7 -40 -84 -68 50 -50 5 -37 -90 74 72 39 -19 -82 -4 -33
87 -90 -17 6 62 -62 42 16 -42 -5 -41 -70 10 60 -77 11 50 -84 -22 -85 57 57 5 21 -72 -93 82 45 58 -49 -95 10 27 -91 -53 -6 33 -76 79 93 -78 65 87 -5 -47 67 -76 89 -40 -48 5 -71 -73 11 21 60 -92 88 27 -59 29 -16 -18 -61 99 -79 -18 -46 -13 -53 35 42 75 36 22 89 57 2 -64 70 -61 24 68 -84 25 -7 -69 -59 -55 24 -16 10 -33 -41 -89 47 -71 18 28 -17
-74 -74 58 79 -50 54 11 -72 40 44 -78 -29 68 -56 55 -34 94 50 29 34 -52 86 9 -95 39 -42 -59 -78 -10 73 -70 85 -70 -4 51 92 12 -69 94 19 59 -42 3 37 92 60 -44 76 12 31 53 25 95 40 -76 -20 -58 -49 -67 -39 1 93 -53 76 -32 -85 5 78 3 -48 -86 82 99 -11 54 30 -52 -67 47 30 -76 2 66 -78 -76 44 -14 -63 -12 30 -14 -39 65 -94 -60 -94 46 -39 38 -51
34 18 -87 41 77 -93 90 -41 -65 69 -74 31 34 -55 -72 44 -72 58 -25 -6 59 -50 -46 59 -86 -63 86 98 30 -36 0 79 -75 -29 -73 -40 -41 38 -44 -15 -4 -44 -78 58 99 -5 -43 26 -3 -83 -54 94 -56 -41 -35 14 -3 -20 -62 9 80 -4 53 -22 24 75 -67 78 85 94 53 -41 -68 7 -89 -26 95 -12 67 51 77 38 -29 -93 65 78 58 -75 -46 -68 -26 -54 17 -52 64 58 77 -78 -23 52
20 -92 -79 -48 54 -88 10 -64 56 -94 -68 11 -81 -42 -85 64 27 4 -51 -90 52 90 -83 -38 94 -34 89 -60 91 -25 74 -30 18 77 -93 -34 -53 80 53 43 97 -62 53 -78 35 4 52 39 46 21 -15 97 -84 -65 97 -48 7 47 -71 -53 71 26 70 17 98 -17 83 -13 65 65 -68 -47 -88 -8 46 80 43 -61 89 49 96 59 62 83 57 84 91 -35 -52 52 -74 -6 99 38 -61 91 49 36 -50 -8
42 53 48 -73 88 41 17 -100 97 -8 72 48 15 -84 -47 -91 -50 -76 -35 65 -32 64 74 0 45 -22 6 -62 97 34 -27 12 -11 -27 -62 -71 89 73 34 95 92 68 -74 -4 55 11 -5 99 -25 -61 -21 -4 -99 61 49 23 39 -75 29 90 26 19 50 -66 -31 -15 53 77 -36 -43 -30 -97 -7 -97 93 -34 17 77 -15 41 66 -90 -32 24 72 20 30 -72 67 80 30 2 -71 -18 43 9 -15 46 20 56
-15 -19 -80 -83 -38 83 46 52 -94 35 60 96 40 89 -33 -86 -85 65 33 91 -2 -4 14 30 1 24 13 -18 -12 -10 -17 -98 -24 -30 -46 -44 80 -18 -37 67 53 -41 -40 4 -76 -42 96 43 24 -66 -35 -14 -14 -15 -74 54 -65 -34 54 -14 31 1 -15 -43 -12 82 3 80 -32 63 -62 -34 -49 51 -1 49 69 -68 -99 -59 -51 7 -25 75 -49 1 -92 43 42 -13 88 -75 29 -88 41 -13 -16 72 74 59
22 -100 24 0 58 -71 -40 -84 56 -7 18 58 -15 -41 -78 78 64 87 -48 -88 -51 30 82 89 70 -46 48 -34 -19 67 -41 -16 -76 98 -21 -80 -15 78 31 94 -5 1 31 71 73 38 -6 91 -47 80 -72 -82 -66 14 -87 58 -66 98 30 41 71 -96 -21 7 -43 -73 -84 10 40 -4 -27 60 67 63 24 -65 -10 17 7 61 1 -31 64 -43 90 99 -93 -57 35 -67 -2 -37 -5 67 -52 32 -45 -76 54 -44
43 69 -83 -18 -95 65 -47 33 -45 -40 -24 -24 -79 -57 54 83 -16 39 79 -39 78 -24 2 -30 35 -19 79 89 74 -9 76 32 -39 6 64 -54 25 55 -100 12 -30 -19 -89 96 -80 -35 22 -67 85 30 93 38 86 -31 42 49 -22 87 -70 15 2 57 58 -84 -99 8 45 66 31 -7 52 31 88 9 99 45 -9 75 96 -38 -58 -97 -55 -66 -11 -10 93 -58 -58 20 -41 39 -42 -47 59 72 17 -47 31 7
12 72 34 28 -68 -83 0 46 55 8 49 69 -31 98 83 -42 58 86 -7 1 -60 -23 76 74 34 54 -92 8 -99 9 -95 13 0 -73 81 31 -67 97 -95 84 35 -79 51 22 39 0 23 52 -82 -79 -11 5 -84 -57 19 99 -16 19 -28 -11 57 -77 -22 -84 32 -54 19 7 62 9 -3 13 -48 23 -12 -90 -68 98 -29 -51 -44 -92 -90 74 -29 3 -73 47 58 -38 8 14 43 66 -26 4 -57 50 -22 39
92 94 18 -41 51 -100 -68 -29 42 -88 94 -35 21 10 23 -4 -81 73 -35 42 51 -65 -2 22 86 -77 9 -89 -1 -91 56 -38 30 -28 1 10 83 -30 -50 -18 -32 -88 2 -84 78 -41 75 90 -20 -85 -56 37 89 66 24 -4 -72 -55 39 55 74 82 28 92 52 30 54 -93 36 45 82 -38 -56 -68 -69 37 -79 62 98 53 77 -56 10 96 -29 -63 57 1 78 -49 15 -73 30 -27 98 -36 -39 -52 80 -54
71 -2 -95 -89 -43 -14 36 -88 24 -62 90 -5 68 90 7 -3 -97 35 72 -55 19 47 -3 -80 -64 -21 -80 23 52 -59 66 88 -27 18 61 -2 -79 -33 85 -89 -62 -12 19 -98 85 -11 31 22 -63 60 -13 98 -50 -52 71 -21 36 -57 -91 -88 -58 16 -9 -34 40 -56 96 98 76 -38 -94 72 47 -28 21 3 56 -46 -11 72 62 -51 -32 -97 -44 -51 -57 -31 49 13 93 99 -82 5 -80 -88 -47 28 96 -76
65 -79 15 97 -49 43 47 -59 -10 -80 90 -62 60 -91 -24 94 78 -33 87 46 35 64 37 -66 -46 -60 56 88 38 15 90 -25 -2 -41 8 91 -51 56 39 -36 -75 -15 66 92 -24 28 85 7 67 77 7 76 -18 73 8 -4 -27 42 -72 -47 5 -23 44 76 50 -86 39 91 -75 10 -40 63 37 -35 71 -96 59 11 23 -18 69 -71 -31 1 -49 -32 -22 -61 27 84 59 -30 -14 -82 9 52 16 63 -21 25
-67 87 62 88 -91 89 -83 84 -29 29 62 90 -33 91 97 28 64 -5 73 -39 50 -93 -54 -98 -1 -52 -59 -32 -8 -66 82 -61 -60 92 33 -38 35 -29 50 -63 50 87 -22 -58 -21 84 -19 10 -80 -8 -35 80 -59 -11 -84 -19 -90 -66 46 61 -14 30 38 -65 87 83 89 -22 42 45 7 21 -25 -48 -37 24 -54 24 62 28 -36 74 -41 -53 89 65 -6 -50 44 -41 -58 -85 -29 -34 56 -1 17 75 -44 -65
95 -24 -77 -19 -57 -25 44 54 91 -21 -26 -63 -14 -73 -90 84 -15 -8 63 39 91 97 61 6 91 64 -22 33 14 42 -67 98 -100 9 -62 19 20 35 98 62 -53 61 -75 -63 68 4 98 -43 -85 14 94 -61 -79 -80 87 -28 0 -39 -62 21 23 23 7 -79 -11 -46 20 -68 -54 19 47 8 -66 6 71 -9 89 -16 22 86 -15 -48 -10 90 -35 -17 31 5 38 97 4 84 -43 -90 -5 14 -93 -81 -35 6
-98 -15 -30 48 96 82 -58 -33 -30 -1 34 -51 -27 16 -34 86 -26 -54 56 -24 -10 78 -46 80 -49 77 -46 -33 92 -37 27 55 -89 75 -2 -91 27 -61 -22 51 -96 -85 24 -41 -1 -92 85 92 19 -80 9 -97 82 95 28 33 -90 -46 -34 -42 15 56 -82 -77 -30 98 19 24 26 -86 -61 3 90 24 -29 12 -71 -29 75 2 51 84 23 -3 -11 95 56 71 -14 -88 18 58 56 39 -62 -18 -42 -8 62 25
-5 -11 37 15 40 -94 37 61 75 -63 -100 -20 -100 24 40 95 -15 -67 47 78 63 60 6 -21 4 -73 33 51 -91 34 -57 68 54 -44 -13 53 -70 99 16 14 89 -22 25 94 97 87 -61 43 -67 -12 34 -98 34 2 78 -87 45 71 36 99 85 13 6 53 70 -40 82 88 82 -81 17 79 -52 35 -81 -20 73 -87 66 82 67 47 9 -20 82 8 13 -94 -12 48 91 -97 31 14 39 35 -34 66 -24 86
86 34 57 13 37 87 63 -65 49 23 -45 44 99 -65 34 -78 -25 -52 -32 -20 -58 -77 89 -20 -36 -87 -20 -88 22 -5 -80 -56 99 -17 93 5 -63 45 -45 25 -28 13 -68 -7 -16 57 19 64 -29 -24 82 39 -76 36 86 39 -85 -12 25 42 -11 -56 -91 -99 -54 3 80 38 86 -90 55 27 -61 89 8 37 -76 -48 81 67 -23 -14 93 -23 -13 62 80 59 45 -94 29 -40 95 44 94 -84 -50 70 -45 46
-96 -7 -41 -89 48 83 -41 -97 97 -39 -32 3 -56 -91 2 28 73 12 12 7 16 -2 -87 40 -85 -74 -76 -25 37 54 -71 78 38 -43 -68 -59 18 -82 17 -83 88 -33 66 -15 -30 8 6 -49 -35 -11 94 34 -37 57 3 -90 81 -55 0 -59 -93 38 75 10 37 51 25 -55 44 12 -19 -22 -78 52 -20 75 -28 81 -100 -27 21 69 43 -6 -19 -99 -30 9 -97 43 -67 99 11 10 65 84 -64 8 48 -86
14 -98 88 32 18 -61 -5 39 36 80 82 -73 -73 -8 -30 77 66 -43 -44 -95 30 -26 81 46 84 82 4 32 44 -99 -34 97 -20 20 98 72 89 -8 80 29 16 -25 83 94 60 -52 11 -18 -94 -64 15 -10 -63 95 24 87 -70 -91 92 -50 30 -29 -64 13 43 -23 4 38 86 -26 87 -74 15 77 -11 8 56 -100 -42 -85 99 65 96 -66 -19 15 34 14 -55 10 4 -14 -74 -65 -51 56 66 -89 72 -12
-77 72 68 -78 98 -77 -8 97 -40 -92 17 -78 42 -84 -41 10 45 5 21 -20 -42 -86 -90 -94 -72 84 11 -42 13 21 -83 -55 -60 16 -77 -19 59 -74 10 18 -3 74 89 -76 28 14 43 28 32 -83 97 -25 -42 -93 -3 4 -2 82 3 89 4 88 34 50 93 -49 -3 -45 48 -54 90 88 27 71 67 45 10 37 65 -46 -87 -59 48 -23 -53 11 -44 -8 50 -45 -41 40 50 22 41 -12 80 2 73 -59
36 -50 94 45 44 -31 -19 -29 53 26 0 -33 72 10 35 -11 1 -95 -43 -86 83 -98 -42 -6 -3 -52 5 35 -74 70 -60 -23 5 28 -45 -1 -22 71 24 -47 -99 -63 63 -73 89 -91 -90 50 16 -92 39 42 -30 -41 -98 37 92 39 97 95 -66 -96 67 92 -68 24 28 14 28 -73 39 -97 -40 -77 37 -3 3 49 61 -5 -70 -78 -73 62 -85 -71 -16 76 -53 82 42 43 64 -23 -41 30 -22 79 81 -50
78 69 8 -2 -85 -24 76 32 -40 -24 -81 25 -13 -48 41 89 -46 -66 -59 74 81 35 -52 -73 -94 81 33 -64 2 26 -38 91 32 56 -92 66 -24 -82 61 19 6 -13 68 2 7 94 47 -77 94 38 -33 -67 -43 5 -74 77 -29 79 -9 42 62 36 24 -59 36 54 94 78 82 10 74 82 -77 -56 -6 63 -68 -62 -58 -42 27 70 -35 81 41 -58 34 92 -16 5 -7 59 -89 49 -12 -41 75 -36 51 -38
83 42 27 4 -78 89 93 4 -64 58 43 89 -79 -60 -52 -92 -82 -10 8 -4 -78 -74 47 -71 52 85 65 4 48 -49 18 53 -86 77 9 -79 -76 -84 65 76 35 -44 -75 51 79 -6 -39 -54 1 -46 -63 86 -16 39 -19 -84 5 53 88 45 -63 73 3 0 -79 -5 70 -12 8 -35 -64 -64 84 -42 -19 -70 8 22 -88 -50 38 -76 6 36 65 4 13 78 49 -64 -68 -95 90 -86 -25 -88 -89 -63 62 39
17 0 94 -99 99 -14 -48 -38 -21 58 -90 -77 56 98 64 32 -81 -43 -79 -26 33 -27 17 23 14 -4 -2 73 -63 -23 -11 46 -53 -86 -63 -58 -73 -94 -71 -95 78 66 -39 -69 3 44 56 4 -56 -27 -92 -36 -38 41 21 1 -71 -32 -33 45 40 35 38 11 -51 -19 -53 -34 -19 0 56 -23 -67 -26 36 -94 -56 95 77 -81 -100 17 -80 43 68 -58 97 66 37 -28 -73 32 70 49 74 94 -1 -53 -42 -32
34 79 55 -89 56 23 -90 -28 36 -15 41 5 -18 -92 7 57 -3 -62 31 -20 43 -43 -60 -32 86 -25 -97 -82 -61 87 98 1 -75 21 52 71 87 -84 -64 -6 76 69 -21 15 -59 15 -80 21 27 -93 83 -73 1 -65 98 51 -31 57 72 -96 -68 -87 45 4 1 -4 -44 11 -39 62 -52 -61 36 -89 97 -22 18 51 5 59 15 21 -45 30 67 -96 -50 46 20 25 -8 51 -12 -21 -11 84 65 27 87 -94
79 0 60 -54 64 -77 29 -16 -75 28 34 97 -64 64 -98 21 32 -24 69 27 -80 -19 -89 41 -49 -84 -26 12 11 80 50 -13 8 0 48 28 -78 2 -17 -97 97 76 -64 -84 81 -98 -87 -18 -76 17 -81 59 -29 -30 -7 7 -85 -66 -45 31 93 21 21 62 -33 -86 18 16 95 9 -46 56 -36 -51 -67 -73 96 47 33 0 45 -45 34 95 -61 -13 39 -8 -72 -54 -82 97 60 -78 -99 -86 53 -2 37 96
50 49 -13 17 41 -1 -58 -38 46 90 54 -3 -93 49 93 -12 -45 62 94 -83 -49 59 -37 97 -30 56 -11 -99 29 96 -99 22 -15 25 63 85 63 -61 -68 1 61 77 -10 -82 -76 -21 -3 -66 23 -19 -79 -60 -97 -80 -36 -55 -64 15 91 -16 55 -51 51 20 -94 -75 -38 -96 -54 20 -47 -12 96 80 50 91 -3 -90 -77 52 17 8 -71 -6 -29 68 32 56 -82 -53 -74 97 -64 -18 -27 -48 94 -64 -97 -20
-16 -95 89 40 -39 4 -47 -48 -12 98 86 -75 67 -26 94 -69 41 88 76 54 97 27 -24 63 -92 85 53 87 90 -68 -59 77 -22 56 -72 98 -2 18 35 -70 -31 99 70 -47 18 -75 -12 17 -43 -59 17 -24 63 62 -32 82 -56 94 81 -37 99 69 -60 41 89 -90 -87 60 34 -35 -78 -59 -45 86 -100 -8 -55 16 52 -86 39 -54 -26 47 -80 51 -88 -3 -52 16 36 -75 7 69 -37 -63 93 -69 -64 11
60 -52 -35 -56 9 15 10 -42 51 47 41 -59 36 89 72 -41 98 -48 3 12 34 15 -73 -75 -28 -88 41 6 6 -93 78 -87 -45 62 -60 60 3 -21 20 -97 -23 35 13 -55 77 -31 -22 59 8 -42 -84 42 -66 -18 -73 -19 -82 -55 -89 -84 -20 -81 -38 -8 95 -46 -94 88 3 -66 -89 75 -18 70 46 19 3 -56 -51 -87 48 -90 41 44 -25 -61 -48 -11 -1 13 16 35 -81 30 50 -14 -28 -30 -83 51
-49 89 -67 85 -86 -42 24 68 -1 -53 -55 -51 -74 -91 -70 -79 -93 10 34 -22 74 96 22 -30 7 -99 -9 -55 -90 23 -6 24 -23 -82 74 -83 55 -71 -87 5 12 36 29 -25 -26 -75 -80 77 -28 -1 82 2 -71 54 -81 40 25 -86 -48 -62 4 47 -67 -31 42 56 71 -95 90 59 -5 60 87 38 -66 31 31 60 -81 -42 -68 -24 45 -67 55 -83 -34 -20 -44 5 16 40 76 79 48 74 -89 39 5 -20
83 -50 -52 25 -42 77 9 -27 11 6 22 69 -8 -16 -74 12 15 95 -37 -70 98 89 30 60 96 -45 -100 -75 6 49 62 -95 52 88 96 -11 -60 -15 -24 76 84 33 -10 25 -58 92 85 10 87 -95 59 -6 13 32 11 -14 27 20 -81 13 59 84 64 23 40 33 -29 -9 -98 92 -57 16 -5 71 -18 -49 -91 -8 -12 -43 -59 47 38 97 76 -20 -73 -100 5 65 -6 -52 84 28 28 -85 19 -75 9 27
-98 8 42 51 92 41 65 16 58 86 -36 -76 -96 -100 52 58 88 69 38 85 65 8 -44 84 -12 44 -79 49 30 -43 1 -94 80 -87 -99 -38 4 -97 -32 59 -91 -25 41 -28 72 -48 -92 -40 2 -97 52 -77 -3 58 80 -8 -56 86 16 -39 -23 11 -1 76 36 -22 47 98 -89 93 25 21 -19 -1 82 -36 22 0 -5 29 72 34 51 94 8 39 -20 -84 -27 5 -82 -9 92 -81 -85 -62 -46 -88 -98 -64
-16 -62 45 -69 -11 77 15 -74 -18 64 -22 -36 38 0 12 -44 75 22 -86 39 -73 -92 -50 48 31 -56 -11 81 -38 26 -69 36 -84 -67 92 -87 -71 36 59 4 25 45 -89 56 70 -36 -70 -32 -91 -84 73 75 -88 -57 45 80 -28 -72 24 59 -87 91 1 -91 9 -11 45 72 70 74 73 70 -94 -46 97 -70 -37 -98 -2 54 23 -69 90 37 13 11 -92 70 -17 33 -4 -83 39 -8 8 -27 -80 -58 81 -62
-19 -62 -55 83 -26 -14 -13 55 -89 -90 -93 23 7 -50 25 -75 -37 0 -24 15 61 -93 38 -71 -19 -14 -62 -48 75 -95 -41 60 82 -89 -57 -96 -2 16 24 -61 -9 -29 28 54 -42 75 14 -94 85 -95 60 30 -92 -80 17 31 32 -44 50 0 73 80 72 77 -12 -94 -26 92 -97 -11 71 -76 -89 -41 -43 -84 94 25 -95 98 27 72 22 -66 -98 -22 -13 -32 89 62 -39 -71 -33 94 90 96 -66 -70 -44 -34
-10 32 -29 -5 -31 6 -61 53 51 17 -65 44 -6 29 -97 9 -4 42 61 -65 97 -88 33 24 59 98 75 -77 77 77 -56 -93 96 -1 -7 -80 -50 25 49 55 -75 -29 -46 -6 79 -52 71 -92 -51 -77 19 -55 -56 63 79 58 -74 -55 82 -61 -68 -46 61 2 91 -99 -40 -25 -18 -49 -2 -47 66 -53 -36 16 39 34 -52 95 -84 36 50 67 94 -52 12 81 -7 -18 43 -49 86 52 -10 -53 82 36 50 -11
-60 -77 40 -6 41 -4 82 47 99 41 -83 78 -35 0 -52 36 -28 93 -40 -87 -20 58 97 -35 -10 -59 -59 26 35 49 94 41 82 52 -27 -47 -79 -23 42 -69 -79 19 -28 -89 27 26 44 55 -85 13 -26 -14 -1 -58 44 -89 -64 67 -37 -87 -76 16 -94 -93 95 8 29 -84 -71 -70 5 -74 -22 -3 50 64 45 89 54 44 -98 -56 -20 -56 50 -5 23 -54 -20 97 43 62 -38 67 -78 48 -29 75 -71 82
5 52 40 67 70 73 47 70 -19 -97 -31 -37 -74 -38 -99 11 -90 -28 97 90 -84 93 -48 64 53 46 10 30 73 -6 -100 24 -54 -35 -15 34 52 28 7 -87 -6 -92 -35 -81 82 12 -54 -42 38 97 -96 68 -64 -5 -51 -55 15 -58 19 -48 77 18 -67 -32 21 41 35 -19 -30 42 42 -40 95 -98 -58 -73 -52 -81 6 -34 91 -60 93 -20 -9 -49 -93 -77 71 -63 -40 86 16 -89 -18 -53 -71 -40 -46 20
-16 -45 58 -89 30 -82 26 -95 -82 95 -91 -78 -54 -59 83 50 -50 54 -43 -43 0 18 -37 90 -39 -71 -85 -65 -1 96 49 44 -48 99 53 -16 -43 70 -45 -12 16 59 -11 51 -29 -14 64 39 -8 17 -45 -71 35 -32 -89 18 79 74 -7 -6 58 34 -89 6 38 -74 17 64 -93 30 -58 -41 39 55 44 -52 95 -53 -70 45 -74 64 -55 29 56 56 -97 -45 75 3 31 -98 25 64 -56 85 -29 16 -92 54
79 16 9 -18 58 -79 -18 79 20 87 -62 -13 49 91 4 -75 -22 -33 -98 71 42 16 -51 24 40 37 77 16 91 13 -51 80 -46 62 -6 -96 -19 98 -63 45 59 98 -44 11 27 -100 -82 88 30 21 4 72 -10 -31 -52 16 84 -82 -80 -31 49 -98 51 -49 20 41 -33 45 26 56 96 -66 -49 62 -45 36 87 85 78 -48 -83 -37 -90 42 -56 65 -3 11 -19 57 -38 26 -57 27 38 61 43 -9 78 53
-85 74 -31 38 54 10 24 -22 60 34 29 72 -84 -52 65 51 -66 72 -85 6 23 -3 24 74 51 -22 95 96 -44 16 88 29 -37 94 73 56 96 -85 73 15 -21 42 -38 -48 35 62 87 61 37 54 -96 56 -7 51 90 -78 16 18 -16 50 -18 -54 30 -8 42 16 39 69 -64 40 -17 -60 1 62 45 64 33 97 26 38 -55 92 10 -45 -77 -70 7 63 63 3 87 -11 93 58 -71 42 -1 52 -66 65
-52 -53 75 50 98 -40 75 8 83 -20 -71 23 81 69 -12 20 -25 26 39 -66 2 73 -47 58 -68 51 94 32 86 -32 -72 -82 30 89 -46 -44 -64 43 68 -32 -1 15 64 45 -11 42 14 -59 -75 -100 56 -73 -5 24 47 94 -74 -9 -59 -73 5 70 38 77 44 99 15 48 -92 -42 93 -70 -44 -32 96 2 20 19 -3 20 99 -63 29 -66 -43 -95 -82 65 -25 68 -68 -85 -38 -71 -75 80 -66 72 -13 57
9 36 -11 -4 -77 -30 -12 -46 -21 -74 -29 -15 -83 -68 -32 -5 -10 96 78 6 72 -20 -19 -32 6 39 85 -70 -28 21 15 96 -6 -24 44 78 25 -70 -11 45 -2 27 3 -89 95 -66 -90 -10 -11 -82 27 5 -46 7 89 23 -85 -12 -40 -10 -24 59 -85 76 89 55 -43 99 -47 4 58 15 88 69 11 -75 28 -62 -49 29 4 -45 93 -26 -66 -74 -17 -14 -25 85 -99 -21 84 -66 -42 60 -54 89 3 92
73 80 -19 -27 26 8 -68 90 -91 10 57 -16 -29 99 89 9 -30 -91 31 86 -87 -80 -19 -65 27 -94 -51 -57 -40 -97 -80 22 -66 58 55 10 40 -67 -98 -100 -89 -3 56 -39 65 43 -13 -31 79 -7 -87 6 -30 -98 -10 98 -4 -71 89 93 -59 -66 84 68 -10 71 21 92 -29 31 -50 -2 -59 7 33 -46 55 -89 63 -23 93 65 91 68 71 -74 28 -32 68 10 90 -82 79 -32 67 52 -54 3 -64 -16
-76 22 -28 69 90 61 -58 75 33 14 -66 62 -50 16 58 -90 -25 95 -19 -33 -48 71 37 84 12 -90 -68 -87 14 85 96 -84 -71 -64 -14 -82 58 -33 1 78 43 -34 -94 -89 85 -55 -34 33 -16 60 73 -45 -58 66 -15 7 -32 21 -85 88 -10 -28 -84 -82 52 -5 26 43 -34 46 -100 -6 89 -56 -85 47 63 -98 -29 7 92 96 -82 -68 -3 97 -61 -66 -41 -17 47 61 -39 3 -50 -89 46 7 21 -74
81 23 -33 57 31 -97 -13 73 37 58 26 -81 35 -12 -67 16 10 94 61 74 79 -35 79 -26 70 1 3 36 35 56 -46 -4 -79 20 27 30 45 -47 -7 -37 55 11 -21 -16 -58 -12 32 46 -57 82 10 51 56 58 -100 -82 62 -84 -44 93 78 20 4 29 -67 27 -100 30 37 93 -41 -76 86 85 -43 63 -55 -76 -79 12 75 99 -77 -53 51 94 44 -33 -90 -48 -10 -37 -72 6 -17 69 -18 91 -72 -27
-36 34 40 5 -22 41 -3 32 -8 10 -2 86 -27 -85 57 -64 -23 48 2 -95 26 53 20 -12 62 91 35 -42 -33 10 -18 -61 -25 -20 92 90 -26 -4 -75 -17 50 -45 -71 96 90 -91 39 -31 33 68 38 96 22 -23 -8 13 72 -78 70 -3 -49 30 60 -19 35 13 -6 -56 31 -36 -25 79 -26 -31 6 -71 13 -27 38 91 50 9 18 -17 94 92 79 -90 -6 -69 -56 10 61 -87 53 -5 -38 82 2 -40
-53 5 -45 44 -90 68 51 -65 54 72 -5 57 -6 74 79 26 94 86 19 -93 -98 64 -10 89 64 -84 99 -19 17 75 -63 -70 42 71 40 -50 96 63 0 -79 -69 93 -52 -11 -59 -27 -72 -37 56 -40 91 34 68 -85 43 39 -65 6 15 -42 -1 99 47 25 47 46 96 36 -77 34 -28 19 -27 -92 81 42 24 59 -29 -75 -70 -56 -44 2 87 -76 -93 34 -81 -73 -66 50 -80 38 91 69 27 59 90 -50
-50 -80 -41 -13 44 -91 -73 41 -43 -4 -56 68 -74 -42 -86 -65 61 6 30 40 47 -38 28 55 -39 97 93 -18 -88 62 21 3 -43 22 2 83 15 -45 -34 62 37 -37 -48 -2 77 42 -82 87 -52 -11 68 -77 -64 -7 -1 62 46 14 -64 70 -19 -7 82 61 36 59 74 -81 -25 27 98 74 86 -2 -49 12 39 -60 29 6 37 -50 31 69 26 80 -65 -65 78 95 86 98 7 8 12 1 -33 -92 84 75
-83 -67 24 15 -97 35 -56 76 19 -86 28 -47 63 2 51 26 -99 -61 -54 -55 25 -7 -85 46 -88 67 85 72 12 39 32 -80 -8 88 -88 73 1 85 41 39 49 10 -90 -64 -18 -68 -68 -57 11 17 40 -84 15 -34 57 -24 22 -26 -57 47 90 11 -74 30 -40 -27 -28 80 94 59 20 -68 40 -73 -52 17 -16 -94 53 -75 -52 50 -83 69 56 -51 -69 -73 93 -94 -83 90 -75 -49 33 -13 0 32 -41 89
72 -90 -29 82 -96 -4 17 31 -15 10 -98 9 -93 23 -66 -98 57 -55 -55 -53 60 39 -99 -96 90 -32 -17 21 -52 31 54 7 55 -66 78 99 -75 -66 93 -98 -28 73 69 73 38 35 93 61 57 -26 -71 -84 97 25 43 -56 -96 38 -86 95 26 -100 -22 19 -22 -30 52 -84 -54 9 -53 57 28 -61 -40 57 -94 -2 25 63 -51 -68 -98 83 -8 -51 -78 78 24 4 -37 49 -40 51 77 87 -27 53 59 37
61 95 -78 -70 76 53 14 74 -36 33 42 -54 48 -73 55 -32 -20 -9 -76 14 38 75 -83 -98 51 35 44 -10 -56 38 60 26 22 -7 94 78 -94 48 -4 31 -20 11 -68 39 -34 -79 61 -95 -12 -34 -10 26 8 12 -40 91 -21 10 94 83 98 -83 -56 -31 -19 77 -91 88 61 33 -46 -45 29 -89 -91 2 14 93 -46 55 -38 38 18 -99 51 82 -92 80 -50 -50 -51 54 27 76 86 97 -18 63 -97 -60
-88 -16 -93 98 91 58 -85 -39 -71 -6 91 30 -23 48 58 60 61 73 -84 -35 -98 -3 -21 2 -43 49 -24 -38 -37 -45 85 98 85 -98 64 -90 -59 -38 -63 85 -73 -59 70 77 -5 25 52 63 -27 55 94 -95 20 -83 41 25 -15 37 86 89 10 25 25 92 92 36 -100 61 -80 -50 42 16 0 1 63 -40 -45 92 -8 -60 -84 -38 63 -59 47 4 -76 5 -33 -37 -19 -74 20 -53 47 -28 -93 7 34 35
-36 69 -72 26 -48 77 99 -1 -41 -7 -83 -1 22 -42 -50 61 49 23 -73 22 35 81 -80 -59 22 95 -58 -84 -87 -7 -53 90 -52 51 83 -16 96 59 11 -90 50 -64 88 -97 -80 -22 -80 58 68 -51 -88 -25 96 -98 94 44 -18 -98 34 -88 -89 -37 -50 17 18 90 18 -90 13 -41 -30 68 -5 -40 71 25 -39 54 11 -27 -1 -13 -37 63 88 44 96 -6 29 -96 51 -33 -98 -10 23 -27 29 -9 84 81
84 21 75 86 -78 99 99 -45 -73 -42 -10 76 65 -9 -67 10 -3 -29 68 67 -96 -94 -99 -79 52 49 -57 27 -99 -13 82 77 -75 -21 -49 -38 -25 75 -45 -89 -76 -74 -77 48 -97 5 53 -37 46 33 -45 31 -27 -9 -6 66 -2 -57 57 -94 -46 76 38 33 -89 -20 -19 -52 95 36 -35 -11 -91 -33 -84 4 2 41 -8 41 97 0 -1 38 -63 -54 -61 79 72 2 9 -32 -39 81 84 93 -64 -25 -60 -76
-85 -94 65 45 -60 22 73 -81 66 91 -90 -47 -44 36 35 -37 -25 -10 -27 -27 -84 -51 -62 -46 -63 85 -65 51 -36 -62 -16 -21 -86 6 -17 -65 -38 -7 -20 34 9 21 95 84 7 92 99 83 75 13 -13 -6 27 -23 -59 -54 -37 -57 -69 -77 -83 89 -85 14 -23 -50 -28 35 70 -94 46 -68 93 8 60 -36 99 41 -90 85 10 -65 0 43 71 90 -17 -4 43 41 -65 33 67 49 -24 21 67 3 -41 -28
-28 -63 -49 -78 -29 -44 9 89 18 -5 -18 -52 -74 32 -9 2 -7 -33 -35 2 90 96 -66 42 -84 68 -34 36 -26 -82 8 79 44 8 93 76 21 63 -62 -86 61 -38 39 -48 -70 -95 -42 -23 97 -33 58 -13 -56 -63 -28 -7 75 27 -78 53 -36 53 27 -49 -36 -95 -28 91 -92 -49 -46 52 10 32 -40 14 -92 -57 8 33 -44 -64 -3 -3 -62 -8 37 19 -92 74 15 50 -37 -81 -36 -6 65 -76 54 -32
10 86 95 -53 0 15 73 -71 -22 -84 -39 67 79 42 67 -8 51 42 -91 51 64 47 1 -30 -10 -47 31 -6 -56 -21 -71 41 -47 -76 87 76 -45 22 -84 -49 -41 53 -77 8 -20 -29 -65 74 -61 -33 45 3 -70 -36 72 4 24 69 -50 3 30 -54 69 74 48 -21 -41 47 45 74 -92 12 -58 -8 -70 -85 33 18 -2 -70 97 -21 -59 79 1 82 56 8 -52 17 -98 3 -11 -14 79 63 -26 17 -33 95
82 90 -8 82 -4 92 89 96 -14 43 -17 79 -98 33 67 89 -54 -21 48 70 -29 93 -52 45 38 -74 22 -19 -32 -93 30 -67 -10 -17 -79 -50 23 89 40 -73 70 -3 16 -18 12 46 -66 -81 -80 12 65 42 24 -3 -35 -30 -10 -60 -84 77 67 21 -35 -35 -56 6 -68 -59 -39 7 -56 -24 -32 -4 -13 25 38 36 50 46 45 30 29 52 7 48 76 41 14 -7 -46 -81 82 -9 7 -85 67 -19 -84 -96
-63 -23 63 -94 0 -30 93 -25 -73 -41 81 84 93 -17 73 76 72 91 58 2 -40 -16 -94 65 64 24 -62 -74 47 94 -29 96 -42 -69 87 -45 4 -5 16 17 67 -81 -79 -64 -62 -46 -35 69 -44 96 -54 -57 72 98 60 -2 0 16 99 -11 40 -66 78 84 84 15 49 22 94 70 66 -12 -60 69 48 -88 -61 71 -31 -68 46 30 -1 56 41 -62 75 42 81 77 -10 -49 -46 -89 -69 12 -15 83 -77 -61
55 80 39 59 14 -2 -52 -96 51 6 -28 3 53 -30 4 27 98 -54 -33 43 -70 78 -26 0 -76 13 -99 28 -55 -51 -28 -23 -30 -36 12 70 -64 -55 6 -60 -89 47 -48 -56 -45 95 -82 87 16 -100 -53 -38 -31 52 39 -51 79 15 37 86 -33 -57 -53 4 -1 88 -7 -99 54 -73 -89 -65 44 63 35 75 -89 -81 91 -69 3 -2 30 -30 45 21 42 -4 11 -58 -79 7 -71 -65 -15 12 -98 -71 -89 -14
18 -33 -92 51 9 8 -39 -37 -97 -19 -38 77 25 71 9 29 -29 17 41 75 -78 8 -19 36 -19 -52 39 -29 66 82 54 7 -39 43 -7 -99 -53 10 66 64 -54 -58 60 -29 -65 57 -58 -37 77 -60 86 -38 63 -78 -39 58 2 61 18 41 52 15 -4 -48 -36 -77 69 84 -16 -75 -51 84 25 22 25 -6 72 5 9 29 -8 56 91 95 4 47 0 -16 -21 -48 81 -57 -91 14 -51 -46 -45 -54 6 -80
-47 -12 -13 42 86 -51 40 62 -39 -92 -12 82 50 69 -21 -60 90 57 91 82 -86 40 57 34 -14 18 -48 -16 19 41 77 -2 -83 -81 2 -19 82 93 -73 30 -91 -29 -68 -46 78 -35 -1 56 20 31 80 80 20 -84 -13 -83 -19 -33 -73 -44 39 83 -5 -16 51 -8 -63 -15 41 51 44 57 -37 -93 75 -36 -40 -49 -32 -34 51 -65 67 11 -17 60 77 -57 63 56 -34 60 6 82 -22 94 61 -25 -14 41
96 10 -14 15 0 -3 -47 47 47 25 -87 49 66 16 8 38 -47 -86 69 53 95 16 85 81 0 11 25 -97 -76 -85 80 -70 27 4 -49 23 -23 46 -46 53 97 -43 56 39 89 65 17 38 98 34 -94 -33 93 50 64 -14 -75 -62 48 35 -71 71 55 -5 -21 -37 -40 -5 23 40 67 89 -64 -83 65 -20 59 -56 83 -3 12 23 -57 22 48 49 -93 -60 -68 79 -10 45 29 73 20 -48 -72 50 16 -56
-57 -68 -86 64 -11 66 15 75 -41 -63 75 -88 -47 3 -4 -51 11 74 -48 4 95 -25 -59 36 77 32 59 -21 20 59 -21 49 -5 20 -75 16 60 -56 -57 -75 91 -45 20 31 63 -85 29 -15 -76 53 83 90 49 83 -62 9 -94 -100 96 90 -51 -33 49 78 24 89 -5 8 42 84 20 85 -84 -56 -73 -28 24 -46 46 -6 79 -56 99 50 17 -23 -91 -83 -41 70 57 -85 94 71 3 95 -85 33 2 95
-8 56 40 -78 -28 3 -19 -33 96 -48 -23 -16 35 -70 -48 -23 -20 -51 -66 -23 14 86 -18 11 -94 -37 -6 29 83 -31 29 -18 -13 25 -22 54 4 15 -63 68 -16 48 53 -41 14 75 48 18 -37 19 18 25 -82 25 -68 19 -50 -48 -43 27 -32 -16 -42 -29 -94 69 -66 91 -93 -89 -34 17 67 32 22 -65 31 91 -21 43 -75 -87 -72 26 -85 41 -49 18 83 -94 -37 -35 -40 -18 -73 63 -76 80 41 -17
21 -90 -70 -20 -39 -10 -73 -49 -24 33 63 8 -96 30 -78 61 78 -65 -11 -2 -5 41 93 24 83 44 -39 54 -95 91 -10 -1 59 60 95 37 35 70 98 67 36 -98 92 -38 -38 -71 93 -48 -90 -93 -89 -61 57 40 -57 -33 -46 21 8 90 -85 72 39 -81 -86 68 72 -90 -1 -3 73 -62 -96 61 50 77 97 -48 -85 25 69 -17 90 -100 -49 70 -91 -11 -16 -46 -24 27 -91 -73 85 -71 45 58 -85 -50
73 41 -77 64 68 36 45 -37 18 -50 -100 -19 -13 81 73 37 71 78 -53 -42 -69 99 85 -75 0 19 -43 -34 -88 -92 85 -25 15 -100 30 -16 94 -52 -86 -63 25 -50 -25 33 -14 -43 47 -64 -79 -31 86 -33 14 15 46 -39 -58 -95 11 82 61 -82 5 -27 26 61 -20 -48 84 -74 -60 -18 58 -100 -83 43 -33 80 -63 64 59 -7 -49 -24 -24 5 -99 66 70 55 71 -44 -24 74 -4 -13 -58 -44 -71 -56
96 69 38 52 -89 -62 77 -66 -38 29 -62 78 45 24 -71 57 98 -21 -40 13 73 57 53 -87 -42 85 -48 -9 75 -84 -46 51 31 -91 63 72 41 -44 1 28 -37 -69 -44 17 -8 25 -36 98 37 48 -57 -21 -86 34 80 6 -78 79 -39 44 -96 -64 42 -53 -99 -16 -55 -96 -30 -34 -10 -58 22 -88 -93 -53 92 43 80 -60 85 -100 67 42 -30 -17 16 27 89 -100 45 -37 27 -51 99 32 85 48 -49 -34
76 64 4 7 -17 67 -13 31 37 -89 -1 -32 -92 -23 61 21 -68 -68 -51 67 9 -3 46 -8 -56 59 68 21 91 -6 -10 17 27 -68 -47 -84 -32 2 -36 8 33 -100 19 2 -10 -72 28 -70 83 63 51 60 71 61 15 11 -33 -81 -83 -12 73 -51 50 -53 -3 -61 -96 63 96 37 -29 -87 48 58 -50 -20 -50 68 -96 -33 -81 35 -2 -88 -15 -4 60 -46 53 0 -93 80 -8 93 58 91 64 -100 -24 23
70 28 -62 30 -74 88 -83 -72 -60 91 -31 -100 -25 64 -88 -48 -22 76 -65 69 -46 -83 -73 55 -35 -10 -25 96 -54 90 1 -57 -88 5 52 82 -6 35 11 35 78 -73 6 26 -14 -11 26 -17 -64 -25 99 -14 82 43 81 69 57 59 -65 65 10 39 -7 52 43 85 -46 90 -64 -40 -83 -27 -57 -5 81 67 50 -56 81 82 -66 30 58 19 50 42 -15 58 -7 59 8 61 -65 -83 37 50 -91 -10 -30 67
-58 51 -95 -91 -19 89 -84 29 -47 78 50 -85 68 -2 60 57 -98 -39 54 -68 46 76 15 90 -9 0 -70 89 5 11 -58 20 18 -1 46 -46 71 -37 -76 -19 -36 75 -88 -63 96 -79 -15 30 -28 -25 34 19 -53 -64 -74 36 -93 89 -19 -51 -30 28 73 69 -62 58 96 74 58 -19 21 -81 -23 -17 30 88 -37 -53 48 14 2 -42 67 -63 -50 -13 -18 -78 -9 -39 -82 -84 91 -67 -38 -40 49 -40 -93 7
68 38 -47 36 -89 -5 63 69 68 97 24 17 -3 93 42 36 -39 -43 81 77 71 -88 74 54 37 -82 -64 -35 -29 74 30 37 -61 71 -9 -23 -60 68 73 -84 33 32 47 -7 69 36 12 -9 72 61 23 -47 -54 38 23 75 86 -74 52 65 -34 30 40 19 -42 3 -2 13 -79 17 43 10 -26 -38 86 -32 60 92 -66 -54 -20 -75 31 -45 -39 -22 -75 80 -76 39 -43 -6 -37 -99 -49 -40 -72 21 -10 -42
67 -76 95 16 -14 38 -71 72 -85 -17 75 0 51 16 -23 53 -37 77 -16 51 -3 52 60 -47 79 -38 51 -48 -62 0 42 -25 18 44 -74 19 -95 -23 0 50 -22 -31 -16 -90 -45 32 -14 87 70 -58 -49 50 -42 74 -97 -88 -58 44 -68 -22 98 -37 -78 -28 77 80 17 -10 76 45 -92 -17 26 -62 -92 -10 24 -13 -61 87 -52 -31 -57 -30 23 -1 -4 -20 -45 -14 2 87 -33 34 -29 46 12 -69 -87 84
85 68 -36 -59 -39 64 89 -2 0 80 87 -38 11 2 -3 67 -22 15 75 -2 -18 -99 47 -85 -92 -59 90 2 4 -42 22 -92 -61 -78 0 -44 -51 -7 51 99 54 39 36 7 -90 -62 -28 -54 91 -12 4 46 -56 71 54 68 -73 60 45 0 33 8 49 -78 -60 -61 -24 -15 98 -93 -97 84 -41 92 -100 -2 81 -42 52 -41 -54 53 91 94 -29 -34 7 -55 96 -28 85 76 -92 98 71 77 -80 87 -84 -28
83 5 -64 7 71 -88 95 63 28 -2 55 -35 -79 34 42 -69 20 -48 85 87 -4 58 76 -15 -48 -89 -79 -43 1 46 48 -56 67 16 -25 51 -73 18 -21 -88 -32 44 -93 79 -46 39 -23 27 -36 34 70 -10 23 -67 -56 95 -63 96 -83 16 -100 27 70 -20 -87 -39 -56 -97 61 -99 39 43 54 -56 89 27 33 12 10 -45 81 98 -49 36 5 31 25 -19 -28 46 29 15 26 20 67 26 -51 69 -27 -87
-19 59 -30 55 3 -53 95 8 -19 72 76 -75 -96 -65 -83 -41 8 -59 18 -75 -40 1 -48 73 -81 -26 44 55 0 90 33 -94 -28 -62 66 -42 47 66 22 40 -89 -7 21 16 -63 99 68 -17 -57 -44 98 -9 -13 0 60 76 -52 -54 -75 -77 -59 16 73 -60 18 -100 23 8 34 8 90 -83 93 -37 72 -55 -58 -63 -55 -5 -48 -2 -68 -7 -77 -78 77 -99 5 15 96 -86 -12 -18 -23 -24 56 -51 65 94
56 -51 -21 -31 13 69 -81 59 19 -40 85 -26 -17 -4 -39 11 -14 47 72 -71 21 -31 -82 -21 -84 -58 28 -6 -54 40 -1 48 -16 -23 66 83 -48 31 -64 34 -67 21 -75 -48 28 85 -29 24 -28 0 8 27 -36 -36 -12 -88 99 57 50 -91 80 8 -91 67 -21 36 -100 40 63 74 41 -3 21 91 -18 -3 78 19 48 47 -90 38 -40 20 -30 -6 49 -72 -17 74 5 19 86 71 57 86 74 -12 -22 -15
-32 49 84 -95 19 51 5 -76 -62 -32 17 -68 -66 -94 -37 19 -93 -34 34 -22 -80 -53 -1 63 -78 -12 -27 -92 52 62 -50 -63 -96 -2 -25 37 -13 48 -46 51 -63 -74 92 -95 -92 91 -46 -89 51 85 16 38 -13 12 -43 9 -93 -98 41 -24 -60 62 14 70 59 -5 -65 37 6 -20 -43 -4 17 32 94 -1 -59 -49 51 31 -87 83 5 -78 76 17 76 51 3 38 -80 -23 90 4 -16 51 14 -60 -60 20
