61 13 -78 -23 48 68 74 -31 -13 0 10 -93 -62 81 41 73 -27 -30 -93 -40 73 36 82 -92 -71 28 -2 81 25 -74 -85 72 64 66 8 -69 -29 -20 -6 47 41 42 37 -32 -100 -67 47 6 -52 6 99 -54 -77 47 -63 -7 8 39 96 54 0 -38 56 -53 15 -98 -77 66 17 -90 12 -70 -2 23 -4 -2 73 94 -94 -15 -73 -5 -55 -47 57 18 29 -46 -49 7 -10 -35 46 -87 65 80 -50 5 -48 39
-70 -98 20 -65 2 -82 22 11 -98 43 -69 75 -64 35 52 83 72 26 -38 -89 -73 -22 -74 -98 -21 -80 -51 -99 81 84 74 74 49 -67 81 -70 94 -1 -40 17 23 67 54 10 -21 -97 37 59 -2 60 19 40 -5 84 -2 80 43 69 -67 24 -95 7 -86 72 -58 -76 -37 51 -85 -88 27 7 -52 47 75 25 -36 -89 86 68 -37 33 22 10 30 -96 79 -34 -50 -61 70 19 34 -37 -90 -24 13 88 -68 -58
73 -90 41 73 -70 42 -66 -17 39 50 -16 88 -69 73 -29 91 -31 20 -8 0 66 -30 71 -99 38 -48 -8 22 -27 -55 68 21 45 46 -34 -76 -85 72 -41 -80 -79 57 61 -78 -81 50 -37 -43 -22 9 1 93 -56 -6 -3 20 52 -89 70 66 82 14 -16 -78 -45 -53 -99 -29 -89 -23 -52 -6 72 -21 57 -24 8 46 61 27 37 -39 4 68 -5 9 61 -30 -46 19 12 94 95 -94 10 -28 33 20 -1 -45
-81 20 -23 25 -78 66 36 -23 -35 83 25 -15 66 -76 -26 20 66 -70 -5 92 26 95 31 -10 -58 -14 -51 38 43 -35 -47 -14 38 -59 52 69 19 -34 -1 -25 8 -93 -20 21 61 96 -13 12 -47 -76 -33 -14 79 -66 93 51 44 40 -14 -23 -69 5 -60 -12 55 -56 45 8 85 -70 27 19 -18 -13 -11 -57 93 86 59 -45 -55 -14 72 -92 35 -83 -16 -30 -29 -53 97 39 -40 40 1 -21 63 -85 -47 -53
41 50 -39 -2 -86 -78 -84 45 -65 94 -45 -96 -69 27 -88 75 -77 25 23 12 47 -75 81 -64 -31 47 -21 -27 75 43 46 -5 93 79 11 -20 18 -54 92 -14 -74 -36 48 -31 -38 -52 16 -51 92 -84 -92 21 83 71 -2 -68 -42 89 38 76 20 -72 -72 51 -81 -49 37 54 -65 -60 -80 -91 17 -24 36 -91 70 -35 -50 -66 85 24 -86 0 -36 -38 35 8 48 -96 -57 -53 10 -56 -37 49 -41 -43 -70 80
71 -58 3 27 -75 34 73 77 19 -79 94 -100 -55 63 -41 76 -39 -86 57 86 -31 38 68 -57 15 -77 -29 -88 78 13 64 -71 -57 1 80 -29 5 72 -76 8 7 49 -82 -47 39 78 -90 98 81 -33 -64 -55 -39 69 12 35 55 85 44 -12 -90 -75 86 24 49 88 81 -50 27 64 79 -8 36 55 -65 -84 -28 -40 -88 -80 14 -31 -63 -27 77 65 -36 -53 -56 -55 24 -96 -2 92 -34 97 -60 20 60 -10
14 88 -22 27 -22 17 22 -67 -18 57 2 71 57 -91 -13 44 -31 -100 -8 26 41 -9 -5 -58 28 20 -15 -42 79 -1 20 -96 -30 -88 59 11 80 69 61 -77 -70 -73 55 79 -96 -11 49 10 -32 44 96 -8 78 -95 -78 -87 -34 28 79 93 30 -96 -51 88 -93 -13 -43 -7 -66 -42 -9 5 -92 -76 -38 -22 -71 -56 25 88 -5 -37 12 84 11 -16 16 8 24 -58 -58 -93 3 58 -26 20 -62 46 26 39
-85 21 60 58 25 77 36 -38 -22 27 -78 53 87 74 67 53 -12 -27 -44 79 74 85 -8 99 -76 -13 -73 -4 -82 10 -74 34 8 -11 -10 -74 15 -88 4 -18 -76 -60 53 5 -68 45 88 37 -71 -95 -81 -50 -73 5 5 -92 50 24 -72 63 -100 45 17 -16 -21 -47 -12 8 -88 62 -46 20 -33 -84 46 14 -9 22 48 53 -92 -83 26 -82 74 24 86 87 17 -98 -27 -72 89 -94 -57 22 61 92 -39 59
-86 -35 -100 -57 58 57 -60 34 -58 -84 72 18 -42 78 16 89 35 -23 21 -41 28 -75 92 -65 -83 65 31 -54 5 96 11 -17 -83 1 -13 35 89 -46 22 24 25 14 -21 -42 90 -58 -40 -74 23 94 -67 -91 -95 39 -83 -4 27 -15 -100 -20 -76 80 -7 0 23 28 25 15 61 38 83 -75 3 -80 68 3 41 -47 22 -95 -88 -10 81 69 40 3 -79 62 -13 -43 -53 68 -34 -35 90 -34 -15 -36 -23 43
-80 -69 -36 41 -71 -41 23 16 -92 -4 59 -83 66 12 -45 -60 72 -74 -44 -3 40 93 0 65 -83 35 2 -26 -16 -56 -81 85 35 82 -77 52 -85 -39 81 13 -79 17 -71 51 -66 3 -26 -47 67 72 -39 41 36 9 16 14 -66 -45 9 -22 70 -25 39 -91 -1 -17 91 89 36 -49 -20 37 -48 -13 -51 53 -72 -90 -6 53 -66 30 -2 31 75 73 4 81 -15 -10 91 79 55 -70 -47 -5 -14 -43 27 75
-12 -57 -32 -79 -4 14 -67 74 37 -1 21 81 -77 -84 41 70 -66 -54 74 -57 50 -13 -90 -71 -75 30 -48 -40 -37 72 39 -58 42 86 -8 48 13 17 -1 -48 70 39 -62 -31 -64 -22 -11 -72 -61 86 -19 -97 21 69 70 30 -27 16 -54 -45 -9 -5 -74 -9 56 75 94 -73 2 -59 49 92 -44 59 -49 -7 -64 94 89 39 44 -1 -84 -75 -32 62 41 -85 70 -95 25 70 90 -12 14 32 -64 -71 -40 -37
75 50 31 -89 20 -13 52 18 -46 41 -84 12 83 39 34 -51 -3 83 -19 -99 52 57 -96 -96 -25 89 55 -48 48 -71 -75 75 34 -100 6 -87 67 -89 -37 -82 -30 -45 -25 64 26 14 -13 15 -26 99 -32 16 7 -76 12 85 -45 -3 -31 -38 3 46 -18 4 50 -96 -30 67 20 7 -87 -7 38 -3 -47 -7 39 -66 9 -84 -18 3 -77 10 75 -90 -85 19 -69 -16 -77 83 -40 2 89 -1 -38 -58 99 -46
-100 69 5 -74 -65 -57 -77 -42 -24 96 79 -35 -5 78 -60 -74 97 64 28 30 -64 91 -30 53 -96 -4 17 74 -73 -19 57 42 -7 67 -15 77 56 -27 57 -56 10 -28 -75 31 -64 57 7 -6 93 -51 -20 -51 67 -38 24 -15 -90 35 -25 -66 -1 -2 -37 -28 80 -57 90 -8 72 58 -70 -86 -59 80 -1 3 63 51 -45 11 64 78 -57 35 -65 -61 -29 -53 74 -85 -86 -48 72 -86 33 64 17 29 -63 97
68 -52 30 -92 -61 60 4 81 -10 11 -35 -25 34 40 -20 63 80 80 38 77 -36 -19 -24 54 -56 17 -36 52 34 -98 -100 -42 -46 -99 90 -82 -19 -79 -63 19 98 87 -62 21 -25 73 -28 -76 6 -45 -90 -11 3 88 -65 -36 -56 28 -84 76 14 92 19 58 -89 -17 27 48 83 -93 -91 68 -27 86 -50 94 -90 63 26 -73 -44 87 45 -52 88 -9 4 66 -52 -5 90 -45 -99 -32 14 15 6 55 29 0
22 -14 -91 85 -38 36 -72 47 98 -13 77 -85 23 -97 68 -46 -95 -5 -51 19 -19 -82 -9 -95 -29 -83 22 4 -80 66 -17 -74 -68 -57 27 50 -26 12 -49 -29 41 91 86 -18 -28 51 -90 80 -45 44 -54 55 21 -53 67 -83 87 -30 1 30 -2 -39 -95 25 -16 -66 0 -11 95 23 60 -27 64 49 22 -94 14 31 97 1 -26 -93 -63 -61 64 16 -38 -50 1 67 -49 46 -58 68 -58 22 77 -90 -37 26
18 50 23 -81 -90 99 61 57 -62 40 51 76 78 -98 28 33 -43 -40 70 23 91 -63 -18 -94 -36 20 -67 -79 1 -36 55 7 -95 99 46 95 -67 27 33 61 -36 26 -4 71 -16 -80 12 -53 -39 -27 -24 48 76 60 76 -19 87 -48 -44 15 71 -11 26 31 22 -38 -55 63 14 -97 95 3 -11 43 46 43 12 26 87 76 36 -61 20 78 -81 -48 -52 80 -19 63 65 19 44 64 -29 -61 -1 39 -47 43
34 -57 51 -67 52 54 -37 -100 35 5 -71 -52 71 27 -88 93 20 28 -81 41 60 50 21 -16 -41 -55 -100 4 -93 59 59 2 97 24 71 -95 84 70 30 -52 43 -96 -93 -65 6 18 -85 66 -53 19 -11 -66 83 45 -43 86 -78 15 78 1 -72 -61 42 76 57 37 8 65 72 -98 -9 -7 -20 -96 80 42 -90 75 -20 97 -19 38 17 -43 14 76 3 67 -1 9 45 95 -46 49 -49 11 48 -56 50 86
24 -89 -12 36 -70 -48 -1 98 -27 -30 -17 -3 19 -60 -39 -6 48 39 -69 -28 -49 64 10 -89 67 63 -73 88 -48 -75 68 -3 80 64 -67 38 -25 -11 4 -54 -33 31 -75 24 63 86 -86 81 -99 36 16 4 58 21 -2 -22 75 -51 -58 -62 -22 -58 92 -23 34 -100 -98 -84 82 -61 65 90 -8 -22 27 70 -87 -11 87 -62 44 74 -15 56 -77 33 60 1 -34 -55 46 -64 57 -84 -64 -1 -12 70 -83 -87
17 22 -80 59 -4 -26 76 16 45 35 61 34 40 -57 6 -44 -92 99 17 46 69 -7 -3 79 24 -92 99 69 -57 93 41 -6 -60 73 -10 57 -67 -8 34 -27 -71 -49 -45 47 65 -27 -72 -69 91 21 57 -33 94 94 -57 67 -78 11 80 -4 52 27 -33 -41 -5 -15 -62 24 -93 35 47 -49 -16 -8 30 -50 -23 -73 32 7 71 66 3 42 74 -85 38 -94 96 -30 -7 69 -28 24 1 -72 -37 81 -77 34
-97 86 71 -22 -3 -22 46 68 31 -67 18 53 -100 -79 53 -65 -92 -38 20 27 -27 -79 -29 -82 -15 -70 9 39 57 -42 81 62 -59 -21 97 -54 7 -61 93 -26 -41 -99 36 95 -9 -18 -37 -95 -96 70 27 7 -56 -14 41 27 10 43 -44 -42 86 65 -5 62 22 -42 49 41 -46 22 -94 96 72 83 20 -66 90 9 25 -91 78 45 -34 59 -89 54 -51 13 11 -90 -91 68 -91 -61 -89 89 -9 14 -3 -80
-3 43 17 78 60 6 -81 -54 76 -39 60 49 -56 89 45 -38 -74 -23 -31 -4 -37 26 37 33 -24 15 31 -8 40 -64 -37 -12 -40 34 34 30 5 89 16 50 28 -70 -14 1 -53 22 5 29 -14 27 -1 -94 -8 7 52 30 -79 52 57 -55 19 8 -40 -70 -2 -83 9 -55 -27 65 -93 8 64 -56 98 -23 -12 -47 40 8 -32 2 -28 36 -97 -7 -88 80 -4 -74 -60 -25 16 -98 63 -98 18 63 -83 81
84 58 93 -47 54 14 -91 -98 15 90 -16 31 -13 29 76 95 61 -7 -80 80 -10 -4 89 -2 -33 -100 87 90 -5 -38 -100 -34 61 -91 -21 -67 28 52 88 93 -98 37 6 -21 56 7 16 41 61 11 -97 6 44 -34 51 93 -86 73 92 79 35 46 76 -53 -34 -61 -21 9 -56 74 77 -79 -79 61 -73 8 82 -32 -70 -47 -87 26 -23 -27 63 18 5 -58 92 -14 -62 -13 -1 -100 57 -63 -3 23 50 -10
95 -32 -100 9 -56 -24 -30 92 23 8 -97 -49 49 15 -12 88 -65 -64 33 65 -6 76 10 -96 37 -71 63 52 -69 15 -49 88 -41 -40 17 -97 -44 49 -38 64 -35 43 -33 81 95 -20 -71 -66 -98 38 26 -66 6 16 -4 70 86 87 50 60 -72 60 -15 -56 -72 -41 29 50 -96 36 23 -30 66 -63 -21 -41 -33 42 -2 -55 49 21 77 76 -73 -63 55 -5 -42 -33 -45 8 -33 6 86 -87 -15 63 -52 82
83 -67 5 -83 -47 4 91 -80 13 -17 29 -13 -94 47 95 -6 -19 -74 -53 -12 12 15 -82 50 38 41 68 39 -98 -83 -70 -24 -35 -20 -65 -65 -56 -57 -7 -26 17 73 60 6 21 7 -7 49 61 44 -29 81 -55 54 -79 -10 3 -95 -80 -9 69 63 75 32 81 59 9 -12 53 -78 -88 -65 -29 13 58 -6 -70 -40 96 -59 79 -61 -71 97 51 29 -23 40 -29 20 32 -32 32 39 12 77 -86 -96 -65 -50
34 12 70 52 38 -22 29 5 -15 -85 -10 11 85 -66 -46 28 -63 36 -30 1 33 -54 4 -97 -51 23 -70 -28 3 -42 -29 -50 -94 -61 87 5 -16 -16 74 10 67 30 66 27 53 83 -7 72 13 64 10 -47 85 -55 -70 -16 16 -15 -9 -93 -21 39 78 -78 -41 55 -66 22 38 67 15 18 -26 -18 -22 -96 -83 16 72 46 73 8 -57 50 95 -81 32 54 -70 -10 1 42 -31 90 61 98 90 18 -55 11
-58 71 90 74 -53 37 -4 -2 -57 86 -38 -28 37 50 41 -76 -27 90 47 -74 -13 -25 63 -21 75 91 -63 -40 14 -82 0 54 10 83 -36 2 -78 -75 9 93 68 -89 28 -48 -86 87 -78 39 -96 15 7 75 -44 6 8 -44 -74 29 -28 -52 -89 -59 22 -52 85 61 -27 -13 -54 17 -4 -77 65 -68 82 -57 63 28 25 -46 72 50 48 -47 56 89 -23 82 6 72 58 66 -10 32 -63 -37 71 -81 32 92
89 -90 -78 -15 -59 -91 88 -38 -18 -63 -14 66 32 -86 6 57 32 -51 -33 -2 -99 -100 12 86 71 26 -76 -74 29 28 -60 3 -74 -65 -5 58 40 59 -5 12 44 93 -58 -64 24 24 25 -89 -69 95 -16 -23 -98 -63 -62 -15 -47 3 5 -68 84 20 -50 -89 -18 60 -46 -6 31 47 -42 23 67 62 -91 10 89 -14 49 -29 36 22 46 24 18 51 -80 -34 18 -61 48 -65 -54 -72 40 -12 -44 58 29 -1
57 70 40 5 68 -65 77 -100 2 8 -60 56 39 79 99 48 -95 -83 -86 79 -88 12 -51 69 -28 -67 68 -1 -38 -51 -16 -70 -10 32 -75 56 -95 69 50 2 15 33 -97 77 -73 -55 -43 -59 65 74 -87 -64 -18 89 12 23 82 13 -71 82 83 -53 5 -80 69 -51 0 -13 10 99 89 -31 88 89 54 -17 54 -73 -79 57 -18 -36 42 64 -21 -72 13 50 -32 44 11 47 6 -36 82 -69 -85 -50 20 -69
10 -27 -42 -68 -6 75 81 71 -76 85 30 -63 60 84 -73 6 34 -83 -87 -53 50 13 81 -44 74 83 24 82 49 9 20 -65 61 88 22 -94 -42 1 -44 13 68 -72 42 -15 -80 68 -40 34 76 51 32 16 -53 22 -100 -93 -14 7 -84 -94 91 -86 34 79 11 97 23 0 38 64 -59 -90 41 29 96 -87 -62 -89 -25 -52 17 -34 -50 57 -41 89 -37 -86 -69 -37 94 15 91 7 71 -2 44 27 -38 64
-33 35 89 47 -44 52 -95 -96 21 -54 -36 28 78 -22 -21 -80 69 -9 94 -78 33 96 42 -24 28 82 -100 -20 -59 -45 -72 -97 -85 -56 66 97 28 73 -63 54 -12 69 74 30 20 -78 -23 83 62 -80 -8 68 -14 92 17 9 -8 -71 81 6 -11 89 -46 90 50 54 37 7 17 98 -63 -62 -82 92 -24 -40 83 59 39 35 -92 93 -71 -74 18 -84 99 -60 51 3 -78 2 -1 -26 32 92 -48 -77 -31 54
63 11 -60 -91 -67 38 -40 25 -27 33 -97 -82 -85 -77 28 -46 4 31 -74 -49 -21 88 -90 -41 -99 61 -31 -54 -55 -32 -17 81 -50 -70 -14 96 43 -90 -19 86 43 -5 58 -35 62 58 51 -57 36 -68 67 19 53 89 -58 56 88 41 57 46 -48 -7 8 -70 66 59 -79 -12 -81 39 2 94 75 -73 -100 45 28 -7 -88 53 -57 94 -34 -49 43 25 -85 -47 -94 -70 58 -82 -61 95 20 47 66 99 33 77
-50 59 -48 -50 -87 -1 -17 21 8 77 23 4 -40 -36 -14 57 61 78 -34 48 -78 16 15 26 90 76 -20 -32 85 17 63 7 9 66 20 -48 12 -92 -49 -28 16 -30 66 22 4 18 -43 -29 -73 -11 63 -34 51 -72 44 73 36 -88 -74 46 59 -46 -61 -86 75 18 -46 26 -79 -16 68 74 -67 -54 74 -12 -70 43 63 -31 81 99 -18 36 -64 20 -20 -62 -91 -38 -3 19 75 -58 -43 51 88 -82 -73 40
84 -11 24 -78 31 -94 -47 14 23 7 -70 96 -38 78 46 -14 88 86 -57 55 -90 79 -27 -70 -94 78 -57 80 14 -67 -67 65 91 -5 -58 -38 -48 43 49 -81 -78 72 -6 66 -46 -51 -58 60 92 90 -66 -26 43 -25 62 31 -30 -49 70 -39 85 -8 -86 63 54 -44 -93 -13 76 -70 -71 22 31 98 92 59 19 45 39 25 -49 -64 75 -12 94 -18 17 14 -60 31 68 -92 -18 33 62 -82 85 -16 6 75
90 93 -29 -40 87 -60 -69 -25 -14 26 27 47 65 6 -97 -99 -12 -20 -21 -45 -7 -9 40 20 -54 -99 -40 -75 82 66 -51 79 -58 35 -97 -94 -27 -71 -59 -14 -94 20 -44 29 32 57 -96 20 96 -56 -99 -30 99 -60 -73 -62 89 33 87 57 0 -83 4 -23 94 78 23 91 -31 -82 44 -53 26 39 30 26 61 -60 -54 39 -61 25 76 -2 -62 -26 -41 -28 -73 53 -30 64 88 -87 34 -30 -18 -36 13 -39
82 66 89 86 -37 35 65 -99 -15 60 13 22 11 -44 -16 40 -83 -7 97 -15 43 1 31 -34 -51 43 -40 6 68 -9 67 46 -77 42 66 6 -97 76 63 7 94 60 -66 47 -65 -99 65 -89 31 4 -80 -76 81 -25 88 77 20 98 48 41 -88 80 40 -74 -42 -20 -67 -33 -7 -23 58 -97 -51 -53 -80 96 67 67 84 -29 23 -71 -93 16 -51 -24 56 -70 11 -62 -25 7 37 49 94 41 71 70 29 96
-81 29 46 -68 91 76 82 -87 45 38 72 -53 -53 26 26 -46 53 80 99 78 60 -5 -91 -51 -2 -94 -3 -57 -72 57 78 -74 61 -47 64 35 -30 75 25 -81 47 -63 -30 66 97 -99 98 82 -24 -92 94 93 90 75 64 -30 -83 84 -88 -51 -38 -98 75 33 7 -99 35 -48 -98 40 -47 17 -39 -47 -57 24 75 -30 -37 72 -81 -71 -13 74 46 -2 20 -30 92 -63 24 79 27 -77 42 2 31 21 -15 -9
68 56 -77 -19 26 -32 -39 -48 -76 -41 94 -72 45 52 8 -21 91 16 -5 68 93 -8 -29 -7 -1 -23 -32 26 -7 25 76 -66 -100 13 34 84 -75 -58 2 68 34 -92 31 66 2 -89 -69 12 -17 -93 -47 29 22 29 37 33 27 32 19 -26 66 -55 -90 -4 -31 24 -86 70 6 45 -27 -48 -64 24 -97 27 -37 60 -24 -22 -88 56 -69 45 24 86 -26 -83 -91 -92 57 -2 68 -89 -65 59 -75 -65 68 -61
-92 94 -90 49 70 -52 64 21 -31 -65 16 -8 -85 46 80 -81 73 43 -79 -44 -2 80 18 -77 -62 90 29 -80 -44 -61 -34 77 75 8 60 43 42 48 17 27 -52 -16 29 -47 44 3 -27 94 -23 4 -54 23 -93 -78 -41 -11 -30 22 -91 -43 -10 75 84 63 -66 88 19 -6 -74 -89 -16 33 91 -94 94 -95 65 -40 -56 6 73 9 -13 -1 41 -71 -34 53 -5 -14 19 -75 -17 -40 3 41 19 32 27 18
60 64 44 -97 96 -67 -15 34 38 -38 10 -99 23 61 -50 -55 -14 -48 91 29 13 -48 63 38 -57 61 -67 24 -90 -50 70 -57 88 -52 31 -69 -9 -57 43 -71 -12 -18 96 -88 70 39 63 -9 58 47 62 42 95 68 -19 62 4 -12 62 48 -29 -76 -5 81 58 -15 -66 -2 -15 -74 88 -79 -22 -27 -80 -43 -93 77 -43 77 -58 83 67 -36 96 93 91 48 44 -40 81 -60 28 -50 35 24 -59 -34 -94 -43
-6 -8 -55 -60 74 -37 -14 21 3 -95 -74 -20 -26 75 -13 86 40 11 71 90 -60 40 11 7 -13 51 -92 -15 94 72 -91 -56 32 -67 55 -92 75 -9 -70 76 -40 74 35 -38 46 5 -68 -60 -12 7 -6 70 -11 -91 -36 -89 0 60 53 63 25 -77 -87 -63 43 84 23 27 -76 -91 -21 30 50 -84 -96 23 -98 -79 -27 -76 0 70 -87 53 -78 6 -70 44 -19 -9 70 95 23 -29 73 79 -71 13 35 -75
69 -40 62 10 96 9 -94 57 83 -57 51 14 -97 -36 72 61 32 63 86 89 52 -78 -60 38 -31 64 -24 76 -18 20 20 -47 -66 -76 0 44 -68 51 83 -42 -34 -97 -77 60 -19 -62 -69 -56 4 0 -82 20 75 -37 -7 11 -88 -89 16 -75 20 -19 -49 96 75 -25 -58 2 -36 63 43 -43 90 -17 51 -18 -88 -54 58 -47 -99 58 -59 -99 60 94 -74 -6 94 -84 13 -39 -12 -32 -58 11 47 -95 -55 5
-11 12 -3 -57 46 73 -18 -76 -73 -42 43 43 -100 -73 16 -100 5 99 16 -88 78 25 -99 -32 -33 -60 8 38 40 39 -57 -31 55 -57 81 -52 -47 24 73 -24 20 -30 -23 -50 87 94 29 -24 97 -76 -45 4 90 -13 95 39 -48 -32 -78 46 -44 -57 7 -63 -9 -11 27 -16 -96 -74 -17 29 51 -5 97 -3 46 66 -33 -82 80 -15 69 -66 22 79 6 28 -13 34 -11 -5 -34 54 71 51 -78 -72 -6 -43
-38 43 38 -57 -57 22 -31 -13 16 62 93 -80 -31 79 22 -11 -79 61 65 -4 23 33 22 -63 8 55 72 89 -67 -43 -40 49 -85 80 -83 -73 -10 -66 57 25 50 16 31 81 54 -5 28 93 -15 -2 -93 7 -34 19 -31 35 -63 -27 6 -17 3 -84 -27 -14 -94 96 -80 85 -74 21 98 84 50 -5 36 -15 64 -55 99 -25 88 -83 -76 -73 -31 95 -100 96 -76 76 74 53 -10 -19 58 -34 -64 -89 -27 -11
47 -18 -84 87 -9 -39 56 -50 51 32 73 -11 35 11 92 -2 55 -37 -34 -35 65 -88 99 -50 77 -73 -19 78 -99 -94 -48 15 -85 22 16 87 -3 77 -83 -35 12 -43 -72 32 -96 92 78 91 70 79 -8 -75 99 26 94 -15 32 24 -6 -68 -47 47 21 -27 90 -50 16 86 -22 -69 71 31 34 35 -80 -44 -42 -3 25 31 -14 -61 58 -45 23 -14 -32 26 -51 -82 -19 18 82 -4 -9 11 5 -25 -9 87
-55 -54 -37 1 -59 91 -66 2 -17 86 89 -55 7 -62 71 70 48 78 18 -97 -9 93 23 21 0 89 -2 -99 -26 25 -85 -47 1 -4 42 72 -58 5 -29 98 38 46 -85 64 -49 -45 8 84 -84 59 -24 37 -32 -18 0 -44 45 -19 -29 -46 59 -98 -52 -82 -70 -90 77 -19 12 62 -48 27 66 -65 -93 -63 78 -9 73 97 -83 -34 -20 -86 -45 98 75 81 2 -70 -33 -16 -21 -31 19 14 -65 10 -82 -70
76 -89 10 -85 88 5 -73 11 60 50 -92 -56 79 1 95 -72 -27 25 32 -67 -53 -87 -2 64 -41 -72 98 49 75 38 -46 18 -82 -36 -59 57 -5 -20 -80 64 77 -69 86 55 -87 -48 6 -48 85 -37 -72 -14 7 50 67 83 5 34 29 89 -15 92 -95 -57 -17 74 -77 95 66 -95 65 66 -87 -36 27 -58 3 9 -28 -63 86 98 -16 61 -31 29 -42 63 48 28 64 -80 -15 -85 -36 -10 -1 19 -85 -26
53 98 -57 58 -1 33 40 99 19 67 -17 0 -12 80 -53 29 41 -15 29 -41 -40 -12 35 36 35 80 31 94 -61 23 -40 -40 35 -32 -38 -77 3 37 70 -11 -79 22 -14 78 -29 30 66 -100 -54 21 -73 47 94 -25 36 70 89 38 -97 61 92 -66 12 -99 -35 47 48 61 32 -27 47 81 -21 6 -92 -50 91 -23 -26 49 -22 -59 -85 64 -67 81 35 76 19 7 -1 -24 -89 73 62 -65 16 42 55 63
38 18 -52 -6 -16 -51 -22 22 40 -28 -26 52 -45 -14 -92 -63 -66 34 -25 20 34 79 -58 77 -72 -61 84 -42 51 -17 -52 -14 -43 28 -33 -46 89 78 1 -79 74 -69 44 52 0 -90 -5 -23 83 65 -50 -56 -6 -71 73 97 31 21 95 -61 -41 4 -46 22 38 75 -28 -21 -39 20 59 21 -23 60 -56 -74 22 88 22 -86 -20 -4 60 -6 -98 95 -77 74 -24 86 92 90 99 69 66 46 -51 -1 40 44
-95 16 74 46 66 50 60 -16 -25 -44 72 30 82 -49 -13 -67 -97 58 -41 31 64 -44 -78 -30 18 -83 2 -19 -1 34 -89 -35 -56 -61 -100 -57 91 -69 -97 97 7 75 70 -34 -46 -21 -52 14 -93 80 19 68 28 59 67 -77 28 -60 -95 -92 -14 21 89 -82 -29 -25 -14 -40 66 98 63 45 61 98 -12 86 32 8 -21 -33 76 -100 -89 -69 33 -54 -90 91 59 -100 -93 -80 85 -35 -86 -63 -14 -29 -26 84
-29 0 63 -72 -1 -94 51 -4 99 -13 -47 -29 -90 16 -32 -75 -13 -18 85 48 -40 10 -2 82 -50 23 -21 -25 68 -69 -76 87 52 -63 -16 -44 -68 -13 -54 -82 -97 53 80 -70 -35 -56 -69 -6 59 -10 -81 -57 20 46 -34 -23 -62 -31 -96 -62 96 89 -86 -64 78 -78 -33 -74 17 45 -91 81 -85 -86 -29 -97 -1 43 -80 80 -69 23 70 62 61 19 79 -5 65 -48 35 -46 -70 -33 -87 -35 -40 -41 60 73
-44 -58 11 87 81 -55 31 76 -69 97 19 -46 84 -21 -62 27 -70 -41 -54 -74 -49 68 53 92 27 56 -89 -31 84 99 -24 -13 38 23 -86 46 20 -71 11 -93 -44 40 -8 -31 -85 -98 44 -38 53 52 24 42 -73 -91 52 -35 83 -10 1 92 -99 46 -61 9 60 -43 86 -8 -15 72 1 7 57 20 72 54 0 1 65 -97 -34 -27 69 9 28 15 56 59 46 -69 -9 68 93 44 7 53 -71 -54 87 93
-24 -64 -62 -75 -86 37 -18 -75 95 47 95 -15 -25 -90 61 -80 58 -90 -30 40 -73 -75 -58 -39 -90 -52 -12 -49 17 40 63 -26 45 -55 44 84 62 19 -37 80 -10 8 55 28 -46 44 -47 85 -27 -82 44 81 31 6 -15 35 66 -57 37 78 50 -41 28 -38 -77 4 87 -46 -43 -24 -54 -51 -76 -33 81 94 92 -82 -8 -60 -6 -80 19 73 -25 -82 -5 -45 -91 -34 -28 -73 -46 -12 -56 25 -38 -50 14 -47
4 -52 -78 -54 -29 -27 59 -93 -65 1 -4 -85 -9 19 -17 40 -62 8 12 82 67 51 59 93 -91 -98 41 -57 -38 13 -42 -55 77 -17 64 -18 -24 -13 46 -40 -61 -33 -55 34 -2 -34 74 -72 42 90 42 74 69 8 -38 -39 -76 -77 96 28 92 72 34 74 46 -25 -46 -39 53 47 29 -63 52 27 -69 -10 83 -22 57 -70 -60 -50 -38 -4 -82 76 -50 -65 11 -15 31 90 37 46 -34 77 35 -62 -15 28
-65 -28 55 -87 -82 74 -75 64 65 1 32 -84 -40 -17 -100 58 60 -10 -97 31 4 -27 -19 89 -91 22 -82 -92 96 -93 33 -60 -44 -92 -21 -25 32 -62 -13 -65 87 -5 41 -33 -18 -7 -51 26 0 82 24 23 48 -15 -75 98 -6 -70 43 56 -20 -86 58 -13 95 -12 9 96 96 -82 20 -53 -65 24 15 71 -79 44 -21 -51 -94 46 -84 -63 -46 86 11 64 39 96 -79 -59 49 -39 5 25 81 27 -43 11
44 -80 78 90 33 -46 40 -40 78 77 -48 39 20 -20 38 28 -12 58 -28 56 4 8 -78 -95 -27 19 -98 72 -92 76 85 40 95 81 73 8 41 -75 -57 -22 -16 82 -86 46 24 -55 -77 13 -96 -5 -40 -5 84 -28 -16 85 89 65 50 -57 91 -84 -77 -94 4 -99 -12 57 50 61 76 43 -20 -8 -43 -75 96 86 -31 59 -3 -35 85 27 60 99 -69 -88 -70 69 62 29 -83 50 -98 -89 -88 -26 -59 47
-87 13 -71 -80 -39 30 -54 -44 -83 -59 21 -64 88 31 -10 54 -39 -41 64 79 3 -29 -21 85 -38 93 61 -1 32 77 -88 -19 67 50 25 -88 50 2 82 -9 -75 -3 -44 37 -66 76 -37 20 31 73 52 -2 -64 -2 15 95 -72 51 -39 -14 -64 -69 81 -58 31 48 -17 -48 9 -80 -13 8 20 63 77 -73 -87 28 -92 41 -19 14 82 92 -9 -13 73 76 46 -19 -89 85 24 1 38 80 -37 25 69 -79
-93 -16 -34 -11 -25 87 -26 29 87 2 -91 -86 -46 37 54 -10 -58 -2 -95 -15 15 -76 93 -31 -84 50 -53 -99 -89 -44 -20 -58 18 -61 65 17 -83 12 -3 -89 -10 -41 67 99 14 -35 17 21 21 76 40 47 -31 -82 -80 -82 -83 -75 84 -68 -35 -18 -41 -75 65 -45 3 77 29 36 -6 -8 -73 27 81 -40 -60 -93 83 -18 21 -84 74 15 -88 57 -70 50 73 -16 16 35 -6 96 98 82 -6 49 -46 -88
22 58 42 96 5 -91 12 -63 -4 -25 -86 69 -95 -47 -74 -78 18 23 18 -82 52 -60 -59 77 -57 -20 -4 -88 76 11 -23 -45 -72 -44 2 -85 83 13 -20 19 63 84 70 59 68 -81 -35 -93 -14 -53 55 13 97 24 -14 7 -45 18 61 50 83 43 56 89 -23 67 -18 -92 -17 84 51 -91 32 -53 -75 -51 80 -78 -89 -18 15 81 12 -100 -43 -50 37 -28 83 -59 16 59 -93 -25 -12 -3 -11 -59 45 -66
-62 44 87 -47 -69 8 42 83 -4 -4 3 -6 56 95 -46 -26 71 60 -24 -84 -19 69 45 -6 -43 -95 46 51 -49 93 -62 -18 47 -3 30 16 34 13 67 -71 64 -2 33 -83 -100 -64 -28 92 -65 -81 -38 -10 39 15 54 -92 21 -95 82 -36 -47 9 91 -68 -34 -76 -52 79 49 51 56 11 -8 -90 -73 -16 -20 -74 -76 67 -81 32 15 14 -15 -27 89 -62 30 66 -66 9 -90 23 -66 -83 -57 -35 -41 65
-4 -95 38 -66 -28 1 -1 46 -64 9 89 54 -22 20 41 36 19 -22 52 -36 -53 85 54 10 87 -58 29 -17 58 -54 -20 84 46 -72 -89 62 3 -16 -84 48 -45 49 -93 69 53 71 -6 73 99 -84 39 43 -14 -98 -34 14 93 5 -55 -99 67 65 -16 -21 85 -6 -79 -12 71 -59 73 -60 92 -46 -59 28 52 45 48 86 -98 -20 -45 -83 8 4 -28 8 -95 -60 -44 3 -79 40 -100 10 73 29 98 42
-80 -68 68 -9 -91 60 -87 -12 -5 76 -88 -91 -29 -10 22 -92 26 4 -27 -61 -20 11 -35 18 -36 85 -39 -66 -50 -95 -67 -68 -38 -75 40 86 -97 16 11 -70 64 -32 -29 -74 -1 -20 99 7 29 -71 -1 81 39 67 47 -52 -3 -20 -70 5 -1 45 37 -84 -33 51 -23 35 41 -14 -65 -79 73 26 -22 51 -65 35 57 56 22 -16 19 5 22 -52 -42 -29 -80 52 38 24 -62 -53 -93 -6 -89 -48 54 13
-85 50 99 -24 -10 -3 35 -6 -68 -91 29 89 12 -71 -97 -62 89 -41 50 0 -23 90 -36 -9 -58 51 99 -84 -41 29 -49 79 -98 -54 21 83 62 36 64 0 88 88 37 -83 41 72 93 -15 39 -95 -95 -73 59 33 -65 68 16 -74 -25 42 10 -91 -10 81 -88 31 7 2 42 -7 57 -97 77 40 -21 37 -24 -83 73 -31 -30 98 -23 70 -46 96 -68 -54 -98 54 21 -46 72 63 -30 52 42 -62 -39 -43
-73 58 -14 12 -64 -70 91 64 40 -15 -12 28 24 44 8 -79 -74 -27 -30 93 28 16 -5 -59 94 -16 -15 58 75 -62 94 89 -52 -83 -51 -12 71 -70 -85 39 -54 23 -14 -67 51 10 -60 54 -88 -41 -65 -28 12 -86 48 -19 25 46 -71 -58 40 6 -38 -100 83 37 72 -62 -76 -81 -98 -17 -77 8 -73 -86 -62 96 -45 -96 79 97 -96 27 -93 24 49 -22 -22 -37 -3 -27 50 85 82 -47 -13 14 32 35
96 -16 51 38 -23 -27 -77 -27 -2 52 -90 89 -56 -67 -67 39 39 -98 51 46 49 -27 -86 72 38 74 -40 0 -35 -67 8 11 58 -26 -80 -53 -5 25 37 31 -87 -87 -57 82 -19 -61 -87 -30 82 -44 57 31 -11 23 -90 -20 -79 -38 -57 90 -96 -70 -95 13 96 48 -10 -18 -53 -80 4 -33 -6 68 2 24 70 75 -78 64 -61 55 34 -32 12 -54 0 37 -77 -39 82 49 -91 95 -28 -80 -17 19 -58 97
70 91 -79 50 5 51 -14 -64 57 86 97 -71 -17 71 23 71 35 -10 -34 72 25 28 -60 49 65 -3 -75 -82 3 1 84 65 29 -41 -99 19 10 96 -95 3 26 -95 24 74 -91 -97 7 74 41 -46 37 -49 36 12 -7 49 36 13 -92 1 -21 0 86 -4 85 50 -7 -56 -85 69 -61 59 -83 -61 -33 -98 -17 -2 60 -31 -72 80 -71 -98 59 -54 -30 -44 -76 -52 -72 -98 -11 -59 90 79 34 96 -63 -68
-75 4 -91 41 -5 6 47 67 98 70 -33 92 51 -22 41 7 -51 -38 -53 -47 90 5 -59 -84 89 33 13 -74 15 -22 5 46 -82 -83 27 -89 -40 34 64 -32 -65 70 67 -61 89 21 66 -69 94 61 -34 12 -13 -71 92 14 16 82 79 -45 76 -98 -25 -44 72 88 60 81 79 50 60 -23 -38 24 -21 -87 -72 -95 56 -21 79 -82 47 -71 -80 -26 9 82 59 76 -99 -61 -79 43 80 62 -43 35 81 -18
-10 -58 88 0 98 -40 29 -48 33 -55 -20 58 -79 58 21 50 74 44 7 -35 -51 -70 10 -33 -21 35 -73 17 -43 -44 -8 -25 -37 35 41 -93 -79 -2 -76 12 -1 73 17 19 53 -13 93 42 -40 59 -73 -67 51 -5 70 -94 4 -50 86 70 70 -54 18 75 5 -20 -27 -37 43 59 -31 12 71 33 -71 -3 44 -9 -78 -24 -17 46 -17 74 -8 22 59 -3 89 55 -53 -47 -51 -27 -16 -96 -97 -30 98 83
80 -14 -24 96 -6 95 -13 -17 -16 -58 38 30 -84 -81 31 27 30 51 18 -79 -6 -13 -89 55 -68 -41 22 -54 14 38 63 83 52 -95 -1 -26 -100 -87 75 -77 99 -9 48 91 -78 34 56 41 -44 20 15 -40 -86 -95 38 15 -58 78 49 -56 2 -11 17 71 -33 -62 -2 -8 74 -68 76 -97 42 64 50 25 23 11 -64 64 -98 -53 38 -3 36 -53 -58 -73 -58 90 -33 -18 73 95 -57 -52 62 -51 -75 -77
66 86 77 87 -26 -29 -87 -27 -83 -89 -43 54 -10 57 -2 83 97 -29 -82 -58 79 -78 -79 58 -31 -6 30 7 77 -77 16 64 71 3 76 23 91 -45 -33 96 -98 -97 63 3 11 18 -89 73 92 -58 66 49 58 -34 -13 65 40 -98 63 -80 78 -28 30 -83 65 56 -22 -52 20 47 -96 72 -9 -30 -24 46 -33 36 47 35 -17 -100 44 46 84 -10 36 56 91 -62 -87 21 -24 -74 12 98 25 48 -43 11
62 51 91 -100 -77 21 29 47 90 -35 -74 -41 49 -31 -28 3 98 11 38 78 51 -75 69 86 -72 35 47 47 98 44 47 57 -81 -46 21 -70 -13 -75 20 14 -60 -88 24 56 -46 -90 71 -72 -95 -7 4 -56 -32 -68 -96 27 -22 -52 99 -98 92 53 -67 -90 -63 52 15 -62 17 -57 11 -10 23 27 -41 -39 28 -78 68 -79 -85 -51 33 82 -67 93 -66 -71 44 -87 23 -34 -39 -26 45 -45 34 -16 45 -24
-54 95 18 18 37 -67 77 -34 -56 -90 -31 -13 -32 -89 -76 56 -53 -32 -2 -61 -15 1 63 -75 -31 -47 -7 1 83 -9 81 -49 -5 64 30 21 -73 75 36 -73 -33 81 -23 -72 -46 65 5 -24 -100 89 61 -13 88 99 -50 67 43 -53 -27 64 14 -68 -2 18 48 98 26 85 -8 81 40 -78 -45 -48 61 -12 7 -51 34 68 -20 23 89 -58 -77 57 20 -62 -69 -64 -54 -28 -11 -57 11 44 38 4 9 -39
36 84 14 55 61 24 -18 -64 5 7 -82 70 -46 96 92 -17 84 61 37 -67 -76 47 57 -28 94 -15 -68 -45 75 83 89 56 -1 90 85 56 -27 94 30 -16 22 74 10 15 -67 54 -47 -5 59 -24 -50 -45 -82 -3 37 -25 -65 -72 41 41 -14 80 -24 -58 -79 -63 -9 -83 95 60 53 47 -12 -24 40 -94 55 -13 -99 98 62 -34 49 -88 48 26 34 -11 -30 -37 -4 17 64 -38 64 -59 5 -10 -37 -50
-28 38 68 54 -97 11 -100 -60 1 52 48 -53 21 42 -53 63 59 -48 92 84 15 -37 -70 -64 -3 75 -83 -32 -91 -66 60 85 -19 31 -73 91 77 -99 -9 47 3 50 -70 -64 88 21 -39 65 38 -14 52 -66 -55 -29 85 -58 -96 42 -31 10 41 -52 -52 87 -92 -97 57 97 -74 72 77 32 9 -93 -83 -44 34 -15 8 -92 -93 99 -79 -56 23 -38 -42 61 -36 -40 94 -100 23 -70 -82 7 23 -41 25 -91
74 60 33 -12 -68 -87 73 84 62 78 -47 19 -54 11 -61 78 42 -26 -7 49 -31 67 -76 50 52 -2 17 -14 94 -63 32 -68 -73 84 -69 52 24 -57 9 29 50 6 95 16 -83 17 -51 -13 -8 78 -64 -60 5 32 -3 -91 -1 88 -37 81 -64 24 -78 -69 37 89 53 80 -57 37 20 50 4 96 20 -20 17 85 66 93 62 63 -91 51 -97 -16 36 -16 15 63 56 66 -48 -4 33 97 43 -52 -56 22
89 -34 49 51 -67 -72 -10 -35 82 -26 -48 80 71 25 44 60 -53 -11 29 -12 15 15 36 11 79 -94 84 82 38 10 33 -78 5 52 -45 64 -31 5 51 90 -27 29 -40 30 -21 -89 59 77 -40 14 99 39 -86 45 48 37 93 -98 66 77 94 35 56 47 -90 7 -76 31 -24 25 56 -79 -9 64 -38 -95 95 -75 -24 35 -24 3 3 7 -14 -30 65 -75 99 99 35 87 -33 -71 95 -36 -58 44 -92 -38
-25 5 96 -81 76 -33 -32 54 50 -9 -73 71 60 60 23 13 67 -37 -69 67 6 57 6 19 15 -38 89 -71 -76 -42 -35 -59 -51 -23 -79 -55 76 -90 91 38 -91 97 72 29 -67 -49 60 -60 26 88 91 -11 -36 -22 11 73 82 -17 -25 55 -5 -44 84 -57 -84 93 35 -14 -18 -57 88 63 51 -91 68 4 -30 20 -6 30 -47 -20 -98 -95 -46 -3 99 97 -88 73 64 -6 84 60 54 -9 98 69 -5 79
-18 -79 19 -41 32 63 -40 29 -90 -55 -8 14 70 -86 -5 25 -41 56 49 -60 20 -10 53 24 0 65 -29 76 -52 -73 -92 81 88 -45 -1 3 13 33 -48 -55 95 -38 -6 67 40 -91 -98 -40 -70 21 -61 -42 -38 28 -66 -69 -56 -37 31 -26 -15 21 -57 -81 -23 -95 -58 -57 -14 29 -28 -81 -83 21 -14 13 -60 94 -11 78 -38 -27 75 79 21 -99 20 54 84 45 92 -21 64 -64 49 46 -33 -27 -9 53
-22 75 75 -54 -95 -60 -26 33 67 -61 87 23 33 -25 -17 7 25 -11 53 61 -77 -42 -25 22 -100 4 -26 33 -41 17 -19 -9 44 81 12 51 78 -98 9 -23 0 81 -31 -55 -27 11 -56 15 -31 42 -76 72 -64 56 -21 4 43 -47 93 37 93 -21 -99 -77 48 -33 84 -17 71 -67 72 95 -98 -66 75 83 81 32 62 14 46 48 -10 74 19 40 -52 42 -21 20 -26 -81 -98 27 10 -49 56 -42 83 -92
-60 55 75 -13 75 -13 96 -24 72 16 39 71 -85 -29 -74 -73 28 61 -49 33 42 -99 -73 -82 -27 -95 39 62 -85 77 69 -74 89 62 -41 53 -44 -72 30 95 -68 85 85 55 -84 75 -38 37 -20 17 -32 65 11 43 -71 -2 2 26 56 -56 -61 -96 76 -25 13 -8 -67 -69 -23 -56 -42 -13 -50 -79 83 71 -37 -14 88 -94 79 1 -57 92 0 77 -35 54 52 75 13 38 -39 59 30 44 17 61 -30 36
-41 81 58 -35 44 16 -64 15 -47 46 -68 -21 -21 11 18 54 -27 4 -10 78 -21 95 42 -30 -70 -48 -22 88 49 75 59 -32 83 -42 47 -16 -4 -26 -4 -77 96 -48 -61 -65 -85 -57 60 82 38 -41 -75 -83 32 7 33 13 52 -89 39 -74 21 -96 -47 65 44 27 -26 -11 27 7 -55 73 -76 12 56 -69 35 53 18 -70 74 46 -6 -16 67 -54 72 16 11 56 -94 13 99 62 61 -58 -18 36 -74 -98
-21 21 26 93 31 -44 85 -52 98 -66 44 71 69 23 -15 -47 76 43 32 68 -57 19 -3 -92 -5 32 -19 -8 53 -40 -77 -14 58 8 -90 87 97 70 47 -88 -15 -77 52 -70 23 -20 -45 -37 -17 -33 -10 51 70 93 78 -8 -75 -52 -19 58 -39 35 7 -28 82 -78 -87 90 -75 -15 -65 -73 -57 95 15 18 53 -100 39 -70 -58 -22 4 -42 98 -91 23 -82 38 98 64 97 61 89 0 77 15 -5 29 -14
40 70 74 -1 -28 -5 70 -63 -39 -1 28 74 62 -87 81 -25 56 -47 5 -66 -45 -37 25 -98 -66 -34 44 20 92 -65 -13 -19 -31 40 -33 -14 73 -85 69 -18 -10 40 99 -85 61 -71 45 -91 -74 44 62 -9 69 28 -82 -64 3 93 -65 99 -73 15 -94 10 85 -16 -99 14 8 -99 -7 54 -68 11 99 -91 -17 89 -80 -4 7 88 6 20 -87 27 30 -56 83 23 -59 26 80 -53 -35 79 80 -23 86 71
-11 -37 0 -75 -46 -19 14 96 65 -32 -24 -10 -2 -25 -63 -74 70 -95 -18 -2 14 37 -78 53 26 -72 -25 -28 54 57 26 -34 72 12 44 -2 -76 4 65 -26 -95 -89 93 78 55 71 13 -98 56 66 50 59 30 -86 51 65 -64 77 -90 7 91 94 63 3 38 2 -63 16 -46 -57 29 95 17 -52 55 -54 18 -35 41 -41 87 -39 -14 8 -40 7 3 46 -68 -98 -61 -62 31 -14 60 3 56 -91 80 -34
-95 -73 84 -88 37 66 53 88 -98 -22 -14 36 -77 -18 -51 70 58 -79 32 -40 -81 96 -78 34 -84 43 80 -51 -83 -19 20 -97 -80 -52 -92 -67 44 23 8 79 18 11 -33 92 91 52 -80 -88 39 5 -97 36 60 -14 27 40 -91 75 -14 -92 -47 -19 78 -39 -55 40 76 8 23 60 22 -100 89 -95 29 -85 -87 -7 -96 65 -49 82 99 -24 7 -20 7 -14 29 -49 -33 -65 -11 -70 35 -52 -85 -67 78 -66
80 -29 77 60 25 72 -71 -96 -83 -77 -47 -64 92 -14 43 -42 -66 48 -83 -19 -68 3 -93 -59 -50 81 -45 48 36 -29 3 20 18 -86 48 25 -7 90 51 65 7 82 -16 -85 25 80 85 -30 4 23 -62 59 25 96 -32 -36 44 -11 58 84 79 -75 -25 67 91 43 -21 -100 26 17 -8 99 -16 -11 85 57 -1 -31 74 -18 -33 15 -50 44 61 80 -68 -67 -50 90 5 38 -4 29 96 12 -39 -10 -64 98
8 24 -10 -100 -43 -27 -93 -26 88 -8 -14 -6 -54 17 -8 -94 80 50 -20 -90 -79 -74 73 77 -8 19 44 -10 -64 -98 -38 20 63 0 -83 -13 98 52 -98 91 -100 -34 -88 -85 -24 -61 46 -82 -47 -16 -10 -87 -78 -46 25 18 56 33 -20 -60 -77 46 76 26 39 97 -27 47 30 -10 -94 -65 75 -90 17 11 -80 -29 -24 64 -15 67 -42 90 75 14 -66 71 -84 21 94 -93 -82 -96 26 95 -3 -98 -90 48
-44 87 -46 -83 4 -77 80 -6 -58 89 -80 -3 31 90 -79 36 60 -2 -47 51 92 -80 -53 88 39 49 58 68 98 37 -34 34 -75 90 80 29 83 -53 -69 11 27 32 6 -80 -35 13 50 83 93 40 -46 -74 -30 -3 39 -9 64 39 46 -74 27 -33 -69 36 87 -89 18 25 30 26 -60 57 22 53 -13 -8 15 -69 -94 71 -26 -41 -54 -40 74 -17 3 -37 -98 -13 8 -98 10 41 73 28 65 22 21 94
-72 -98 -91 49 -11 68 -37 -10 -5 -98 13 95 53 46 58 71 78 -91 -28 98 -20 -86 -93 60 81 43 29 59 -70 -59 -72 -12 5 53 54 -31 64 85 53 -48 92 -74 1 90 67 79 38 42 -18 73 -43 96 84 -71 37 84 -48 -100 -52 49 -4 9 35 66 64 37 -23 -57 8 63 88 -92 -52 3 -1 6 -94 33 -16 -48 -71 74 -57 88 91 -24 -60 46 54 75 -28 -94 -51 -99 -88 -8 53 -37 -97 64
-75 65 57 65 -55 -82 35 98 -45 -58 -81 -20 -72 35 -53 19 -10 6 -61 -72 60 76 -58 -9 34 -77 -37 53 -78 -22 -41 -94 82 -69 -49 -52 74 -44 15 -35 2 83 83 -5 54 -45 -72 8 -84 -24 -37 -25 -65 38 39 82 51 67 -13 -82 -76 8 40 -20 47 83 -9 16 -23 -89 27 -8 17 -58 -95 59 -88 -31 -68 -72 40 -16 -40 72 42 96 68 51 74 18 4 -4 -9 -47 51 57 69 96 31 55
-87 57 46 -10 -22 64 -9 98 88 -8 -79 6 -80 88 -88 -92 91 -94 -73 86 -69 -30 -4 64 -85 67 -39 -53 72 23 -71 -24 -67 -86 -49 32 -61 -90 53 32 -63 15 95 -16 -53 43 40 -42 4 -34 22 20 -6 -21 -41 -58 -28 -19 43 -40 -40 30 21 -25 -94 18 -47 82 -22 99 40 -73 23 -34 95 72 -64 44 16 -7 28 30 18 48 -40 71 -4 20 -51 -37 95 -59 -97 62 -30 42 21 55 95 98
-67 45 55 26 54 52 -3 26 -18 89 0 -20 36 -34 -41 20 -90 -91 -24 -83 -90 -16 41 92 27 21 -65 45 -19 -97 53 -3 15 52 -98 -30 -61 -90 48 87 -45 -62 83 24 28 -16 46 -56 -39 -17 -4 -18 -82 -49 90 48 23 -18 47 91 -25 95 41 -31 -90 -77 -42 90 82 -23 -26 93 -80 -81 -13 -33 64 -87 15 -64 33 11 15 95 26 39 -51 2 81 -46 42 -77 -73 15 72 8 -75 13 47 14
47 6 36 95 89 -68 78 79 76 -75 44 50 -52 81 -4 24 71 -22 88 -10 61 -68 55 -91 58 35 -63 40 58 13 25 6 37 37 65 7 44 -98 -64 -51 49 75 -89 -91 94 18 26 -80 -85 -5 -89 -98 13 -82 -88 78 16 -82 92 -41 -52 -15 55 -24 91 -62 -48 46 -26 -71 67 -97 56 -6 12 -100 22 -67 -57 56 -26 -2 -91 42 -77 84 -99 49 -9 52 -18 75 30 -3 87 -34 47 -31 29 16
-88 -25 78 83 30 7 14 22 -20 13 62 -95 -35 -44 -38 40 -71 66 93 -75 64 -79 -83 -27 45 -46 36 71 -29 -25 -47 16 -51 -30 -12 20 -96 16 3 49 -94 -47 39 -73 -27 56 56 16 -1 51 51 -84 -70 27 -59 -36 1 39 54 -98 63 97 -79 81 -63 -97 31 3 42 -99 9 30 -47 20 -42 -36 68 16 -17 37 -2 90 -86 20 21 66 27 -5 -48 29 -62 -37 -93 -60 -26 -70 49 21 -58 32
-21 -68 -38 56 -71 37 73 9 -1 -2 -79 75 67 -90 13 -2 8 63 -50 -4 69 20 34 79 -19 -6 -91 20 -65 58 58 36 -55 -96 77 -23 -29 21 38 -11 -82 -53 -69 66 66 -51 -5 91 -85 56 90 39 -46 8 -32 93 12 -60 43 -12 83 59 4 -43 54 -2 16 -54 2 3 23 -10 -81 -90 -71 49 -76 0 3 4 -31 -83 27 43 -39 90 80 -50 -56 46 69 -10 -28 -75 36 43 -27 76 40 12
12 -94 74 -45 27 -64 65 25 12 97 -100 -83 -51 -3 -12 -67 -40 94 18 18 70 -2 -50 -78 -79 87 -12 35 79 82 60 -100 -8 63 48 -95 -53 62 -40 -13 -94 2 11 97 -70 3 47 -70 -5 48 -8 58 -39 25 2 81 36 78 -96 91 51 98 60 -95 12 -28 15 -94 -83 -55 36 81 -65 -79 83 62 12 -47 36 -60 -14 36 -100 -13 4 -97 -36 85 -30 85 60 -52 -5 -93 -30 -43 42 -73 63 64
40 42 63 6 -30 -16 -55 33 -4 -79 60 -81 -62 84 39 73 -83 54 3 -60 -91 -86 64 3 -84 1 -5 2 -33 -76 44 75 -63 -20 42 14 87 -48 11 39 42 -20 -79 -5 75 -67 69 -34 88 65 -16 -81 31 94 -91 -62 43 -46 -13 94 51 -50 68 -88 -65 -9 43 46 93 37 73 -41 -82 56 -83 47 50 14 -19 -23 -48 8 26 74 -62 -68 41 0 -14 -83 -32 -3 90 40 -66 73 66 12 -51 75
95 -72 13 -95 81 27 -91 -63 27 92 93 -8 -57 99 -16 -35 -60 51 56 56 79 -74 6 -26 -88 76 72 -65 -31 91 -17 -44 36 25 55 -30 30 -82 7 -69 -36 97 -6 -40 40 -57 -76 -34 72 -40 76 34 -95 55 11 76 -36 59 71 15 78 36 -3 44 33 37 82 14 76 -7 83 -10 -35 18 66 86 -37 -67 -8 79 -77 4 -73 -5 99 14 89 3 78 67 -48 -38 4 57 -30 51 -63 23 -11 88
-89 -22 64 -95 32 -91 85 -63 97 -15 -66 -6 -51 61 -78 10 -3 -100 -63 20 72 -50 15 -10 -82 -70 74 82 -75 76 -67 71 -9 -18 51 -22 41 31 71 -39 -45 10 59 -70 50 41 -29 -67 -81 -44 -91 18 14 -58 -70 71 -14 -30 71 48 -35 -50 68 44 3 29 -43 43 -84 -18 19 -18 -100 -81 73 -27 89 57 32 -86 76 21 -59 -36 -10 83 -63 98 -2 -37 29 61 55 5 -49 -46 -86 -49 47 37
49 -30 17 92 -97 65 -71 95 14 2 79 32 9 -29 -26 51 69 -6 -77 -81 35 -90 -68 -5 8 -7 12 -37 99 77 -53 -94 -76 -41 58 -74 73 72 49 42 -73 35 23 -27 92 -100 -88 -76 -1 89 -44 -76 83 -21 61 31 35 55 -27 -26 -58 -51 52 -20 75 -92 3 60 48 -70 60 35 -10 -54 7 -20 73 34 48 -60 38 15 78 72 87 -64 71 -100 21 16 45 -77 -76 -7 73 56 62 58 35 42
-10 25 -17 -18 61 30 -59 -34 16 12 45 77 -73 -27 -56 2 -100 -78 32 32 -15 50 64 -78 -67 -76 75 18 25 39 -57 52 -20 97 -80 35 -72 -51 -66 17 -33 76 -5 3 -71 -89 61 21 -18 -53 62 -51 -99 -89 94 40 -71 58 44 35 -57 -86 31 53 82 16 67 -46 -71 -23 24 -83 -83 -91 32 52 -61 4 -87 -41 13 63 29 71 -6 27 67 7 80 55 -34 35 76 44 61 -77 77 -64 -72 -61
