42 86 -50 66 -81 -18 -15 -58 -86 -39 9 -69 -6 -66 -35 -82 83 -55 81 78 -72 13 -89 61 9 48 -30 16 -37 -70 10 -15 -8 37 -62 -53 -55 0 24 91 91 27 -100 -31 -50 -16 67 -12 1 95 44 96 69 -8 -94 -75 -35 69 68 12 19 -44 -40 -95 -51 82 -87 10 51 77 34 64 -33 -26 -32 -71 -64 -50 -50 31 37 -10 -92 -56 27 97 -69 99 62 -37 -71 36 19 73 26 33 33 92 -77 -22
-84 -77 88 98 60 16 -42 50 75 61 -25 73 15 34 -59 -20 91 -68 20 -38 -60 14 -62 -20 -67 70 -24 -63 -70 26 -98 -89 -59 26 35 86 -54 56 0 -24 44 8 11 -95 -51 -17 -58 73 -93 91 -35 60 78 2 -73 7 -20 -92 84 -64 -81 -65 -68 14 55 93 -69 -3 29 48 -2 42 95 -58 -98 -75 62 50 32 -72 16 -65 18 -6 -65 -88 30 -53 -73 -96 -81 -36 34 16 -89 -23 46 83 -49 -46
-13 -82 98 -86 -86 -55 -81 21 30 -51 87 92 -49 -24 -57 -91 13 -97 -55 -90 22 55 -68 64 63 16 -86 78 -48 -32 -70 70 3 -11 -70 18 78 51 70 -58 73 86 -2 87 -79 -61 -91 -66 48 32 26 27 -98 88 32 36 -59 -82 81 -28 -61 60 -34 -96 -37 -28 -90 -30 -29 -27 21 77 -36 -52 -54 21 84 -63 49 60 -15 -59 22 -16 37 70 -98 -14 -58 24 -56 72 -10 -84 92 -99 67 36 80 59
-47 87 -29 46 43 -53 -70 65 13 83 -83 12 -34 86 83 -24 90 -59 28 -42 53 99 -23 -4 -30 -92 76 -91 -32 -57 -70 -38 -30 -32 -27 17 -32 44 92 -80 21 -90 -58 9 -13 -36 -37 -40 -96 -24 52 36 -21 -60 69 54 -39 95 -42 16 73 29 -17 48 3 38 95 -67 91 67 17 -21 10 -48 -88 -13 75 -35 -80 89 -63 4 -7 68 -50 1 -34 -39 73 -66 -83 -76 -44 75 28 -65 -78 -26 -47 58
88 -99 67 -57 -60 -62 46 80 20 -23 2 11 -44 43 -70 -72 52 -14 -82 -82 -38 -4 -76 32 34 19 -83 31 -93 -29 47 17 -52 89 48 49 16 71 -63 31 74 -66 89 -89 -8 -44 73 32 -72 -65 -77 49 -46 35 -91 -70 -68 89 -28 -53 35 -38 -94 88 -67 50 29 -18 -54 88 85 -75 -41 -96 -64 40 -14 -41 93 54 46 -83 2 74 -56 -89 -52 28 15 -64 -21 -89 33 -5 58 97 63 -54 94 61
60 55 24 40 71 -99 47 -97 17 72 98 -67 -9 -37 85 -90 93 -47 -97 27 -8 70 51 98 94 -57 -97 -70 98 -60 -5 85 59 -42 -44 53 -12 -90 11 72 -15 91 -31 87 50 10 28 66 -39 75 -6 -85 -40 97 -78 -99 -65 14 -90 -72 35 -60 18 -83 -89 -76 79 -91 -20 83 97 -49 -16 58 -56 10 40 88 -67 80 34 -68 57 -44 63 5 39 82 -94 -91 15 -46 -36 -67 -51 -46 31 -26 -67 -72
16 -23 35 -58 0 98 -26 -78 -49 18 -23 13 38 -30 -54 72 -55 49 59 81 -52 40 22 -27 24 37 64 62 68 41 -97 84 17 54 -37 -61 39 -57 76 -8 -81 -63 -89 77 73 92 -52 -13 29 -53 -31 -41 11 18 -6 23 7 57 -7 25 -54 44 -91 96 -76 -25 56 -23 3 -90 11 85 -51 96 -52 -60 -32 87 -89 92 18 84 -76 31 -91 -65 -63 -65 -39 33 69 22 -83 54 -67 -100 -89 53 -5 56
67 63 -78 -2 -19 -31 -2 74 -83 34 -12 73 -84 51 81 -25 53 -84 60 67 39 -58 92 20 6 62 48 98 -64 77 -14 99 30 -72 34 39 -92 -65 82 22 -18 -55 -29 6 -81 -100 -67 -13 91 74 96 -77 11 45 -30 79 46 -75 53 -26 5 -39 88 -52 33 -67 -30 -23 -65 -59 73 -2 3 -32 48 76 -1 -62 74 84 86 48 81 -8 80 66 -32 57 -10 18 -99 38 -100 81 10 -30 -36 54 -74 -26
76 16 -55 -52 76 91 26 62 52 -71 26 -15 98 -92 6 30 1 89 -39 67 84 33 21 -5 92 30 -64 -25 50 -73 -98 -43 -51 -3 -21 67 -6 71 3 -95 41 -80 -85 99 19 47 -48 -71 7 -71 -10 78 13 -19 93 63 10 27 -99 90 73 -98 10 92 -64 -69 -56 72 -16 85 -76 11 -72 -22 59 78 -54 -91 48 89 -66 -37 86 50 14 86 -78 96 82 -54 57 27 54 68 -90 -29 -64 31 -95 93
24 54 -21 72 -54 3 -95 11 -4 -6 -69 -100 -85 -18 46 -11 30 -77 40 -9 44 78 71 -64 14 9 38 -88 -74 -39 -9 -95 -83 30 32 -92 -49 40 -58 -23 56 46 -2 -40 49 36 85 23 11 61 81 -57 28 -95 -28 38 -61 -3 -78 -48 -37 -52 -22 59 -36 -21 -63 35 -71 18 -3 -48 62 95 -86 -53 -50 -96 68 -5 -6 -54 -8 -8 -89 64 -57 22 40 -64 89 15 62 63 9 44 -14 67 37 21
-48 45 -78 -1 -42 6 19 -6 -99 14 -90 36 34 -95 -61 -10 -90 48 74 -44 -95 -60 -90 -73 48 78 -85 93 -43 -53 -77 -87 -64 -54 6 46 72 28 -75 -40 -29 64 64 8 99 -65 -76 -89 92 -36 24 -16 94 -75 -25 -9 -11 -11 59 34 -7 29 -6 -75 -74 -30 -17 -93 2 29 57 2 29 -98 42 12 67 5 65 -86 32 40 -20 -86 -30 -38 30 -11 79 44 60 -69 -91 -73 -73 3 62 -33 27 -55
40 58 -97 -75 23 -60 -15 -86 51 -6 -87 63 -40 -81 -50 15 -95 -13 -99 11 90 -85 -19 43 -55 72 45 17 48 21 59 76 70 -67 75 -76 92 -83 -100 28 22 40 0 21 -42 -63 28 -29 -20 8 -26 -86 54 24 -75 56 57 -75 -44 -22 4 -79 59 -3 -30 -51 -5 -86 47 71 -80 51 -65 -29 -90 49 -40 -2 33 -84 97 46 -62 53 -13 -75 -76 60 -99 91 -38 84 -13 -36 89 11 4 55 42 -7
67 72 -46 69 -13 67 -94 -44 -64 -6 -74 29 54 -19 -18 -56 -30 67 -8 53 57 44 54 -81 86 45 89 40 67 97 -14 -47 55 73 -17 -24 69 -48 -65 75 50 -37 24 -82 45 -75 25 -28 0 -50 -8 -87 -86 20 9 -74 -81 58 70 -33 -13 -72 -51 -49 -84 21 28 71 26 50 53 -71 98 -74 -9 -71 18 49 94 64 35 -97 8 10 -76 -17 57 34 74 -78 89 72 -62 -8 -9 -96 99 43 -27 23
21 29 68 46 91 -81 13 -74 54 0 -13 -83 67 52 11 -5 -5 -18 82 24 -59 -83 -19 58 57 40 -31 -31 -32 -44 29 -19 -52 96 -5 22 -74 -50 69 -42 21 73 -88 -69 89 -35 -50 95 12 11 87 82 -25 -66 31 5 29 -79 -45 81 97 79 51 -21 -91 -75 -60 -86 26 -47 62 26 -61 -91 19 -39 -7 66 56 -54 96 50 43 -44 2 28 20 84 63 -83 42 43 26 -50 90 26 -100 41 90 -62
-26 -43 80 -7 -58 -78 1 -50 25 58 63 -78 39 97 -98 77 -94 -60 81 -40 65 -13 93 8 -64 1 6 -54 -47 -50 51 -45 90 3 34 -78 0 -13 86 -61 53 -53 -59 63 60 -49 -100 -69 -4 -30 -31 52 -56 72 18 80 -41 4 -98 -7 -36 -70 40 -17 85 -70 50 49 -8 27 25 85 -17 97 -48 -36 -69 -27 37 -80 -96 50 32 -16 29 87 -83 21 83 -38 44 -88 -78 33 -29 94 -47 -63 87 -100
-99 -78 17 5 -22 86 -47 -64 54 82 0 91 -6 44 38 -55 61 38 2 55 -67 8 76 -76 -100 85 70 -20 -24 3 -56 89 -37 86 -54 78 97 4 6 99 -99 49 -21 52 11 90 8 90 21 66 29 -41 -80 2 42 70 -65 -16 15 -90 31 62 98 75 -92 0 -15 -44 58 92 46 99 40 54 74 99 64 90 53 62 -38 -67 -46 -29 49 18 -65 -29 -60 -36 29 -8 87 -3 -100 13 13 -38 -73 -71
-47 26 -78 -45 43 -73 -21 -13 73 90 62 12 -58 -91 76 -48 -27 -88 -25 5 -40 -34 -49 26 80 75 -87 -54 18 -44 29 93 -15 72 35 -24 -66 40 -28 -47 -19 -1 -35 -27 -55 -95 -14 -76 14 88 -66 34 63 20 50 88 -2 51 51 -10 -84 -95 13 -77 73 75 -2 87 83 -1 1 -55 2 28 94 89 -3 -23 79 40 83 65 67 -88 -48 -29 38 -34 18 -68 8 -30 2 55 77 89 -23 -41 5 18
93 59 43 29 98 61 -1 48 68 -27 -75 -63 60 -27 28 46 62 -7 -88 23 57 -55 94 81 -70 -19 -21 7 88 -9 -32 -68 -36 -62 -88 15 60 70 -74 -97 59 -68 -99 -12 46 -3 -93 13 -4 -73 94 -82 43 86 5 6 33 96 82 9 -95 -30 -6 -98 96 -57 -10 -86 -27 -40 87 -77 17 0 26 -9 83 -55 91 -10 32 48 -62 8 63 1 -10 24 13 -29 -75 43 -28 -46 -80 1 62 12 -18 -81
-15 99 52 -37 -49 -10 -83 84 -62 24 -85 -43 -73 25 59 -84 -82 -61 19 81 87 68 92 -13 -20 -81 -66 -84 67 42 39 -77 -43 -78 -42 -74 -32 79 64 18 -47 90 66 -47 58 93 52 -85 19 9 54 4 -55 77 1 37 11 93 -49 -95 43 -90 -59 58 67 40 27 76 55 -85 -50 -25 -61 38 -13 -73 -42 27 72 -17 -64 -22 37 -13 47 -43 -94 -3 21 8 70 -44 -67 52 34 -43 -7 -87 -51 -20
86 3 85 12 -72 71 -5 -77 -90 0 -65 -26 -14 -45 1 75 57 -42 -14 -55 98 -33 99 31 30 -91 56 -94 55 99 26 -85 -15 -70 67 -93 -82 -68 -43 -68 -33 25 91 66 -95 13 -91 -98 -44 84 59 -24 47 45 1 -53 -89 95 -98 69 6 -82 54 50 -12 -81 -47 24 -41 -48 57 -1 -96 62 -51 12 42 23 65 58 38 -79 -94 -21 48 67 -91 -49 28 62 -23 -39 47 -86 -33 82 -96 12 -87 15
-59 -32 80 9 34 -28 83 -61 -58 90 93 -20 86 58 -29 78 -80 -18 -49 -80 -15 -21 42 60 -74 -82 93 5 -4 84 -59 97 -84 70 -34 48 -10 -86 -13 -43 -83 18 7 75 -46 46 9 53 -4 -42 -28 78 -96 -77 -94 30 17 45 -90 -73 -23 6 -92 -9 -29 -21 42 16 -60 91 27 -20 -69 -49 42 4 -67 -66 -66 14 52 51 20 26 -34 -36 -52 23 -80 -82 18 -87 3 -79 30 -41 14 22 -53 -6
43 -22 3 69 -34 19 66 -46 -65 84 10 59 -84 84 25 74 67 24 -31 -73 40 5 -80 -22 -31 -77 -44 57 -77 69 -43 -10 -100 12 -71 0 82 -82 26 -72 -73 -2 -26 45 -44 56 39 32 67 34 33 -62 27 -17 59 -90 -40 -100 90 -39 7 -75 98 -6 -46 59 33 8 -64 -77 82 -2 -41 -63 -39 -97 95 -57 -51 -73 -36 -37 -15 -89 90 -99 77 56 -95 -28 68 -82 -88 -55 -8 -41 39 26 -92 90
10 -40 83 -52 28 -21 76 4 24 68 84 17 22 -43 -6 82 11 92 -11 -20 90 -69 63 61 -72 77 28 -20 7 47 73 -95 -63 -42 -95 27 -80 -74 17 -25 6 76 -63 -87 50 -63 -58 69 -18 -2 -53 56 21 -94 91 -26 68 48 -16 -51 58 76 -85 6 -35 25 8 54 33 44 -90 -3 -92 91 97 10 52 73 16 25 10 -8 -4 -17 -77 -99 -70 71 11 -76 -11 -28 -14 -62 -10 60 59 34 33 -15
41 47 29 -48 -41 80 55 -79 -21 24 -16 96 52 -35 -11 -96 16 49 9 56 -78 -89 85 3 25 89 -4 -50 -95 4 -100 -76 14 -71 -98 61 32 -100 -30 32 -74 64 88 63 39 -46 -50 13 -70 50 65 -35 -85 2 -27 7 46 -52 -99 -3 15 -31 -31 30 36 10 -51 -71 16 -28 -94 -76 -50 -22 -25 1 -50 3 -61 4 56 -86 -8 29 98 53 -40 -77 -17 9 -67 74 -40 10 -95 35 94 96 -94 -99
-80 -54 -4 -16 99 -66 83 -49 -41 52 -68 85 46 -3 -56 -78 -85 -13 88 -14 -96 -99 -79 36 -56 -87 99 89 -73 -26 -30 -57 -70 -79 24 51 67 -40 -63 6 24 -49 26 57 99 -48 -51 -44 33 29 34 -82 59 -80 38 -9 -92 56 -76 -100 -15 -41 40 -2 -74 81 -56 19 16 12 18 -34 -95 48 -76 -85 44 -49 -48 61 -55 49 56 16 -1 28 -22 22 -84 -88 -48 -85 56 -44 36 -31 -9 78 -54 -57
88 -20 -20 0 -9 -29 -12 -38 3 -37 -47 78 71 -3 45 51 10 62 -11 -35 88 -35 5 -81 27 -31 27 97 -80 39 46 79 -86 -77 68 -77 4 -42 41 25 -24 51 76 57 82 -65 37 -17 7 -37 32 14 -91 88 -95 -66 84 -50 -67 -24 -9 -56 -5 4 -82 80 58 20 -60 25 -95 -31 -56 -27 12 65 -50 -62 -19 -48 57 -69 -13 28 21 -39 17 81 64 -14 -51 -76 0 25 58 69 -90 53 -23 27
-35 26 -84 3 62 31 47 -89 -66 -11 39 59 -61 52 -41 -69 41 -71 -76 20 -48 -35 39 -58 84 18 82 -13 96 40 15 -41 25 61 -57 -5 -79 -59 71 56 -16 -56 -47 -63 20 -81 21 -8 -76 -100 -46 -9 7 -93 79 -65 -87 -27 26 80 -29 -72 26 -71 36 -59 25 -37 -34 -3 -12 -23 -16 18 -70 55 -70 -69 -16 -62 84 35 -60 -73 -9 -35 20 -26 83 36 -42 72 60 -44 17 63 49 45 -26 45
-77 -55 42 51 91 95 -30 85 -71 -8 59 45 -80 -10 -39 -70 -33 20 -73 64 35 85 13 -55 -82 -94 81 -90 99 -41 -33 -7 3 -66 86 -14 60 -28 68 73 -22 -56 -56 -41 46 -83 83 93 69 -88 -7 -42 -71 82 -9 65 -92 -50 52 57 69 -53 64 68 17 -96 -21 79 -78 -29 -11 -45 -84 46 67 -54 -15 -38 -58 -1 70 -9 -53 -86 -40 46 41 83 87 -29 -33 -100 18 -84 -57 -61 -93 75 -57 -36
-91 15 -85 26 -10 -1 -42 57 56 38 30 -51 -33 22 -40 -86 -21 -23 73 8 43 79 -13 -59 91 -58 -47 2 -77 20 24 -19 55 -9 -74 59 4 33 96 42 59 24 -23 48 15 -37 32 9 83 -6 -87 -98 -91 25 -85 47 -66 -26 48 -100 -2 -78 84 87 -29 -25 -81 70 -55 -30 37 57 13 -25 83 -65 -64 22 -24 76 13 -29 -87 83 -25 -74 -84 98 6 -92 79 -25 -90 3 -27 -91 70 -2 98 -11
-72 52 35 -41 1 49 13 4 -43 72 -78 -66 -4 -75 -82 32 -87 -31 17 -62 -49 11 91 -41 30 18 -100 1 -40 -55 36 20 -19 17 -36 -91 -36 -85 -40 9 -2 44 57 -83 -73 -10 26 -18 32 -89 56 -52 45 84 8 -86 -28 88 7 85 71 -24 -43 66 79 -40 -39 -89 -70 -47 -47 66 14 -77 75 85 68 -37 -12 89 -73 -75 5 61 65 -62 -90 -7 -50 -11 91 -99 -19 77 -34 63 64 46 -42 72
-85 82 -89 -76 -41 -44 4 30 11 -52 -78 45 74 42 2 15 41 -12 -15 -82 98 -28 -25 -31 88 23 11 55 -86 99 68 58 -30 -65 40 49 -79 14 -20 16 81 -15 85 25 98 98 -28 31 54 -41 71 31 49 26 13 30 -15 -100 -72 99 -40 -38 14 -55 53 84 -65 60 92 48 86 5 -46 80 -31 56 71 -31 13 -100 64 2 56 62 -98 -49 86 -64 -28 70 -15 -50 -95 -48 95 65 -47 42 33 98
13 28 25 9 51 -45 35 -74 -34 -88 26 -59 -15 -70 -52 -62 -88 -87 17 99 82 53 -37 91 -41 -98 30 16 -83 69 37 -30 -81 45 52 -8 -87 60 83 -40 -25 -82 50 20 63 -13 -64 -19 -53 -85 95 69 -42 22 47 -52 -36 -77 -60 -94 -52 -72 -100 54 14 -84 63 69 7 44 -94 28 37 -49 38 -44 80 63 -74 -45 -20 -24 7 54 61 -22 -64 -55 30 55 -13 -14 69 -73 -47 95 23 -68 97 84
-67 -72 14 -57 10 47 62 -26 -9 98 32 -18 77 -65 -81 -76 21 -73 32 20 -34 87 1 -26 42 30 -66 -42 -60 -9 50 44 30 -29 60 30 -88 33 -79 -89 -16 90 -58 46 95 -5 11 -30 -46 55 -62 -12 26 -73 -63 -46 -15 9 -10 -45 -56 53 -99 -25 27 -4 -27 -65 -13 -92 23 2 -74 -85 38 -6 16 -21 -49 -80 -37 66 70 -1 5 -41 -25 -35 19 83 -50 -78 -100 38 -81 96 -12 -51 97 20
-56 3 -98 -59 70 -29 -81 14 70 82 -1 -73 13 61 16 19 15 64 11 71 69 62 -27 87 -26 -98 77 80 -99 -18 -5 21 51 -70 17 -25 -100 99 84 -19 -41 11 22 -82 85 88 53 10 -83 -80 47 -31 69 29 59 -36 -45 79 -8 -52 57 -18 -81 8 -26 -2 93 24 80 -100 13 -38 -87 -53 -58 -58 9 -39 -1 12 76 -14 -45 49 14 -44 -60 78 -51 -71 -11 -70 -19 -25 -43 92 -87 -48 -20 54
-88 -41 -62 86 2 -84 -33 -40 91 46 -90 -74 -95 -76 39 75 -48 61 -1 -66 -4 -52 -12 -59 19 57 10 -48 1 -100 31 83 74 -8 86 19 79 -10 -33 -3 99 -12 78 67 35 -91 -91 -10 -78 -36 -85 22 -77 89 64 86 -80 -79 98 55 52 59 32 -16 -36 83 75 -42 -9 -65 -75 -47 -20 -32 50 -63 -94 18 -53 49 97 -10 35 71 -40 48 58 -48 91 12 49 -9 -6 -35 9 46 -82 38 -18 3
57 -48 -28 93 -69 -23 -90 93 -40 -2 45 -26 -77 24 62 -85 -63 -57 93 53 70 19 -34 71 -15 13 1 -96 -63 90 -13 10 -48 35 -20 -6 -62 -73 -61 -1 63 26 -4 34 83 31 -66 -35 0 57 -27 81 -94 -98 -2 -54 36 -66 -67 -9 21 -42 37 92 -76 26 -25 35 86 68 -82 22 -52 -39 -94 -40 36 88 -6 -35 -72 54 2 11 -13 -46 -85 80 -81 -13 57 -7 -58 -97 19 85 -63 -71 -68 55
-20 -7 77 -100 -13 -40 33 -37 87 53 1 51 -91 55 50 -65 -18 50 42 32 -24 31 -67 -27 -83 -93 59 -58 -12 -93 93 55 -11 94 -81 -77 -84 -11 35 9 -17 48 63 -35 -18 22 -21 -22 -44 22 44 -59 -68 75 -1 -35 -23 59 97 6 4 10 -70 99 59 16 -52 -66 3 -45 -62 -36 -33 79 -8 17 -27 -75 -8 42 -63 35 23 45 -36 71 37 -55 0 88 27 -48 63 -88 56 74 45 5 18 37
70 -99 -96 32 -82 88 -44 5 -55 92 -94 15 -39 16 33 -88 -76 -11 33 96 28 -78 -82 44 -54 50 -40 -44 -10 -20 -94 -18 -27 96 11 20 -74 98 -90 52 43 -22 8 -21 44 62 50 -47 -23 90 11 55 -97 46 72 30 37 -64 24 53 -78 28 -1 -66 -60 15 9 49 -42 13 -13 -53 15 -89 77 89 -94 -82 31 -65 20 -69 -7 83 98 -28 -75 -4 50 47 -5 -21 -47 -87 -30 69 35 85 97 14
24 -96 -28 19 -12 -28 -64 -23 -56 18 -95 -62 62 60 35 20 -51 61 30 68 -36 54 -57 -53 30 53 29 -84 72 99 54 -34 -95 -48 -56 -3 -65 -82 -83 -81 -27 -30 -9 46 -55 -64 35 6 60 99 74 15 11 53 -86 -4 -8 -78 63 -16 66 71 -49 34 -35 -88 3 22 -22 -26 -74 -84 88 -74 37 98 76 57 -85 -42 96 -22 -22 -67 49 -30 -42 87 41 -13 73 54 90 -96 33 7 -16 88 -67 3
46 36 -18 36 83 27 -93 1 -50 14 -85 -97 85 96 -39 1 -76 93 46 64 -9 75 91 -18 -100 88 92 -28 82 89 40 -31 -55 -19 -51 -94 16 -75 -64 -69 56 94 -55 30 47 -37 -34 -10 51 46 91 -95 -83 -84 -91 -8 82 -30 -49 6 22 -51 -100 -40 72 44 83 19 12 8 98 -58 7 -14 82 26 -37 33 39 -90 34 59 24 94 55 -71 63 -42 55 54 -70 -52 -82 -90 -41 -93 33 82 27 8
85 49 -98 22 43 -78 -22 45 -69 86 19 21 62 -62 28 -32 28 86 6 -95 50 -46 -68 34 -38 -7 -31 -87 -44 -34 -91 89 62 97 19 -12 69 53 59 -32 12 13 -28 -70 -81 -53 -26 50 42 -5 -28 66 -71 98 95 64 -72 75 53 64 -3 -17 3 -19 -34 -70 78 58 -49 -59 -94 70 85 93 -97 -66 -48 78 -26 -30 32 -9 -62 -17 27 -32 -12 -52 35 7 -86 69 -81 30 4 -3 -11 -86 20 -60
22 31 82 61 34 -54 -93 11 -12 68 89 -64 -13 90 54 -70 87 -32 -97 -23 -84 -89 -26 34 -74 38 -87 -89 48 44 -26 -11 82 -92 44 77 -90 -8 70 81 -66 -37 -53 37 -93 76 85 25 2 -2 -8 15 -74 80 -59 44 -57 19 63 6 -32 -12 15 -11 -93 -73 -22 84 71 -62 -43 -32 30 30 55 -78 -59 -38 -25 -4 -71 59 -22 -47 60 -3 -74 -96 0 68 -49 -72 -20 18 -64 29 41 85 -62 38
41 -68 20 -92 25 74 -85 61 10 -96 22 0 87 -13 35 -19 -7 -83 52 -86 -80 -65 -98 -52 -21 -69 -43 -66 32 44 73 66 95 -3 -100 -32 -12 -38 -34 -88 68 -2 -88 88 -66 -65 -42 38 -27 -32 31 -84 52 14 30 -88 30 -49 62 5 27 4 -40 86 -92 -79 -100 79 -50 -33 -7 -81 40 -80 -33 77 27 53 -63 -87 64 -80 -56 -98 74 41 33 19 74 68 61 -31 8 68 45 -96 94 -11 -79 77
-31 10 84 3 70 98 17 -28 97 -83 -7 -71 -5 43 79 90 60 24 44 8 55 -26 -4 -59 20 62 60 12 -51 88 -71 -67 -39 76 -71 -9 -32 1 51 85 -38 -5 8 88 52 -21 33 28 77 -33 32 93 6 36 89 85 75 -45 -95 -52 45 18 9 -50 15 -35 -21 86 56 53 -27 -72 32 -1 8 -17 52 -7 -21 29 -56 -40 -85 32 76 79 70 -60 -99 -33 73 -90 -93 -7 -15 -55 -81 -63 -39 32
71 54 -11 76 92 6 -25 80 -34 -35 -23 54 -61 51 -56 92 -50 -12 45 76 -46 -89 30 0 57 -6 60 -63 72 -19 -38 -40 -9 46 -57 2 57 10 -72 35 42 -95 46 51 -71 83 68 88 21 -54 -57 -12 -37 -65 -59 -90 39 -15 -71 52 79 -72 69 -95 -94 18 -50 30 -1 31 52 -3 -98 -13 -23 11 -29 51 99 -31 77 -11 -70 84 -19 -95 -7 90 -17 38 99 -51 84 -33 46 60 -80 -44 20 -50
78 -64 -50 4 59 -3 67 63 34 -83 8 -87 -56 14 39 57 32 -39 11 -12 58 93 -68 9 99 26 -35 -77 -71 53 -24 -92 28 -25 -96 61 -85 -72 -30 91 -48 -64 97 51 39 12 -58 56 -47 14 -42 57 -65 -54 -22 10 38 45 87 47 -68 -80 -66 -70 -43 14 70 -91 9 53 67 30 -17 38 -27 77 -45 10 99 -19 31 77 4 -41 41 31 -38 -46 26 20 43 37 17 98 -12 49 -91 -12 41 33
16 84 29 12 -57 92 40 98 96 -70 55 -33 25 -57 76 13 31 -94 35 50 -68 40 -29 -29 26 -16 -26 -39 22 -70 99 -46 72 -5 -30 82 -75 76 -28 -18 -99 -24 -20 90 66 -31 77 13 84 -21 -86 -12 91 -54 52 -67 52 -97 83 -13 -99 -10 56 2 38 53 -50 22 -44 52 -17 -3 5 59 -95 83 11 40 -85 22 3 6 -98 43 -35 -77 -50 22 13 51 56 93 -37 8 -55 -15 -100 82 -47 77
-48 69 66 -46 -10 -43 1 77 -96 -69 -77 -44 -8 -8 2 18 -67 -73 7 25 -36 -8 -54 -92 -40 -80 -69 -8 -100 60 -10 -60 33 18 70 -66 73 -47 -41 -57 -46 -62 -1 -96 -21 -9 11 96 -96 28 65 47 81 -6 47 31 -34 -96 -24 81 37 51 55 -15 95 -2 -30 94 -67 49 -81 57 85 41 35 -14 88 15 46 -51 -7 -40 6 -69 16 -19 16 -92 -4 39 -71 16 -2 -95 60 6 25 -45 -33 44
-1 8 72 -40 4 76 76 -98 -30 -64 -52 -95 -6 64 29 86 50 71 -22 -69 -6 31 -18 85 3 6 11 -82 -24 53 -50 94 78 61 -26 1 -21 -55 39 -74 94 41 68 92 -98 -80 4 -49 -56 52 47 39 54 -20 47 70 15 17 -25 82 28 60 -50 95 -24 -37 6 31 94 -83 -13 88 67 -11 78 -43 -12 63 94 -77 89 32 -78 16 80 85 -78 89 72 -85 -41 -99 -30 22 7 -53 54 80 -88 -100
-62 2 18 83 69 6 0 -39 -91 -71 -34 99 86 -45 -63 23 23 77 13 -76 53 -80 15 -57 -76 54 -83 38 -71 21 -91 10 13 52 4 -25 -44 -77 -25 91 -78 -93 0 -26 -33 -88 59 -43 -85 -3 84 -62 92 44 34 -21 -92 -23 -84 62 50 13 -32 50 -56 10 37 1 65 33 32 -45 8 1 -43 43 -73 -10 61 96 1 -46 -39 -47 -34 12 61 -94 3 70 84 -70 9 49 -71 24 -62 -69 -19 54
-10 8 -53 -29 41 -86 93 -84 5 -15 -72 50 49 -49 59 -14 23 -80 5 57 -94 -74 -87 -64 -80 -73 39 51 -6 -30 7 -34 -99 -53 -24 75 -85 -17 -12 -81 88 -68 94 -43 -63 -40 -25 7 -90 -76 -18 95 -2 -98 36 -1 -78 -93 96 -72 10 -12 55 38 -39 -94 -81 -79 -23 22 -42 -99 -36 70 -90 -92 36 -46 -26 -66 80 -96 66 -81 -46 -50 -99 -12 -75 -81 -88 -20 -22 33 3 -67 50 57 38 8
86 -5 -86 -77 22 -95 11 60 -85 -40 -30 10 85 38 80 -20 20 -36 25 -7 98 -78 -15 -52 60 -84 39 -42 61 68 -78 46 75 34 -43 46 -19 0 58 18 -83 98 -12 61 29 -92 44 92 -95 60 95 -87 -7 79 40 -63 1 -46 -2 -9 1 46 -55 -95 33 -38 -66 -62 -9 -37 -74 -99 59 89 -99 20 -77 58 -59 -71 -97 25 -93 -74 63 55 37 75 94 -46 -86 78 -98 35 -60 -75 55 -84 -19 -75
26 31 -100 -56 47 -5 75 18 -87 80 -97 72 -65 -60 -89 -38 93 92 42 -34 0 -25 41 69 -77 27 -51 -76 -71 83 3 55 42 9 -63 -22 45 86 25 -97 -86 61 64 89 -21 90 -21 -100 -94 -60 91 26 92 -95 55 66 88 -65 63 -1 56 -47 -99 -51 91 -22 19 -44 -23 64 77 40 -35 4 48 1 74 87 -84 -10 33 -66 34 -93 6 55 46 -29 -13 61 11 -48 -82 -98 6 82 29 -91 -17 -43
-27 34 -40 -70 33 60 -88 23 58 -70 32 78 -100 -39 37 60 31 90 -77 -91 70 -71 69 63 65 43 -76 55 -67 -84 -72 -62 -6 -23 45 60 66 -33 93 -62 95 -65 -42 -21 68 67 -5 42 35 29 -49 -85 76 85 8 -29 -17 68 49 52 -39 78 -2 86 49 87 -77 -88 34 43 89 48 42 -95 -85 -77 -4 27 -86 56 -32 -2 48 31 88 71 -22 -81 2 22 -74 -81 92 75 41 94 2 -92 -1 27
-2 39 -84 18 0 -54 72 -80 -40 21 -58 -33 8 5 10 23 64 7 -35 91 89 -91 41 -48 -19 -28 -54 -30 36 -65 72 -46 20 83 97 82 -13 -8 -51 71 54 -14 28 59 14 -41 81 -17 -48 -99 99 10 0 6 -19 -74 68 -67 84 -31 -75 -93 56 52 -95 -81 -77 8 -85 -95 72 19 95 55 -49 -33 -83 68 -26 -34 3 -87 28 -20 -76 -1 -14 -2 -29 -15 39 -24 94 60 3 -96 22 -10 -91 -64
-88 50 -33 -63 -94 95 82 -93 77 -85 4 11 40 70 -4 26 -77 77 -79 60 -93 -35 57 42 58 5 -75 97 -71 -34 32 -91 96 62 57 -2 -85 49 60 -35 -72 14 -8 -74 -99 47 -56 -82 -41 -87 -2 60 -43 -70 65 16 79 82 -55 -96 58 71 -53 -49 -93 -12 -68 11 -77 92 -10 -98 54 -44 59 8 99 -67 -22 -77 62 -72 -53 -39 29 -8 86 92 -22 24 -16 31 -82 39 38 86 -73 3 -3 45
-96 36 30 -1 95 86 -63 42 -13 28 19 14 12 75 -15 66 -61 -57 -3 -10 -87 71 61 74 71 -83 8 -1 -85 -92 50 2 -39 60 -96 -68 34 -92 -6 -52 -82 61 65 -66 4 -61 99 -56 -47 64 -17 -64 -60 -78 -57 41 38 -60 85 34 15 63 -47 -10 -3 -15 -60 55 -20 57 -16 43 32 56 -25 44 8 -79 84 99 -49 11 4 -34 86 70 -33 -41 96 -23 -34 -87 63 7 56 -88 96 81 -82 88
-35 -25 44 -83 -86 -93 54 -1 74 33 -53 96 -41 -13 -51 -4 -33 -68 98 -14 85 -4 -50 -64 -21 91 21 21 -32 -2 -46 -62 29 -10 -87 -96 33 72 84 -39 -20 -30 63 -92 -18 -33 67 -56 -86 17 -24 -48 -53 -66 -8 92 59 -69 48 63 -32 -61 54 -21 63 -60 -74 47 -93 -13 22 -91 38 68 28 -42 -47 -24 54 72 67 51 3 -28 84 -37 -96 -97 55 -51 -60 -98 89 79 11 -53 16 -52 0 61
90 -37 29 -22 30 -23 84 28 17 -81 -16 6 51 58 -39 -7 20 -42 45 -87 -50 -66 85 -8 -12 3 -91 45 -35 -98 -88 -22 -18 61 41 14 11 -35 51 7 34 34 -72 -53 -31 92 -6 -2 88 -54 -12 -84 98 77 4 -80 0 10 34 -68 -47 80 57 -3 -58 -84 30 -99 -51 36 15 -26 56 -63 -27 -33 41 89 -67 -48 -67 87 52 79 -11 -9 16 -100 -28 49 75 43 99 86 -88 68 56 -81 -52 37
-90 40 72 -1 18 98 19 -43 -68 38 -35 48 89 70 88 70 8 -18 43 70 62 -64 -80 -99 -2 -38 -41 93 39 -83 59 96 97 -49 3 -53 7 12 10 -55 -70 -4 -13 -74 48 49 -26 61 52 -28 -33 -34 82 -14 -82 77 30 97 42 -32 -84 -78 -15 -74 -53 70 18 -82 16 -19 50 -29 -51 64 -24 58 43 95 46 33 85 -66 -56 75 -95 -27 7 27 -36 76 -9 49 -26 -16 76 45 -3 80 -72 -93
-60 -26 3 -30 61 82 -53 -21 40 24 -83 7 -64 -34 72 98 30 -55 -93 -47 8 82 19 59 -72 -64 -99 -77 91 -93 -3 2 -84 -42 -73 -36 19 -84 -32 -97 59 44 31 -2 -79 -24 18 65 90 -90 93 -54 14 -27 11 47 -9 39 -52 -47 -89 -49 -4 -31 -71 -13 8 38 -85 -52 -42 -8 -3 -27 50 8 -19 -82 86 -35 86 -17 69 -47 -19 -31 -5 14 76 -10 -56 56 -15 57 -78 49 -80 54 -72 -41
-45 -84 63 -30 -96 -71 -89 -17 47 47 -39 -54 -8 62 -18 -48 28 7 53 -8 -58 -15 -10 17 -3 -82 -98 -37 90 97 72 53 -6 98 38 -61 68 36 33 -11 8 64 49 70 -65 37 77 82 86 -70 20 4 -60 35 -36 -18 84 61 -39 87 33 -44 -63 -90 9 -16 44 -89 44 -71 -47 -35 60 -21 46 99 51 -72 20 9 13 73 59 66 1 -100 39 -7 21 -35 3 -77 -68 48 -71 82 17 -58 12 -93
22 20 -49 37 -39 -45 -44 -27 60 65 -4 -62 -50 -84 92 -66 -86 -20 -5 3 31 -55 -74 -10 -79 -2 30 24 -14 -1 -46 11 -54 34 -38 -77 -14 -92 32 58 38 65 96 57 25 88 70 -80 -21 18 38 -8 -69 -38 -68 49 -88 -92 -100 -21 -54 -29 49 -50 35 59 -73 -82 54 -79 -17 -29 85 98 35 -98 -81 74 -44 17 94 -58 -38 -11 5 -78 -38 -55 -60 90 68 80 33 -90 6 -60 83 19 80 -58
-41 39 -49 -92 26 -2 16 15 2 -26 75 7 -46 -47 3 69 81 -100 19 -93 -72 -85 25 -10 2 -100 84 -66 -96 58 48 88 -44 60 -36 -55 -5 -43 59 34 -17 -83 -7 -11 -27 -30 -8 84 -27 -51 -45 53 59 79 -71 38 69 7 -72 51 87 -57 16 85 -43 62 -99 66 99 -12 88 -97 -60 92 16 -4 -37 -79 -61 -5 60 44 -25 89 -69 4 -99 -79 -61 -87 -16 18 -54 59 76 39 87 34 -38 17
85 69 40 -3 52 87 83 -27 -29 95 -73 -2 49 95 84 62 72 29 1 -23 12 -68 -82 34 16 -1 -40 -89 1 16 -56 54 -87 -60 5 48 29 -60 38 -43 10 -85 -23 90 66 91 -36 -70 60 51 89 31 74 65 -46 88 -97 -75 41 -89 -1 -41 -25 79 -94 -16 -64 -73 72 -72 -35 -82 -84 9 31 -75 26 8 -59 64 -14 91 -71 -31 -16 -40 -60 -50 25 50 32 -98 -11 -72 -40 4 -65 23 -22 -92
-35 -75 57 97 99 16 43 28 80 16 -100 -58 -98 12 61 84 14 -91 94 -20 -58 81 12 -87 -16 41 -51 27 -100 1 92 -74 74 -54 -31 32 96 73 33 -56 17 28 -49 98 86 -70 -64 40 60 39 29 35 97 -6 -91 -74 38 32 -98 65 2 56 -71 51 -53 -67 33 -34 32 94 55 57 -95 78 -43 -92 -79 3 -86 11 75 83 98 -16 32 41 79 92 -71 -41 69 0 -58 -24 13 -51 1 27 48 23
-2 50 -11 -57 16 85 91 67 -78 70 45 53 10 -57 -79 -1 -30 30 -92 -84 18 -54 99 30 66 -90 30 56 -28 91 9 5 58 36 86 -1 78 -53 -20 81 -81 88 -17 17 43 -38 31 -36 -96 -28 2 79 -25 59 -11 -90 -95 87 23 -94 79 63 -33 44 26 -13 -22 93 25 16 86 77 83 45 85 -89 -12 65 25 -46 -85 53 24 13 -8 -84 11 -69 12 -92 -4 29 -53 -49 6 76 -77 -9 53 71
-26 -98 -54 -71 3 -26 94 74 -87 49 59 17 39 55 36 90 26 -12 92 -17 16 -34 -100 -49 26 -30 8 -53 13 66 53 -11 68 16 99 -64 -97 30 -85 -84 -65 -51 59 73 33 75 -62 84 8 4 -16 -67 53 39 75 -99 -95 28 -56 59 12 -73 30 67 -64 8 59 -97 -61 42 6 -56 -36 -34 79 -52 -39 -80 71 80 -31 40 -37 66 95 91 -56 36 59 91 -11 10 -4 -58 95 -28 64 28 -26 -88
99 64 83 70 -77 47 13 -80 -52 -36 -52 85 -93 -10 18 38 -33 31 58 8 65 95 -5 -58 -91 -56 65 10 77 -49 -1 -92 -3 80 10 -93 -42 -65 -63 -61 -28 -67 96 -34 -73 -60 15 -75 -15 -77 92 64 -74 42 -32 -9 -73 59 9 74 -9 81 54 -20 3 76 24 -87 -30 48 33 31 21 -75 -58 30 -82 -70 -5 -29 -25 -79 -44 -20 -15 -65 -61 45 -35 -84 -80 86 -32 -93 8 78 96 46 73 -70
-67 29 98 88 0 73 -2 -41 4 -80 -17 -17 2 -2 -90 15 -39 86 33 25 28 82 11 -17 19 98 42 32 -32 -36 13 20 20 19 59 18 -97 -82 62 95 64 -80 -49 62 -90 31 17 66 28 69 5 58 67 80 45 -61 -52 83 91 -99 -81 91 71 -31 37 21 1 54 9 45 -99 -58 -60 -6 -87 -77 24 40 -63 51 99 -60 62 -39 -32 -20 -75 92 8 -75 13 -30 -99 63 97 -43 -26 53 70 20
61 78 -80 -60 96 34 27 -62 -17 56 54 -92 5 -19 76 9 55 9 -8 33 16 95 29 27 91 -5 62 89 -51 79 -43 -62 -86 7 -4 72 50 20 -49 8 14 67 -22 -43 -60 85 66 -98 -72 -97 -42 96 98 76 -35 5 -66 3 -62 63 -90 92 -33 -86 70 -42 99 1 -79 78 96 60 31 63 92 -84 -67 43 1 -43 40 1 -81 -33 -66 28 19 63 92 1 79 -65 -26 -31 -15 51 -55 -35 87 -3
41 54 -70 -25 29 73 -99 -69 -91 -71 11 -1 -40 -78 31 56 -72 96 87 48 -6 -52 96 -11 20 46 -41 15 -41 1 -48 -89 8 41 -85 -91 42 88 -46 -80 -55 19 -42 32 74 -38 -88 69 86 -44 56 -77 53 -69 81 -13 -100 -57 2 79 -28 -69 -44 -99 -60 75 0 88 -38 24 41 -46 -96 -29 -50 -71 10 -25 79 17 -74 5 -100 51 66 25 65 -38 19 -15 50 9 15 6 -32 -12 70 93 -1 87
75 -37 80 -33 54 65 -21 80 -90 -32 14 13 47 -67 -76 41 41 84 -78 -97 -18 -19 77 16 50 -53 8 -4 98 6 22 -81 -10 -2 -89 -99 -21 10 48 18 64 -53 -50 -52 -65 33 -87 57 41 -57 -6 -63 0 26 -32 -55 -21 22 -67 0 -76 82 66 -85 0 11 14 14 45 68 -10 85 27 -15 92 -23 68 -48 -100 71 -20 -57 -78 -43 -1 20 4 -26 -20 -57 -6 -13 49 -9 33 28 -40 81 65 -54
-46 95 17 72 85 -9 40 72 -74 -24 -28 85 -78 91 -64 -30 -64 -80 26 9 -68 -92 8 63 -100 -31 26 -34 -60 94 -79 -71 -52 -82 6 -42 -89 -3 16 84 59 -36 61 -24 -30 -80 -33 -24 10 -82 -91 -62 81 51 -27 28 -98 -1 48 94 53 -47 -54 96 -93 -57 28 -53 76 37 -6 54 89 16 20 -78 -95 85 -30 61 92 -6 -60 -68 -40 -9 -95 29 -7 13 68 -42 81 74 -13 85 -79 -76 70 -41
-68 76 -82 -88 25 -2 -24 5 -17 90 32 13 -29 95 -98 24 79 -9 79 -97 -53 69 -30 25 70 -19 79 -39 -5 -81 23 68 36 71 11 -76 49 -61 32 51 -27 40 76 -26 -87 44 -54 76 32 -61 -91 -47 45 -66 13 86 79 -2 44 14 -61 37 19 -20 -23 -56 -71 12 -33 -49 29 -14 -54 -22 19 -35 -38 -22 -59 57 -47 29 37 -71 98 26 43 76 -1 28 -23 -100 -31 47 -23 -48 -7 17 50 -7
-56 -79 -77 -91 -18 -32 -1 -2 -6 -46 44 23 2 -88 35 98 -16 39 7 -70 -92 25 21 45 14 88 88 -8 69 57 13 75 -44 -73 -22 -82 68 16 -62 -73 -22 2 58 -11 42 -3 44 -85 -81 -24 7 95 88 28 -90 -21 90 -2 27 73 -64 46 57 -21 91 -55 -69 26 98 -25 28 70 81 -53 -37 -96 84 65 -14 63 -41 -1 -33 86 -78 54 83 47 27 9 -38 -13 -74 -16 -51 49 51 -14 -6 46
-76 -85 1 79 91 51 -7 30 16 86 43 27 -97 -8 -69 -6 -59 12 90 -30 11 -80 90 -31 98 12 4 53 38 -13 -11 93 -44 38 57 94 95 -1 -31 28 -56 63 15 14 87 35 -98 28 -67 -23 5 -80 -70 -79 -77 65 94 -3 -45 -95 -27 99 -85 77 -41 -10 -60 -91 49 -19 -33 45 -79 76 -99 -31 25 -28 8 -8 10 -29 59 -96 -37 11 -82 -49 -41 8 -52 43 52 56 22 23 -87 -29 27 5
47 28 -16 -80 78 -23 -50 -28 -6 -56 64 31 -88 73 -69 51 98 93 -6 59 72 29 -69 -72 -91 -48 -77 1 40 -72 85 -80 32 -26 0 89 -28 86 49 -6 -12 -77 80 8 -15 -80 59 -40 -8 53 -43 -92 -24 73 -42 65 17 78 -100 -1 95 -57 31 -17 -44 94 -55 -23 48 -22 72 -83 56 30 35 -18 61 59 9 7 44 -96 -77 50 28 -36 45 62 -86 -41 35 19 83 -72 95 -63 -38 26 -22 99
-33 -97 62 -11 -70 -92 -72 -59 71 88 95 94 -63 46 40 -38 7 47 -44 16 -35 42 -28 -44 94 -76 -78 -42 -45 -81 53 29 40 65 25 -48 34 -23 -51 29 61 83 8 37 -49 20 -79 47 -25 -78 -35 -90 -55 30 96 92 18 24 99 66 -37 61 68 8 49 -4 -21 -83 -8 60 61 -53 25 -23 9 1 47 55 -22 28 91 86 -16 5 40 -26 98 -38 -82 -100 6 76 -52 67 19 -42 86 -73 51 -82
79 -27 64 -64 68 69 -32 69 -47 -47 85 -89 -39 44 -61 73 -5 -10 5 55 14 -60 97 45 -80 1 87 20 73 62 3 15 -75 58 -82 25 22 -87 -39 -30 77 -22 -15 67 -25 -52 -14 84 19 46 -87 -84 48 -76 39 -26 -56 79 7 33 -81 5 36 -42 -65 -65 -69 63 91 33 78 -35 25 -11 38 45 -72 -40 37 -7 34 -11 21 93 -48 37 50 66 -30 12 68 -13 40 45 25 -14 -57 3 -100 -2
-10 33 57 3 21 46 52 92 15 56 77 50 -3 -52 -91 72 89 -58 29 84 -11 47 28 -1 59 38 -75 95 -10 -97 -92 16 53 -90 -30 3 -20 -24 -50 91 80 38 6 -5 13 -52 -77 66 14 60 -54 60 -22 -82 95 -97 54 80 -37 26 51 -35 -49 59 -24 18 2 -42 99 -100 -48 -50 -41 70 18 73 -58 0 -9 16 74 -46 -91 -17 -71 -53 44 91 19 12 36 36 54 51 -67 -38 82 -19 -65 1
-3 79 -29 -74 -68 -33 84 -40 -99 38 -83 5 2 7 8 28 39 -54 46 -10 -69 -77 33 26 81 99 51 -52 -93 -77 4 -85 49 28 15 3 -21 -98 -31 -78 19 -13 -62 76 -13 -53 83 -82 -16 38 29 86 37 31 56 15 -7 65 38 -87 -10 -84 60 -86 89 37 89 -44 10 81 -88 99 -61 13 -23 -30 79 -98 52 10 -61 -87 4 -12 -20 22 45 86 77 -97 -60 -8 19 30 -65 95 21 -58 -92 -41
-81 -75 -65 -24 -10 -92 -75 57 -40 4 -78 88 29 -94 -82 83 -81 -57 -62 -36 2 -17 3 -69 -100 -87 37 24 66 -90 -99 76 79 -30 -16 -87 95 -95 -47 13 -98 70 -83 -11 91 -31 1 26 -66 76 12 -39 54 82 -40 -36 -58 59 -62 -72 -77 -98 -73 -73 76 11 77 -88 -19 -86 -85 63 -93 34 -39 24 60 28 13 87 -93 55 52 -50 -91 23 -28 -92 -53 36 39 -25 67 -67 31 77 -8 19 82 90
21 88 14 99 -32 -20 20 -58 -64 73 -86 -76 -87 -83 85 71 -38 -74 -91 -85 2 31 -60 -58 -9 -99 -90 -27 6 -23 47 -68 -91 -24 54 -72 4 54 -76 30 -83 29 27 -5 -4 -82 62 -2 -61 -39 -89 45 53 2 7 -64 75 39 -83 66 57 74 -81 -100 46 -99 69 -95 -24 21 86 -72 98 -80 -63 35 -31 -82 -87 16 26 99 91 52 44 -11 -86 43 9 -91 25 -20 76 83 -81 81 11 58 98 -74
86 -10 49 -7 88 98 -68 84 -87 -81 -86 -22 -6 73 -56 77 88 99 -1 -90 -35 11 87 -74 -11 4 -61 66 94 55 28 81 37 45 88 42 83 -61 -76 -48 -54 -86 76 2 -7 39 3 -32 44 57 29 33 -40 39 30 -9 -93 60 -77 49 94 -71 -52 -56 -14 5 -8 52 -30 52 79 14 42 2 91 -57 -71 29 45 -78 -45 -39 2 96 4 4 -51 -30 34 36 5 -66 -1 -46 91 -10 -72 76 34 67
-2 68 -52 -41 -81 26 5 58 -90 -52 -82 -37 -74 76 -2 77 -15 49 66 57 64 58 -48 -89 -97 -84 -83 -31 46 -63 68 -81 52 28 -62 74 78 -14 83 -50 15 75 29 43 -83 69 13 84 -40 88 77 67 -99 16 -28 52 -89 56 32 -58 -91 18 -36 70 24 -14 72 -4 26 -43 -38 -90 19 74 -9 -3 -36 7 -68 -51 34 -54 -79 51 29 -58 -86 78 -86 -87 -56 10 -51 -95 -22 -84 76 -73 -25 35
-77 -85 -61 79 93 59 -8 96 88 -21 -92 30 51 -14 59 47 87 58 -51 97 -93 29 1 -88 -86 59 77 -6 31 56 -92 -24 29 -51 73 70 -90 2 54 99 -3 -36 39 -16 -14 60 -66 -43 -94 -54 47 41 5 -17 24 -28 -60 -88 58 -2 -38 -30 94 -92 -66 98 77 28 -37 33 83 -64 -65 98 62 -12 -70 -3 -25 -65 77 87 45 5 87 -31 49 -80 -84 68 24 -75 37 47 -36 -19 31 73 11 19
-17 96 -49 -31 -90 -82 67 1 40 26 96 37 49 63 -87 -6 93 60 -21 -6 73 28 41 -31 67 13 7 -20 -75 -81 -68 16 95 70 1 -9 -72 -16 93 36 96 50 81 90 97 -5 -50 71 -96 -7 94 -10 52 83 34 3 -25 8 35 57 -16 -22 84 3 82 19 21 98 71 -26 53 -4 -29 1 45 -65 -83 -81 -97 -71 50 -5 -52 14 76 66 -50 -47 41 -30 62 -84 -74 22 -47 91 67 66 -70 -74
24 -37 37 43 91 51 76 94 -45 -68 -75 -42 40 -42 -71 -77 45 73 84 2 -15 37 6 -68 -21 1 -59 -59 -21 73 23 77 80 -53 0 63 -18 12 -33 57 98 83 39 -46 0 -31 -21 -12 -41 -38 -45 34 -34 11 -12 39 95 17 -18 56 -44 -27 -97 -50 66 -1 2 87 -55 79 -36 -72 -40 23 53 -53 -80 33 -23 -91 -53 -67 31 -45 44 -51 -6 -78 -88 10 70 46 -2 -19 28 -67 97 -3 -7 -23
-1 -55 -8 -45 -39 48 83 -92 -13 64 -69 -33 -73 -34 73 -20 -99 28 -16 35 9 -59 -36 -39 79 -50 -32 -92 -42 -45 -85 13 54 -72 -26 77 -46 -94 -46 25 77 -55 48 -27 89 4 49 -7 -69 -63 -68 81 -44 29 64 -86 63 82 69 -85 31 90 -76 53 86 22 -65 12 50 -72 84 -39 -11 -72 21 83 -61 19 80 93 -39 -72 -48 57 -71 -41 -74 23 -89 -18 -20 13 81 83 85 2 37 74 84 -21
1 -18 -92 67 -74 -43 71 -51 -90 71 49 -78 69 -30 94 -46 66 65 25 -27 39 -54 47 -39 27 74 27 -100 -3 -33 50 28 -76 -84 1 -54 -9 73 -45 -50 91 90 49 -94 44 -28 37 -9 55 43 -43 54 -12 -50 -17 25 62 93 -58 61 -45 10 53 99 57 46 38 -66 -39 -31 89 -35 73 -57 46 -98 5 80 -37 67 94 -26 -97 5 -45 -74 -68 33 -12 -92 -48 -51 -15 11 48 -60 -83 30 -30 16
30 -60 46 -77 -28 68 -40 -13 -14 -59 -21 95 -68 98 18 -54 -11 -23 -52 -81 -45 -58 -98 -55 44 -9 -17 32 -53 -27 70 -20 -51 -79 -51 10 25 34 55 64 16 -69 42 32 79 -53 -2 44 26 -9 50 6 13 44 -54 -59 52 -41 -33 -46 63 -66 -58 -37 -11 -40 -27 91 77 64 89 -68 -26 97 13 75 -63 65 -98 -64 -52 -46 58 35 -34 2 0 6 -68 97 -30 91 -28 -45 -77 35 -71 -82 33 88
-68 87 -86 8 -80 -89 59 -72 -77 -1 51 65 24 -77 -79 63 9 56 -75 8 23 83 24 -58 -15 92 57 41 -40 -34 8 76 -48 21 -23 36 79 32 55 -97 -78 -17 -9 -69 -62 -19 -84 -90 -59 20 87 35 77 -31 -87 -91 0 18 22 -50 -16 15 12 97 58 -30 60 -32 59 31 2 -10 40 -81 19 67 -70 -38 -31 -45 7 -23 -92 -48 21 59 -90 -5 7 -41 -29 69 -52 -98 -21 -80 70 69 -64 -59
56 -80 -58 -77 66 40 20 30 -28 -60 -86 -100 63 91 63 -48 -62 -14 -87 -36 58 -20 -17 -88 17 76 -33 -2 -25 -71 39 98 -79 -33 -38 -66 56 -87 3 -65 22 26 -92 -100 -89 -57 -83 -52 -98 32 11 56 -87 30 -86 -48 -32 -21 88 6 98 -49 -40 42 -6 -22 -7 68 -68 51 49 -72 -96 -18 -98 -91 -10 73 43 -13 13 73 78 54 52 -32 -84 -68 -1 -69 31 -6 -58 -13 -88 -48 -27 -47 84 73
-84 20 8 -3 56 -60 -71 -32 -62 26 41 16 -73 -4 69 -25 -81 68 -98 17 -82 8 1 -18 28 17 49 40 -32 -23 75 -53 65 -6 58 -100 61 -90 -93 63 95 27 -30 -58 -40 6 46 4 -8 28 17 -60 -67 43 23 -4 -46 -33 86 45 69 -49 65 55 -75 -97 -32 35 46 91 54 -83 -87 99 -88 3 13 -47 -3 50 77 -87 -91 -52 -90 -63 69 -48 76 -71 -11 72 58 -50 -53 91 12 -56 -85 58
-39 -75 -11 76 -66 44 43 -90 -26 61 -3 13 -46 -90 95 52 -57 -33 -87 39 59 -46 -35 -81 -14 -56 -100 72 -6 56 -32 -57 -94 -57 99 38 -60 5 -28 -95 -3 -2 -12 54 39 18 -10 -25 -81 60 78 85 -59 -48 -10 11 -3 -4 77 -33 -72 34 -49 91 -65 17 -68 93 84 -71 52 80 60 -100 46 -50 -28 -88 18 63 98 -66 94 -7 -63 -59 32 -14 -35 17 -20 -65 -4 65 -78 -96 86 34 28 -48
17 21 -71 57 1 -38 -96 18 -83 80 22 -84 97 60 -2 98 -8 57 -54 -17 -6 5 -48 -88 -84 -66 -12 54 -34 -43 -86 -23 59 67 -26 89 -13 -60 -44 -35 19 -98 -51 -2 64 -6 79 -52 60 -39 18 14 -46 -55 77 60 -88 -13 79 64 -8 -85 -87 -31 33 -82 -74 -14 -17 -86 95 88 37 76 -19 51 90 7 3 40 -8 -31 88 80 -94 -31 -72 78 -20 -91 89 -20 -83 68 16 -52 -49 -92 -87 -74
49 -58 -25 -43 7 -10 -76 9 78 3 -17 22 25 -37 -88 -61 -33 -20 70 99 58 24 21 -40 -6 -40 99 -40 -36 -42 -34 65 16 70 -55 5 87 69 -60 82 -78 35 26 -58 -61 95 -4 8 1 47 28 -12 -81 -50 44 -4 95 -30 -2 -86 1 -76 96 33 -74 -44 -47 -82 37 93 -39 -65 64 54 -57 87 29 -58 -78 -98 99 19 10 -64 88 81 -22 -38 49 15 -29 -84 -6 -19 71 -90 -14 78 29 -93
-41 98 -60 30 -99 90 -65 -96 -54 13 -4 -95 -5 16 -60 18 31 10 69 59 22 -85 52 -20 11 -67 -44 -11 65 -43 -67 -18 60 -91 99 98 -19 -21 45 -46 -61 21 42 -56 18 -77 20 -7 70 67 64 -69 45 -34 24 -18 -38 9 2 -47 43 -77 -20 -41 8 40 -15 23 50 21 98 93 -60 49 5 -17 99 9 11 55 87 -55 75 -83 74 19 -70 89 53 -19 -68 38 -43 -55 99 99 -18 -83 -94 -34
37 18 -87 12 -52 -23 -88 69 41 87 -86 56 59 -14 -3 41 -92 -78 -63 -32 -92 89 -43 13 23 1 -83 77 -34 88 -48 -17 22 63 67 -28 23 -95 -70 15 4 -39 -82 82 -8 -87 88 62 70 61 -5 50 97 85 39 80 -97 82 -41 -94 43 96 29 72 2 -66 -62 -50 54 -56 45 -76 -33 19 -38 -84 5 -60 -42 53 71 77 -16 51 66 -76 76 28 -41 67 58 71 58 -74 3 75 -29 11 63 -31
