43 -28 -70 -35 -49 -15 -93 -91 -22 -26 61 -59 9 17 -21 77 0 32 67 74 33 -100 -84 43 14 93 86 -59 68 -16 95 -46 -34 49 20 66 -12 92 9 14 71 -90 84 -84 74 19 62 19 94 76 -76 -88 -87 -39 -10 -61 -9 -9 -7 5 -46 25 85 49 29 -55 17 -2 3 -72 -35 -86 63 -30 59 -11 86 14 -49 -76 -17 25 -71 -5 71 23 -32 -75 19 10 7 78 -22 -98 -12 42 -98 2 87 -24
-66 58 -26 -78 29 40 -64 43 -90 56 63 88 94 25 -24 -39 12 50 -23 11 -90 15 -30 65 -25 -65 25 28 -24 -48 -2 40 -91 -96 86 -80 -85 33 -86 -62 68 16 -78 -57 -5 45 -53 -89 -84 51 -58 -71 -81 41 44 -10 -29 75 58 59 93 34 -74 -50 -18 -15 14 48 -83 -69 -3 53 15 17 64 -20 -80 -54 -91 8 58 89 26 -59 -46 21 20 53 -48 -25 76 28 39 22 -45 29 53 -64 46 22
-60 48 65 -18 50 13 -69 -87 -87 25 -34 -45 -97 77 -63 47 15 -64 -3 -26 99 99 -14 -5 -94 -70 81 26 24 80 72 71 75 39 -88 -25 -81 9 37 -10 -71 -51 -41 43 40 31 93 59 -7 -14 -60 -68 73 -39 -11 -57 -100 -82 77 -83 -30 -75 -44 76 -3 66 -5 -40 91 79 -29 -96 98 -54 91 -21 -21 36 -5 24 19 -79 40 -12 -31 51 14 34 -30 47 1 52 -63 70 15 6 3 84 -28 40
52 -46 -59 -83 8 -49 -91 -100 -2 -13 23 -51 -70 89 9 58 54 38 31 7 -4 27 -61 -39 32 50 11 77 -68 -21 -27 90 -81 55 19 50 85 29 1 94 -21 -23 -99 -67 22 -12 -66 -88 0 36 -91 93 -65 -24 98 -77 -99 37 -80 -92 12 29 -24 -95 58 87 -38 -11 -22 -67 3 -3 -47 -10 49 2 -24 -7 90 41 -20 -27 -31 17 -89 -41 -17 73 17 -80 70 40 -49 90 -78 -33 -75 -16 -13 -18
64 7 26 -53 75 93 71 -27 -36 -1 -43 -6 81 -8 -56 -46 98 -74 89 52 87 -86 -35 43 -62 99 -42 76 46 -51 -19 -71 -84 34 -67 -8 -75 -7 75 8 16 -14 23 -94 -82 -12 23 -90 -89 -89 59 -45 -41 -44 88 -58 12 78 44 -91 10 -99 -15 -59 62 -38 89 -43 0 -90 33 68 64 -12 97 -17 13 -12 -26 -58 18 -75 -13 98 -15 -34 -8 17 96 -86 -99 -34 -23 -33 -14 -11 8 85 74 -84
-78 94 51 7 -45 -68 -18 -9 -83 25 -96 -45 -90 71 68 79 4 -19 -52 -78 89 -15 -78 82 -83 -1 14 -34 -49 2 -39 -33 -87 90 -27 -42 -56 -7 54 82 -80 -3 -77 -49 31 11 -57 39 82 9 -34 -29 -83 73 -18 -28 -8 21 -50 -50 29 -40 7 56 -45 86 -45 69 -64 -38 -66 4 25 -98 -8 74 -22 78 59 -79 -91 -66 26 -73 64 85 1 -17 54 -14 76 -2 -8 62 -76 72 20 -60 -46 -24
71 -37 26 80 -70 -99 -73 -94 -61 -86 52 -43 -7 21 24 68 -33 79 46 47 -29 31 36 -46 -6 44 28 -52 39 -57 5 -11 27 -55 68 95 -66 3 54 -40 -7 21 98 -61 46 93 -41 -45 94 12 7 -16 89 -54 -29 22 -62 47 -68 -84 12 -46 -1 -51 -24 -99 2 53 -41 50 -72 21 -64 21 -73 32 82 -80 77 -65 26 -19 29 62 47 3 -67 -99 -68 -18 -84 18 -100 70 5 92 -59 74 -72 -49
-89 -85 -42 90 17 99 -70 36 57 67 50 45 -34 -28 65 14 75 -47 49 12 42 -58 -42 -46 67 78 -34 -13 -31 36 -22 -26 -84 -37 -71 76 71 29 -34 13 -55 -50 -96 54 10 19 -30 -65 -37 11 -83 49 13 67 35 98 38 -4 39 -72 60 49 -73 -5 -90 -100 2 -60 86 -32 46 59 -2 -55 -24 -60 -96 -85 97 48 19 -88 79 44 0 77 0 67 -33 -24 61 77 99 4 -10 70 71 -80 -91 -63
-100 3 6 74 -73 -98 65 -85 5 -35 32 -27 63 -10 76 41 86 43 -31 12 74 -97 -83 -69 -11 -15 -14 91 76 67 -96 23 4 -96 -45 71 -15 10 92 -4 -76 37 15 -99 -50 -86 -7 -29 -95 -62 49 6 -17 -16 84 43 -94 75 72 -49 -34 -67 91 53 82 -59 -2 69 -78 -61 -85 25 -90 -15 96 22 71 -70 -37 -40 -54 -58 -96 -47 51 3 -88 -7 -63 -82 -52 -91 -43 87 48 34 -30 64 39 14
29 53 52 31 20 18 -62 81 68 19 -91 57 21 60 5 7 -11 -56 -13 -90 -23 -5 -91 9 -38 46 -70 24 81 -45 17 45 3 10 -21 -62 -85 -28 99 -18 2 52 48 89 -15 72 -36 -67 -11 -100 -36 9 -81 61 64 -50 -48 -31 -31 43 -82 -26 54 91 -72 58 -58 75 -44 49 -100 -32 78 -51 -84 81 32 65 41 72 -44 74 -99 -45 50 55 -37 31 56 26 62 -84 77 50 -72 -20 90 -61 -72 -79
15 23 54 -71 -62 -48 -17 -79 -93 -26 -41 -16 -83 -94 26 -58 -26 73 12 -16 -12 77 -74 1 -78 72 99 -77 -80 61 -68 -1 27 20 9 -2 -22 -1 -53 55 4 18 12 -11 55 -78 -34 -23 -74 -78 68 -100 -15 -7 -93 78 61 80 93 -1 -98 83 -94 -7 10 12 93 56 69 -9 61 -96 54 -44 73 52 24 -75 -23 -26 -26 32 -38 33 28 87 54 63 -24 -61 -15 24 1 -37 -98 8 40 89 31 -29
-12 74 25 -54 -6 -82 50 -98 54 31 42 63 98 32 -76 -53 -25 9 47 19 -60 -42 90 27 97 -84 87 -83 31 -5 -88 -83 33 4 44 -5 28 -11 45 -25 -45 -55 -36 -40 13 -40 79 48 -6 66 -6 0 32 49 -79 89 76 -13 74 14 -65 -98 -74 -53 -81 -76 49 -65 -14 -97 53 40 25 -88 8 82 47 32 40 -34 -19 -28 -51 -27 46 -53 66 91 -34 -24 65 85 -69 -96 11 -99 89 8 53 21
85 4 -57 -37 42 36 20 -41 -71 -2 -63 45 -58 12 -69 90 -58 -72 58 68 16 87 12 -24 76 -98 8 -1 0 -58 -43 -31 -30 64 84 32 -11 -36 -17 55 -38 94 36 87 -80 86 15 30 -97 -76 -14 -62 -89 -35 -29 28 -84 96 56 80 -12 40 -56 -43 -24 39 -80 34 61 13 -14 -68 -55 79 8 -56 50 -68 -92 -91 -29 54 87 -76 77 -95 -12 -50 4 -29 -19 33 -1 54 6 9 36 71 26 58
-24 -18 93 56 79 97 -51 90 22 2 42 75 -12 52 -67 -64 -27 -86 -68 73 15 -20 47 43 15 37 8 -55 -61 60 69 56 -81 69 24 44 14 -30 56 66 -32 -51 93 24 -33 -53 -16 -33 -64 -14 71 -98 42 -22 -51 -82 85 45 40 -4 -73 -75 41 -70 16 40 -48 3 47 -44 -19 -6 6 -42 -7 82 20 -25 32 -67 29 25 -24 60 64 -12 66 -68 -81 58 -77 26 91 95 -58 83 88 40 -53 54
30 -61 -54 -92 -12 -56 -1 -24 43 -22 -69 38 -4 26 -61 -4 12 64 -53 -46 -60 -95 28 81 89 -3 89 66 -54 -71 -22 -3 -1 -23 -34 -74 5 -7 -17 17 89 -27 -12 72 84 82 18 -83 99 41 -52 0 14 93 -23 50 -78 54 -3 95 8 75 83 7 -53 81 46 -63 -13 74 -90 67 78 75 -34 -33 -42 58 64 -46 -61 -45 90 -83 -94 9 4 49 70 -48 78 -12 -14 40 -28 -95 66 -47 49 -24
77 90 21 21 -15 -46 49 -70 4 16 20 -60 99 25 12 49 -62 -79 10 69 62 -43 -48 14 -76 31 93 47 30 -70 -94 -2 -30 85 -56 42 79 -52 -90 6 33 96 42 44 44 26 9 -23 -61 48 65 -85 80 -96 60 14 65 87 -35 13 -87 -64 2 96 11 5 24 -7 85 74 -81 -30 15 -19 20 -68 -82 32 -23 32 44 -72 -95 -89 -53 -85 2 -11 -6 82 29 -85 77 -94 79 28 33 13 99 -63
-59 -14 19 -16 4 53 -87 65 26 -75 -53 -43 -100 -81 60 18 -1 51 -38 52 -94 -53 54 78 -84 9 43 -83 -7 94 88 -4 -99 89 98 40 -8 -67 6 -11 -18 -21 -48 -93 -89 71 40 -4 96 71 71 -9 -18 80 -31 34 30 87 -98 -98 82 10 -93 -83 -13 61 -76 44 13 78 -96 98 32 78 59 -90 -13 -6 -68 -70 -20 -37 32 34 -32 -68 -44 -16 -78 98 -93 50 33 71 -26 -73 -6 93 74 -66
21 11 79 96 29 86 -76 -2 -74 -2 -79 -45 -88 -95 -51 -52 -45 27 -94 -90 42 84 -69 8 77 -89 28 -98 63 -8 -33 -1 21 82 64 65 31 -70 -4 -27 -1 -73 24 55 -46 -31 -49 -14 64 24 -72 8 -78 -1 7 84 -89 34 3 41 84 -25 57 -70 -51 -8 16 -35 78 -39 -93 -80 -5 -5 -92 4 75 27 -18 -64 45 89 77 27 -55 11 -29 57 25 -44 -18 -69 -25 -92 -96 -45 -69 11 93 13
36 41 79 68 34 -60 -99 61 -63 28 89 6 -76 3 -1 -11 -56 94 64 -45 5 79 80 -26 43 42 29 33 37 -54 13 78 -1 84 43 -53 83 -98 30 91 73 -12 -2 9 85 -39 -45 -35 -43 -89 4 10 42 -21 90 19 -57 -67 57 -23 -27 62 -55 52 -7 84 98 17 32 76 -13 77 68 -88 -62 -78 15 65 -31 83 -46 -40 24 93 -100 -32 -79 36 -23 80 56 72 46 23 60 88 92 -27 -61 -35
62 1 88 -18 54 -26 -99 -7 -90 99 -33 -13 97 -49 65 -11 -44 -85 -30 -63 -35 -13 -55 97 98 -52 40 43 62 21 6 18 -59 -38 -88 -87 71 -76 83 -90 29 -32 -53 82 9 6 -99 -31 30 -47 89 -15 48 5 -23 -31 2 50 49 11 -21 -50 75 67 -39 19 3 84 29 -3 -51 23 -72 -17 -44 0 43 69 -49 79 16 -13 3 22 -35 5 -93 19 -79 -62 50 65 -62 -74 8 76 -15 65 -24 -53
-83 24 51 -24 -58 -76 31 38 40 38 -69 1 70 12 -45 94 57 13 -78 -62 -81 -68 -5 70 -5 98 -42 -49 36 43 34 13 92 32 -54 62 85 -59 57 76 -76 -21 55 94 -28 -99 50 58 82 -44 -60 79 -56 -47 2 82 21 -46 86 -17 51 99 -50 -42 63 -85 89 62 -1 24 62 -38 37 44 -60 78 -75 33 -71 77 -52 -43 -47 -32 -31 18 -7 15 -14 -77 15 95 69 -30 -92 -99 84 -45 8 32
-7 -9 -75 16 98 -74 -51 -78 -2 83 92 35 -90 -95 77 26 21 -7 -22 52 93 -28 10 2 -34 56 -42 -44 96 73 34 -86 -35 -75 47 69 -89 31 44 -26 38 20 -94 -86 -31 13 -84 86 -47 83 -73 -58 -84 -49 37 -83 -32 98 96 62 97 27 -97 -45 8 9 12 -4 13 -91 76 -54 66 43 80 81 12 -30 95 -32 35 -39 -100 57 -75 -29 64 16 -89 -33 59 9 77 99 -63 -73 -51 -8 -32 -74
-7 81 -64 -29 90 -99 -32 95 78 -90 -87 77 -57 47 -51 -42 -76 14 -84 -95 -42 85 54 -85 98 82 52 99 -68 95 26 -36 -30 -66 66 61 22 -77 31 -53 -49 -94 16 40 3 72 21 68 24 -90 35 -60 -9 -99 -14 -87 -11 95 -79 -7 95 -66 -97 -80 41 22 -37 84 38 -34 28 63 86 86 97 -99 -42 82 -60 -70 -14 -24 25 -50 97 7 -57 71 -90 87 -6 -70 88 64 -87 -6 7 -34 -43 -40
-24 17 43 -9 18 20 55 -82 -1 -66 24 11 55 -30 -31 -40 76 -5 94 -49 49 -6 99 -64 38 12 -87 -28 18 75 -74 39 6 87 26 -33 -80 13 68 71 68 -46 61 -86 -10 -9 61 -58 19 52 -31 -67 13 -35 -49 26 62 24 -25 -81 51 13 66 -99 98 -75 87 -71 42 34 14 -55 -76 20 45 -3 -87 64 95 60 28 26 58 -86 -50 12 2 -9 64 -88 -66 -4 54 37 -76 -78 78 20 93 99
-92 21 -38 41 -27 -77 94 -23 47 -80 -46 -13 67 -37 28 86 -99 -59 71 -30 76 -67 -12 -16 -88 -75 57 16 91 96 99 12 -44 -5 -10 90 81 91 -23 77 -48 11 -14 -17 -46 58 -54 20 -72 92 -97 -64 47 10 19 99 26 -64 -11 51 -51 84 -97 69 19 22 -23 72 99 60 37 -58 -11 9 -78 36 -53 47 3 -17 26 28 -57 -70 9 62 -67 50 36 69 38 47 -38 40 94 -47 63 78 -95 -55
14 5 -1 -71 79 -63 -19 56 -10 -36 -97 87 6 1 77 22 12 -87 16 45 -25 -87 -87 -7 40 10 43 67 -79 -56 27 -14 98 2 -4 11 -64 2 -68 -65 -53 -44 65 -54 35 -61 8 -37 83 -22 75 76 95 20 69 15 45 -100 -93 -23 -13 -44 39 73 65 59 61 -83 60 19 75 -78 -5 -100 15 20 7 -40 -48 -83 8 -13 -69 26 28 -92 86 77 77 70 -60 18 -98 40 25 -69 1 12 -54 34
30 -5 -50 -50 61 -30 -2 50 67 -77 8 11 -98 74 49 -98 -69 70 42 96 19 47 54 -2 26 38 22 -17 -19 -63 -4 4 70 9 -59 -89 87 39 -78 60 37 -59 95 -12 -52 -71 85 -99 -22 6 85 14 42 2 -68 35 31 68 -40 1 -95 0 80 86 -22 -15 -23 87 76 49 7 43 20 -30 -3 45 51 -31 60 -54 43 26 -34 -70 -6 -5 -87 34 61 84 -63 -64 27 41 -36 -81 68 28 -56 59
-17 31 57 -7 -56 88 68 41 13 -44 54 -76 16 -46 -62 77 71 -54 -86 -1 -26 -53 -97 -83 91 93 -75 -89 -28 94 -11 13 92 79 -29 -78 55 22 -19 -1 49 -57 -82 62 -38 -19 40 -41 78 97 10 59 2 23 64 -93 12 15 31 62 51 58 -39 -22 -16 35 29 65 -36 -82 30 44 79 88 82 30 92 -1 88 17 28 -14 89 35 42 8 -11 60 -33 18 83 -27 43 -16 -5 17 -20 -43 76 -88
-22 -83 18 28 9 -57 56 -73 41 57 -14 -59 46 3 -60 62 -56 23 -63 -25 -29 81 -71 -61 53 -84 67 -48 -32 70 -50 77 -36 6 4 -26 7 -8 -57 -82 83 -91 -72 12 -67 74 -2 24 -85 -16 9 12 -53 46 68 -25 27 40 97 90 -83 5 -69 -66 -99 64 88 -50 -91 -88 -64 8 -47 -57 77 14 -40 26 23 36 -85 -43 -15 17 70 -69 61 -12 -10 -14 26 83 57 -47 57 -5 6 -89 1 19
-93 -87 60 -74 66 27 -53 -44 -100 -52 69 -81 -82 93 16 -48 -3 -60 -61 -53 13 38 -75 7 6 40 15 40 -92 -36 13 74 12 55 -31 55 1 89 0 -84 88 -71 -17 -56 -53 0 20 -32 71 -95 66 -83 -50 -43 -100 -12 -53 43 56 12 1 80 36 -13 42 41 -30 47 49 14 -95 43 -37 -30 10 -4 79 -89 -37 -30 -48 79 87 -29 -28 -52 -67 20 31 -63 -32 11 -42 -23 -59 56 66 -41 75 75
43 -41 -44 79 -40 42 -100 -45 45 14 32 -88 -12 -8 -39 -44 95 -9 92 11 34 -63 27 -8 -11 74 2 -27 21 50 -35 -100 -74 99 -45 39 -85 -82 48 16 -95 58 -10 -4 -83 93 -38 -89 -64 -11 -60 -32 -57 -95 -87 -19 -66 17 -42 -23 -78 -10 -24 22 -90 86 -23 74 -57 -93 54 38 45 -75 48 -76 47 82 -100 -32 15 82 -55 82 -72 -3 99 29 -80 -1 -26 98 -93 10 -92 79 22 -21 86 -2
63 89 81 -61 63 -38 45 -21 20 -18 76 -73 -8 71 -87 -76 -1 -62 -74 -28 8 -66 18 -51 25 41 -15 -6 61 5 27 -10 -76 53 -96 -22 -91 -45 -23 -81 -17 97 11 -36 -61 -59 -2 -18 78 74 53 80 -54 -4 -55 55 -16 69 -79 67 -9 -18 93 -33 -63 57 69 75 -99 -47 55 -20 -52 67 -26 54 68 -36 -39 45 -9 -92 20 28 -92 -44 -83 -8 -81 30 37 60 -69 72 13 -30 12 24 79 89
-54 -1 61 -99 43 74 -33 -100 -43 92 37 64 -9 62 10 -25 -13 -90 53 -90 37 84 31 -4 17 -41 -96 -10 -36 40 -34 -38 13 84 97 -75 -32 2 38 -2 -86 14 71 23 35 74 -19 70 -67 12 -16 33 -19 -17 -68 89 -36 92 -79 52 -52 -48 9 -27 24 -78 23 34 -68 -34 -26 -79 6 77 -61 -46 -70 49 71 1 -70 30 44 43 -84 -31 -80 -53 -52 -13 -46 60 -2 -23 -80 -86 -24 -6 -77 67
-85 -89 -32 15 17 54 -35 -19 15 -25 -93 4 75 -91 97 -59 -100 -23 30 36 25 -31 56 -15 -67 -59 -1 43 31 -57 -38 -26 90 34 -58 26 -90 14 -56 83 -82 53 -60 -4 37 -93 -32 59 -14 -78 82 14 62 -84 90 55 67 -47 19 -35 32 72 36 -7 -87 -35 77 47 45 -100 25 19 38 -26 83 -65 -54 64 -64 61 -75 -97 93 -24 72 20 95 -48 3 -43 -84 -53 -8 65 41 23 -8 60 24 -62
27 62 -67 11 53 -92 45 49 1 80 54 64 -61 57 31 -46 -42 67 -46 -83 15 12 -84 -48 -12 -27 -84 60 -17 -45 -33 4 -73 -95 -54 74 -31 50 11 -6 19 -1 65 92 34 -99 82 -11 -84 69 -14 41 82 -92 -42 -39 -28 69 62 57 46 -33 -72 -7 7 46 60 -38 48 67 -26 -34 96 79 -98 -35 19 -100 87 50 98 -86 67 30 -61 -68 -77 -89 24 -6 -99 31 -24 -92 -95 73 -82 49 29 52
58 -2 -86 -92 54 32 -95 82 55 -97 97 18 -59 -50 -96 1 -16 -78 -93 -34 -92 61 -14 -2 -78 56 -69 -25 -45 -98 30 -60 59 -40 67 -98 -49 7 -50 27 -2 13 50 -10 -21 -91 -59 -48 -66 -32 -83 22 51 10 59 34 -21 -49 -90 86 -33 79 -38 -36 74 -16 96 95 4 68 98 -48 82 34 63 99 39 -72 -90 5 -73 20 25 31 40 80 7 16 -23 -93 -42 89 -67 21 8 76 25 -46 -87 84
-17 -84 26 -65 82 -29 -62 29 88 -70 -65 -53 -45 -100 26 34 51 99 -29 42 -44 71 -39 12 -89 36 -77 -21 47 -97 98 29 95 -89 4 58 31 -44 -60 36 -55 3 59 -49 -47 92 -35 35 58 29 -82 -49 98 -14 82 -92 -63 -65 40 -99 -9 -83 -24 -54 83 -35 70 42 -20 -83 31 -79 49 54 -53 -37 -95 33 4 -61 13 71 42 -45 -1 -74 -16 -49 -71 -37 -75 -92 60 -3 -90 -54 38 -29 3 37
-89 52 14 85 -13 24 41 -44 67 -41 -32 68 -23 31 -32 -50 58 -29 34 43 -91 -44 -91 -95 42 52 -97 25 -12 -84 46 -54 -69 -77 87 27 89 3 -39 6 -82 62 -48 82 -72 -25 3 25 -82 -95 -64 -16 31 -80 87 58 8 -55 9 94 -11 -76 26 76 -32 5 46 18 -42 18 99 -5 42 -34 67 38 -89 68 -97 4 25 48 -49 -71 -23 -76 33 66 60 -60 49 26 -58 -33 -46 71 62 -61 -10 -20
92 -81 -48 17 74 71 -95 27 62 90 -34 -37 11 96 -29 -69 10 -36 -80 40 -22 -69 43 -22 78 39 58 30 37 -64 58 -63 87 79 -64 84 -21 -98 -12 20 -15 -24 -87 5 86 -9 -15 -18 -76 86 -4 55 -87 -97 68 98 61 80 15 -3 21 -98 93 -13 99 19 -23 31 63 99 95 98 30 -38 -5 4 28 65 -11 -93 65 -70 20 75 24 89 -88 -21 55 -7 -90 79 -55 5 49 91 -18 36 81 -29
-53 37 42 -48 97 85 -52 79 -59 8 50 33 95 82 -88 -45 -16 -33 -13 12 89 66 8 -61 82 76 1 69 -80 -96 55 33 34 3 37 71 -13 -92 -68 -21 68 -2 39 94 92 -55 -97 23 90 42 -51 -77 41 -92 43 -65 48 -25 29 -37 -73 51 33 8 45 -70 42 -34 -13 26 -44 77 27 -100 92 -89 7 77 -84 -6 75 29 83 25 -93 66 -80 -84 38 66 90 -23 -17 60 -44 -80 75 -44 79 45
58 19 -93 -21 -38 -56 22 -8 53 76 -52 -53 7 -92 -66 45 93 88 -72 -33 -83 -60 -71 90 16 -90 69 -58 26 -37 96 -68 3 14 -17 72 22 90 4 -54 -56 37 88 -12 51 10 51 14 -19 -84 -58 -82 31 5 -43 -98 -69 65 59 43 -43 13 -2 -26 -10 81 98 6 -43 18 -2 -64 12 -61 50 -58 36 -35 -95 -63 53 -2 -38 27 -27 -82 28 12 66 -10 46 -21 92 66 46 -96 -69 96 -31 51
-99 71 6 -77 38 -31 38 27 -28 8 67 -100 -26 -4 -11 9 -68 16 81 86 72 8 48 59 -74 -9 89 70 66 -15 13 -71 -98 -62 -58 -46 71 51 31 14 86 -34 18 8 5 -29 -36 -29 28 32 43 99 -76 -13 50 10 16 -76 -50 73 -60 -2 -70 60 10 44 3 -4 -50 40 -61 -97 -80 3 -60 16 -22 54 6 -96 -70 25 67 29 96 -46 39 78 -2 6 36 -35 -50 -64 -33 -2 -5 64 16 19
-18 -61 50 -59 -21 -41 -30 -58 49 5 -28 81 -19 -48 -8 -2 99 -22 -77 -11 39 12 9 -70 1 60 -29 92 -40 52 16 -56 -79 -81 99 48 94 33 19 2 -58 96 75 -100 -79 44 75 -75 -74 -18 -42 -36 11 -94 88 91 -14 21 30 -14 54 -57 -95 -94 94 -8 -11 36 38 -94 75 46 41 -1 -95 98 -75 42 -99 68 -25 92 -61 -97 -58 -61 57 -71 85 -68 89 -33 -60 -42 12 58 -54 18 -4 18
-49 -7 -11 -97 52 -1 -99 -87 -82 72 -53 27 -34 -22 -82 -67 -21 -89 25 38 39 -25 -76 -91 78 38 -53 83 -69 67 92 88 -84 -70 -70 62 16 22 16 -41 47 38 -68 -25 62 -39 73 4 -20 -52 -34 -90 -75 32 -79 95 2 -18 -14 74 70 -61 -6 -29 -20 50 -19 -91 17 74 95 31 42 -83 5 96 15 -3 -69 -3 96 80 -25 -25 79 49 0 0 -74 -24 -99 94 -73 -58 -97 51 97 -66 68 25
-43 -22 50 1 10 -13 -79 3 -83 -98 -48 51 74 66 -15 -62 68 -95 -36 -6 -67 -35 -90 -38 92 -72 -88 72 78 -54 -13 76 -88 -96 7 -64 9 -1 -75 39 -42 78 44 12 -52 -73 -45 63 -32 -26 -3 7 88 92 16 18 -58 48 16 10 5 25 -17 -82 -13 83 17 3 -22 94 -63 91 -7 72 79 -11 94 81 41 -94 -96 -85 -23 -17 -20 88 -76 58 -30 -11 -4 -85 -96 -99 -60 -17 4 -91 -60 61
1 -73 -80 92 -20 -44 96 55 -23 52 66 24 36 49 13 24 33 -86 -29 -72 7 6 67 -94 16 -77 -51 2 17 -34 -92 -26 -39 -9 -21 13 16 72 25 -77 92 -86 -26 -37 -42 -36 -65 96 82 10 -80 18 -20 -90 -53 61 -16 72 -8 83 53 -45 97 -73 -26 27 68 43 -71 -16 22 53 13 -74 -58 56 -47 -66 55 74 61 19 57 64 27 44 -99 -98 36 -96 0 77 9 98 42 -25 -96 -20 -58 -89
-77 53 79 13 -48 -36 -50 -47 -55 -82 -10 -54 -90 78 66 -80 41 -66 -61 -94 -27 62 28 -9 -20 -83 52 59 51 68 37 12 -13 73 -90 -57 -60 -100 -38 -51 -21 -59 -70 -33 -5 -85 61 -4 -34 59 14 -96 -22 45 57 -82 -88 -24 -23 -40 80 38 -92 -56 -87 -35 -92 -64 -16 27 58 -82 -58 43 61 -43 -13 29 -68 -29 -3 97 -91 35 -76 54 28 67 -54 22 9 -70 11 -51 -97 19 -87 -48 55 -28
19 27 37 -55 41 94 32 40 -73 50 -21 49 77 -7 -97 -35 -45 53 -59 73 46 -65 40 16 -59 -51 43 93 -87 -52 -86 40 -26 82 -44 -63 -30 -90 60 28 99 50 -17 -18 92 -19 21 -42 -44 -90 33 -40 29 96 -10 -9 75 33 95 -41 -7 46 -40 -10 0 -68 -98 -86 20 3 -1 -63 -26 89 -16 -88 -21 75 -83 16 93 -100 73 -56 -17 57 63 -50 94 -89 96 52 -13 -27 2 -39 72 -64 -96 60
-82 -8 -51 -4 -91 73 33 29 -47 77 0 -21 35 -6 9 -21 -4 97 -6 78 -45 50 23 -44 -52 28 18 88 13 -79 -21 10 11 -67 -41 -61 -14 98 93 -33 -24 -64 -86 -55 -6 71 -94 -59 63 -50 13 68 -97 40 13 -3 -99 11 -8 0 -64 -25 65 -48 -37 -45 -29 40 4 7 56 8 -52 -24 90 -19 -68 88 -4 -43 12 93 26 -24 23 89 -100 7 -8 67 -30 56 -70 -1 -86 -87 32 -81 43 69
-91 35 -85 -13 -9 98 69 42 -33 70 -94 25 72 -10 80 -9 -62 62 42 -33 -22 81 -17 -11 -88 37 28 -76 -38 7 12 -71 34 37 -56 27 19 -20 71 -52 -50 -75 -84 -95 59 66 -23 62 -53 58 -77 -57 37 95 4 96 -66 -90 78 79 -89 -45 -2 -54 0 -81 -65 88 27 56 33 59 94 64 18 39 81 -88 80 31 53 -26 31 82 54 -12 -16 93 -24 -64 -61 -85 84 -74 -49 -60 75 82 31 -16
82 46 87 -90 -65 -74 55 -92 70 87 9 -66 54 -40 -46 70 -81 -83 13 -54 31 -53 -28 65 26 -93 97 -17 67 43 26 97 -93 -47 -98 9 -74 12 59 -1 -33 76 -17 -64 -4 18 -59 -63 82 -55 48 56 30 -78 47 -18 -25 29 24 -11 60 12 88 -81 19 -58 -67 0 -75 -96 57 -26 -91 -81 -52 91 60 18 31 50 -43 -14 34 24 -78 -69 -14 -62 -23 -51 95 -32 -7 85 -30 54 52 -22 -2 3
4 -43 -95 15 -43 60 -76 -82 -6 52 -47 94 -76 13 -72 -54 24 99 -3 74 94 -36 -29 68 40 -21 -43 10 -61 26 -19 -44 -87 -37 -78 76 -74 47 87 58 -64 -26 -89 49 49 78 84 -36 88 78 87 7 3 48 77 -76 -3 33 -95 -72 -58 -35 -86 -51 -4 -57 -80 11 -55 94 35 -26 60 28 -53 52 -39 5 70 -21 75 92 -95 -10 82 64 59 -37 57 28 13 -58 -92 51 -59 -89 15 6 90 89
78 -76 57 -76 10 24 -10 84 36 -85 -61 5 88 -86 -8 -3 -97 48 10 -11 -9 77 -53 -73 -88 63 -90 -36 13 47 -99 36 -21 -51 71 76 63 8 -40 67 -69 70 -72 -82 -33 -75 21 6 78 -3 7 -71 -51 -34 -72 -33 78 30 -82 96 -84 71 0 88 23 18 91 -62 85 -90 -25 -54 -95 46 -60 -87 51 25 -36 69 18 -90 -15 -18 -20 -5 45 50 -88 36 73 -97 -99 -89 -42 35 37 -12 -67 -87
-23 31 25 59 6 64 93 -11 69 31 37 59 -50 -62 8 77 -44 44 -27 92 -94 6 91 85 -80 26 -64 -91 62 -27 17 87 90 97 61 -74 -47 22 -10 -78 -45 -68 -24 25 -27 -98 -2 51 -63 -11 -93 37 -73 -38 78 -17 84 -1 72 -58 6 41 -89 98 -94 -23 85 39 72 98 12 64 97 69 21 78 -81 97 63 12 25 -56 -41 97 -57 -35 -17 14 62 -49 86 13 -18 4 -5 -20 -9 71 -38 12
-47 99 51 -72 -29 70 24 -26 72 -5 77 -51 -43 -46 10 -48 -44 27 39 53 -64 37 -57 96 7 65 -37 17 -55 0 -69 -91 -89 50 -1 57 -76 -27 59 -78 79 28 67 -8 -54 1 73 -64 90 -55 -55 -92 -73 91 70 -91 30 7 24 -60 -53 94 -81 95 57 -60 -52 33 3 -69 -21 -1 -77 4 84 -30 64 -70 61 45 -46 30 15 38 -7 -36 -83 75 -59 -73 -79 -87 98 -16 -44 -11 -82 -56 39 -23
-77 98 -59 -92 -64 -74 -41 -84 -64 43 42 30 -18 54 5 41 -43 -57 -91 73 98 22 -11 40 -72 -40 36 99 -81 -48 29 8 -22 27 -25 -20 16 12 -20 -85 -1 -25 -14 96 -56 82 25 67 82 -83 4 96 -15 62 34 70 -79 -73 -39 3 -14 -12 -87 20 -21 61 55 4 82 70 -3 -75 -85 -2 33 83 -23 -52 -11 69 -55 27 -58 -58 24 -47 24 9 52 -97 -26 -80 -24 -53 55 39 -3 3 6 -11
-94 -52 48 6 8 1 -100 -47 60 -95 -52 74 -45 -78 -77 -34 14 -35 58 23 -61 -53 -99 -31 0 -44 15 -37 15 39 97 24 58 -14 -36 54 21 4 -29 60 83 9 -40 86 -16 -30 29 87 61 -76 69 -9 -31 21 71 55 87 49 -43 50 -70 65 -33 62 -22 52 -19 -4 2 -91 92 -52 -42 98 -15 17 -20 82 -92 73 5 -81 45 -26 5 63 98 72 62 81 -68 -88 -32 55 -39 -19 -52 67 42 32
-36 -63 -43 46 -70 -69 -41 86 92 44 33 -38 31 43 -92 -30 -33 -42 83 -39 -22 31 8 -10 3 89 84 -94 14 82 -29 21 89 -61 20 -34 27 85 -10 17 48 -40 98 20 -27 -88 -9 96 -73 -77 71 -37 88 17 -15 91 -99 -74 51 43 42 -63 -60 -13 30 30 14 -26 -66 -69 64 -53 2 80 17 -80 39 53 -47 38 31 -26 35 94 48 -22 76 54 -17 52 34 0 -91 48 27 76 62 -20 15 -42
-92 23 32 26 21 77 74 19 -82 12 8 8 -5 74 -97 -7 -64 32 86 -58 43 40 93 29 53 -30 92 45 2 78 -12 -59 -93 11 -49 -7 -33 -50 81 53 13 83 24 90 7 90 1 -16 -2 36 -94 40 94 99 -95 -76 -13 -89 81 77 88 86 -72 33 13 -31 21 51 90 54 29 76 -37 -30 -100 -34 52 -97 -19 55 -30 98 93 86 -75 37 -12 -90 -5 -28 78 88 35 54 -91 -94 9 74 67 -41
-45 41 -99 -30 -99 6 81 -23 -53 19 29 46 67 75 -79 -45 -39 -80 -74 -81 -10 20 66 -91 -35 -65 -76 21 24 1 9 -48 -87 6 -57 57 -34 54 24 -16 77 -59 -10 -54 86 -50 -42 -76 67 88 26 -86 -91 -79 44 60 -16 81 92 34 -81 -89 -36 43 98 -4 76 65 89 17 -33 -3 -80 -28 1 34 95 33 88 -65 -15 -82 -53 -69 95 50 -29 -33 59 -97 -54 -54 -46 -23 93 -43 84 11 57 -82
6 -92 50 64 -90 -91 -31 44 79 -6 39 -30 -44 -85 -62 -61 99 39 -16 27 -62 10 35 65 -30 -95 18 20 -29 -59 -57 -30 65 -84 -64 75 92 -58 10 -36 19 -11 -25 24 14 -80 -74 75 69 -3 88 -25 99 89 -32 82 -98 -62 -100 -86 6 89 21 -62 82 -37 44 74 -38 7 80 34 81 64 -8 -18 76 -98 85 -49 -87 -94 -4 -71 0 -45 9 -52 -76 -18 45 -69 54 49 -83 -11 -51 -18 24 87
93 39 1 69 -17 -100 18 16 -55 81 -2 -60 -41 13 76 -24 15 -19 63 -11 -90 94 -54 -77 43 35 -91 8 71 -24 -4 38 80 44 -69 41 24 -99 -33 93 18 -46 18 9 21 -50 39 20 4 53 -2 -44 -39 -97 81 58 -38 -12 -84 -92 -69 -31 -41 -91 21 13 -57 -45 -3 -52 6 -42 -62 81 31 -1 -41 75 -10 -35 49 10 -6 -50 73 -10 -16 -24 -65 36 -97 -12 1 29 -72 41 -28 74 26 -33
-11 19 -66 92 -24 90 -81 56 43 -38 -37 -28 -36 -43 -59 8 82 -55 57 8 95 -50 -49 20 -64 68 79 -36 -19 49 49 -94 -40 42 55 95 61 -3 63 87 61 -7 -24 86 -4 53 8 -11 -12 87 -48 -8 35 -26 -46 61 -65 -37 -31 41 -66 19 7 -92 -33 89 -35 -71 98 -81 68 -35 -82 21 -40 72 -84 -81 84 39 12 0 -6 41 -20 27 79 54 -69 57 -36 -67 -69 14 -43 -43 -68 16 13 58
58 1 94 98 -65 73 77 99 -26 74 19 -21 0 -54 -81 -37 -98 66 96 89 -61 56 83 -46 -92 37 -91 -6 98 -30 96 21 -71 57 94 82 -97 58 -46 7 84 68 -35 -17 -85 -41 0 -92 73 -95 65 -23 71 -7 -23 -21 22 -50 38 -38 99 19 -20 -38 98 57 25 28 42 -52 0 37 -59 -50 -50 -11 -53 -79 75 -11 -56 -1 -59 30 48 8 40 55 -59 1 -88 55 17 -71 -27 -91 47 87 -75 -6
-64 -94 57 -48 6 -22 71 -41 63 -98 -85 5 85 37 -62 24 21 47 -63 -86 -76 -62 -76 -71 89 -24 -67 54 -28 22 -22 -14 8 45 -94 -87 -68 -77 47 59 24 3 -51 -31 52 -25 -57 68 59 72 -66 73 -67 -39 -6 91 -25 9 -84 -37 -63 86 28 7 63 10 -16 99 9 -72 -35 -24 -65 29 29 55 -40 39 38 8 -71 98 21 34 29 90 27 92 11 8 -56 51 -19 55 15 -9 -88 38 37 -11
-92 21 -94 23 -77 53 -72 59 84 -42 59 96 -41 -22 70 -7 -13 -54 -82 98 -13 -47 39 28 89 -85 -25 -86 0 98 89 30 89 74 83 -89 -20 -82 44 3 -95 -78 91 -46 -33 -71 67 55 -14 -98 -93 40 44 82 -77 -20 -11 70 -4 -88 19 12 -26 -28 48 15 -34 23 -40 -41 84 -25 45 -46 94 -9 -61 77 27 -29 92 -52 -45 -97 -64 22 75 48 45 74 51 83 74 15 24 -87 62 63 -44 50
95 -61 -61 49 -34 -64 -6 -6 68 66 -26 -8 -43 35 -29 89 6 -13 23 -80 48 64 98 25 51 -60 83 0 78 -33 96 32 -14 21 -6 85 43 -40 -80 94 -56 34 -8 20 49 -100 81 -3 -60 10 61 -24 70 53 61 21 95 0 -7 66 -76 17 -86 18 11 -67 -59 53 81 30 -51 -63 -60 -84 -74 -39 -16 -14 -58 -5 92 -43 9 12 81 -90 -62 59 -35 -33 36 -75 48 -94 68 -58 0 51 96 92
5 25 -16 15 69 4 -22 -24 -81 -26 -50 -58 -85 65 -70 -5 -6 -83 -61 63 -40 -86 44 21 16 -50 -89 58 -58 31 -85 70 97 -53 42 -6 -39 -56 -39 50 43 -87 35 -47 -85 -5 -21 72 28 -16 -95 37 -13 -76 -91 35 -25 3 37 -23 -39 79 99 9 -48 57 50 -58 76 -73 2 12 -96 -22 49 8 -46 81 61 -3 -16 -38 19 -95 -2 67 58 -9 55 0 -41 43 -29 57 87 -27 76 48 65 -98
-61 84 96 22 46 -59 46 40 31 -55 -37 76 -7 -53 -51 42 91 10 50 -84 -9 -52 -45 -65 69 -18 -40 -47 -61 -53 -25 62 91 98 96 71 14 -14 42 -26 18 -46 -75 2 68 -46 8 5 25 93 55 -36 10 -35 -37 -48 93 33 -73 -62 56 -64 40 2 -49 -57 87 41 13 -95 -20 15 16 9 42 -16 6 20 42 -75 -87 11 -45 -54 -80 -7 7 -60 -67 73 16 7 9 82 -50 -70 80 52 -6 -24
44 -63 71 -88 -7 28 -55 81 -23 -68 56 34 -20 -74 34 -42 -45 57 68 -47 -81 43 -17 62 95 26 -28 6 -85 58 -17 63 21 37 96 4 37 -14 33 53 12 -18 38 14 46 -82 -69 35 5 -60 7 73 -12 -52 -63 -72 -74 -27 67 -41 -57 -63 -21 87 39 -86 -20 -55 3 -83 92 87 46 9 5 -36 -39 66 53 -62 95 -31 17 3 -25 -91 -59 -96 35 -48 -26 -62 73 -26 92 -28 -57 85 -78 39
95 -51 -40 25 57 37 55 -70 20 -9 99 16 -55 -75 11 -78 -42 33 -76 77 -95 26 -72 -11 -53 -20 78 -36 -2 -54 -34 13 -41 81 -93 -32 42 86 20 -32 48 -65 -67 74 80 60 74 2 -23 76 -96 8 -78 42 -47 86 42 -8 83 71 -53 -46 -90 -53 -72 -58 35 38 89 85 67 -19 -86 46 42 -88 -68 38 67 -30 25 -63 -59 -33 13 6 -49 -48 37 17 18 15 -6 -25 9 87 86 75 13 -21
-82 -48 16 54 -62 77 83 22 -77 -83 7 10 -100 -96 -36 78 22 98 -17 -6 25 -98 53 -37 20 -16 -62 -19 46 59 85 -19 24 -72 -25 84 -95 -89 -24 -25 95 8 57 -30 17 -11 -47 -42 21 33 -58 -15 1 -2 -25 43 -78 72 -23 74 -27 -63 -27 2 -67 12 42 63 41 36 -5 82 82 73 49 96 97 28 99 73 92 -30 -97 99 0 -15 -25 -59 -81 -54 28 -46 -28 72 -38 48 -29 -5 63 -96
38 -12 -9 69 91 76 -49 27 70 -84 -78 5 -74 77 -1 34 -27 88 -11 34 7 71 27 -98 15 90 -92 -32 -36 97 -48 54 61 -93 45 -18 -15 -100 37 90 -31 -21 -50 7 -61 78 -12 -37 -98 -6 -82 -28 -19 -37 47 -19 93 8 27 -88 -5 -23 79 87 76 74 21 69 10 -72 68 11 87 46 -47 17 12 95 -90 63 72 29 -6 -23 -57 51 47 -84 76 -66 -92 -25 -26 80 21 68 10 -20 98 -79
48 12 76 -30 -99 1 -41 -70 -13 63 4 66 39 65 30 17 56 78 22 55 3 61 92 81 54 61 -76 3 -41 -63 14 70 -30 -99 -88 -55 -63 -46 -97 75 -19 -52 -35 -11 -87 -87 -47 0 -61 -65 -91 -28 -50 17 19 -4 99 -100 -56 -19 -19 2 -48 32 73 3 -35 -7 -40 -36 36 -100 2 -97 -38 -42 -46 -60 -19 94 66 -74 -18 71 -73 18 71 -68 -73 -73 -8 -26 66 -23 -33 -22 91 43 9 34
61 29 4 -21 12 -42 -36 82 57 -6 -41 51 60 19 -51 86 -49 -100 -48 -61 40 81 96 2 -48 47 -29 -77 -71 -63 -87 43 47 -21 96 74 -83 -89 -31 82 -55 29 41 -26 98 41 42 47 64 63 -74 20 87 -89 47 -53 77 29 75 0 24 -6 -60 89 6 -35 77 98 -20 94 36 34 68 -61 -23 19 61 -57 -15 -7 73 -1 76 9 96 78 58 65 -85 70 -10 -60 93 98 -6 23 76 -1 -95 -89
28 -33 -88 -48 69 49 12 -87 61 87 80 -18 67 -48 -45 -97 -44 25 -30 -97 83 -62 -94 -78 -97 18 16 24 68 48 96 70 20 36 80 9 79 -100 8 -89 70 72 72 -32 -42 -98 88 2 -100 -26 -48 51 15 24 51 14 77 -32 68 -55 -58 -69 69 -30 -10 94 45 -19 88 -13 -27 40 51 37 55 57 37 -70 28 -77 95 -20 5 73 -41 -14 -81 21 -49 -65 68 -14 -87 34 -47 -66 -82 22 -30 68
43 -81 93 14 -93 34 77 -60 -55 69 -55 55 -77 33 42 -80 56 27 7 21 -77 -52 89 -66 59 23 -88 -67 -96 -57 65 -28 -5 66 79 13 61 -20 56 -98 80 -35 -84 -80 38 -37 -82 -17 75 -24 63 -58 -28 10 -40 96 46 5 89 42 36 0 -65 22 48 -85 12 2 -8 18 72 -84 55 -69 -50 56 37 46 -62 -39 63 74 64 -18 87 -77 71 -28 -38 -69 40 66 4 54 78 83 -66 -29 60 -75
0 28 -34 33 -10 47 3 -63 53 -30 -59 55 62 33 38 10 54 82 -55 -74 68 75 -53 89 9 -39 58 -25 97 -79 -67 -33 73 9 -1 34 -80 -73 -22 98 31 -70 -49 59 93 -27 -57 -2 -38 -58 4 -22 -54 -65 -15 -52 0 59 -36 84 83 -95 -32 -5 39 -24 -81 63 -79 43 81 6 -20 -22 -57 -99 12 -51 -68 -31 44 97 66 -9 -25 -53 -79 -59 24 10 11 0 46 52 36 11 -36 -72 68 92
80 54 -78 -79 -76 56 21 -48 -78 -84 -45 -50 88 7 -71 -86 37 77 -91 -51 80 -25 90 9 -72 58 -43 -39 40 -28 -32 -93 -35 -25 47 44 62 -56 -18 5 90 29 -45 95 -60 25 -86 94 90 81 -26 94 -62 -52 4 87 12 -11 -14 87 98 -79 61 83 62 -86 35 -87 20 -30 72 -46 92 6 10 58 44 2 -75 64 23 8 70 -51 42 23 -69 -32 78 -27 -33 47 1 -96 -62 58 51 74 -66 -52
62 -11 95 -10 68 39 -80 -76 -95 2 61 31 31 -80 41 -30 61 -90 -94 83 32 16 35 -94 61 -61 -11 17 -39 -23 -44 86 90 -26 34 57 7 -73 35 -95 -57 46 58 56 -17 81 -66 -100 -18 -29 31 12 -65 70 -100 89 -84 34 -38 48 83 96 -21 21 -25 73 53 -83 54 22 -76 -2 -81 -95 6 -55 16 82 32 -64 76 70 56 58 51 -71 53 -72 -86 50 38 14 -13 -92 1 78 -1 50 -37 -14
-100 -17 -21 -26 -92 61 -34 75 41 64 -72 32 -17 -41 64 -6 -51 -70 91 -57 86 14 32 41 -6 35 13 72 -16 55 91 72 -41 -50 81 44 -61 12 61 43 -35 30 76 37 -42 97 95 -88 15 82 -95 -81 22 -86 -33 22 -75 -59 58 47 -65 57 46 50 -52 -34 91 -4 -77 99 12 40 85 -34 -21 93 27 -75 97 -72 -54 57 -92 -30 68 -53 -12 -41 -53 -52 -88 -94 47 -41 25 -39 74 76 -55 -16
53 -26 22 82 -26 12 -85 2 -75 -25 -69 -76 -69 67 2 -78 63 -17 -30 -96 68 -94 -91 -69 -74 7 56 -67 68 41 71 17 23 -16 49 89 25 73 46 33 44 69 1 -28 63 64 77 33 89 33 -16 -19 77 53 -63 -16 -8 -65 -62 46 -64 37 -13 -97 -49 8 23 29 43 22 -8 68 -44 -60 63 71 59 22 -77 25 14 17 37 -100 -27 -31 -24 -99 -100 36 49 26 -65 71 -14 63 23 61 -38 47
18 -15 42 -52 -94 20 -10 67 -54 -49 -69 -15 30 66 -97 62 11 -25 24 77 -9 -67 81 -98 -1 89 -65 -29 -34 55 0 -57 -48 -73 -67 81 -75 75 -4 71 -79 -45 61 25 2 -50 -45 94 22 -68 64 -58 -29 21 30 -97 57 -45 -53 -45 77 -9 62 89 82 -93 1 12 -18 96 16 -37 38 93 -63 -76 20 19 0 -74 -93 12 71 -50 7 -97 55 -59 -96 99 -71 -72 75 34 -74 -12 -83 89 -18 -80
-19 26 51 -53 19 -34 86 -77 26 16 32 -77 33 -67 74 -95 58 75 2 32 -59 6 33 59 -53 5 -42 -88 -44 13 -88 -54 2 97 -70 31 -41 -20 -54 59 47 -26 65 -68 -64 21 65 -75 63 -74 2 10 21 -64 -21 65 12 -57 72 57 -15 -90 63 -28 -18 47 30 -43 -96 21 -99 28 -5 76 1 -52 -66 96 -83 -25 -89 84 -20 -99 -57 -54 81 34 -79 47 96 42 -9 -73 72 -60 -66 -87 47 29
-56 31 67 72 14 -25 -9 18 65 32 90 -9 -74 98 -36 87 -81 -24 68 87 8 15 8 21 74 8 83 -92 86 -4 12 -93 15 -92 -89 -93 -34 -3 -26 61 69 60 77 -51 -67 60 -95 -45 0 31 -37 -86 96 -60 -45 30 -74 70 -31 29 -16 -59 43 -96 95 -51 92 76 -92 56 93 29 -29 81 30 -50 45 -16 -19 60 25 -25 -77 95 -64 4 -17 11 25 -16 25 92 56 41 -74 69 -98 -26 5 91
42 -39 92 -96 18 45 -81 -40 54 92 53 -26 -11 0 -53 50 -47 98 -83 -18 35 -30 -43 -28 -19 54 -88 66 34 -26 67 81 57 85 -55 -49 20 50 -34 17 47 -62 -92 4 35 93 -79 -4 63 48 -80 -16 -72 23 -58 -26 -36 -60 -7 -42 -17 -56 -37 -25 -50 -98 -76 57 -44 84 76 71 45 -29 -90 68 -12 -56 15 83 -43 -46 51 50 76 -88 4 -64 -13 24 -24 34 3 25 32 -22 -74 -93 -23 -67
-77 -74 -43 82 59 56 -96 18 -59 -67 43 20 -13 -54 -74 -79 14 -23 -3 -98 32 -67 -32 71 -54 -100 -59 80 31 -60 55 28 -50 51 81 -70 -6 -64 -22 12 -68 -24 -100 -4 -35 37 -30 44 11 -73 24 -26 71 -38 59 -38 81 70 14 -15 46 99 69 -78 89 -7 -92 -95 -59 -64 -26 -60 45 -30 85 72 94 80 77 -75 -54 96 46 7 1 -6 -17 -61 91 -53 79 -82 21 91 52 -43 -84 21 -10 43
14 35 -78 -33 -32 -5 66 -64 71 -3 87 -15 77 23 -42 -93 63 59 89 93 -97 73 57 37 -24 6 -85 -75 8 -36 84 -52 -59 45 -25 20 87 -77 95 -99 69 -33 -98 -88 97 45 34 -57 10 83 68 -38 -25 24 43 -17 -11 99 -66 94 80 -14 61 -29 34 50 9 27 -72 -56 85 -44 15 52 -63 72 -52 -90 -48 -8 -56 -29 86 70 3 68 -16 89 90 37 -55 -36 55 -30 60 -29 70 -13 20 81
-48 -35 -22 55 -52 -59 -2 -56 -68 5 12 59 -6 67 3 -74 26 94 51 -9 77 72 -67 -56 -42 96 -90 -67 93 35 35 61 -78 71 -84 -24 -84 30 54 58 -48 -88 -16 16 -40 97 -61 21 76 38 18 18 -83 45 19 34 -32 52 1 -2 -35 50 -63 94 2 71 -58 27 -26 65 55 22 12 -98 22 62 -63 94 -96 -25 -3 -68 75 42 40 78 9 -8 -18 -6 12 -20 40 69 -29 44 -30 29 -25 -87
-73 58 8 95 -71 -9 -82 74 12 -7 -76 -7 -47 -4 2 97 -42 -28 37 -7 16 25 -68 83 96 90 -76 -62 99 -90 7 -85 32 -82 -1 -68 -13 10 -41 -40 -7 22 84 -6 -62 -55 88 -48 36 -56 -17 -63 58 -10 13 89 1 31 -69 -45 -80 -50 94 -81 -57 6 55 -3 17 -50 76 92 -37 28 65 12 84 -54 5 -16 60 -43 9 -5 -80 -52 -80 51 -22 12 99 -4 -79 -63 -53 85 93 -75 56 -25
38 91 -87 76 -58 -64 -94 -36 89 -71 54 15 12 14 -6 37 -88 75 14 -87 -34 10 -20 -38 -41 -57 -42 50 -89 80 -22 -85 57 -78 7 59 87 -37 -52 -63 -41 -83 -90 88 -13 54 -89 17 48 77 56 -49 33 11 -63 -10 -9 89 -67 49 65 37 -59 67 -11 7 17 54 -77 78 13 -66 -16 -52 -30 22 -20 9 58 71 49 -44 -97 26 97 7 10 12 26 69 -87 6 -1 -56 34 76 -27 70 34 -23
-53 74 86 -9 -96 -65 -24 -97 -33 -18 39 44 50 -11 91 75 -34 -32 17 50 51 -2 55 56 -10 -20 -98 -75 -46 41 27 22 91 11 47 18 41 -46 -79 32 -80 -16 -27 58 -57 15 -71 -16 36 8 -63 1 -14 -50 -86 20 97 -16 43 22 48 -56 25 88 6 -1 98 -75 -85 -29 -6 55 31 -95 -54 95 28 52 86 77 33 -51 84 -27 -60 74 -79 92 74 -10 5 -51 33 -4 -66 -16 90 -83 -66 29
-1 -28 -44 -32 54 -31 -86 -85 -20 -41 -34 -51 3 -11 -38 42 -10 -20 -70 50 14 80 -2 42 84 -59 85 72 9 17 18 26 30 -33 86 11 31 -58 -66 26 12 23 -90 -29 -32 16 81 -22 0 16 -25 27 41 10 -40 -82 -1 -90 -77 89 2 82 66 26 45 -88 -33 81 -37 93 5 -20 3 -95 20 -16 69 -37 87 76 -65 59 70 1 71 -51 18 5 -84 -64 54 25 17 74 -91 13 31 -50 6 -55
62 10 56 55 34 -47 -27 50 -71 -97 71 74 12 5 25 -52 83 6 -48 -49 -86 13 -42 86 -42 36 -14 -15 64 -29 99 71 9 51 10 -80 -54 -8 -56 -42 40 -65 -49 19 51 32 32 56 26 -59 -76 -77 -9 -29 98 -77 -45 -67 -2 48 -90 97 -23 -3 -30 90 75 -98 48 -48 38 -80 -68 59 -31 -26 59 -34 -23 -92 -37 -51 -70 32 -92 66 12 -89 -67 2 -86 65 -44 -35 -52 36 91 36 -72 -100
-9 4 53 -94 -11 31 59 -60 91 92 -6 -73 10 8 80 32 64 -35 24 28 -75 -32 62 -84 28 20 -50 -36 96 -75 17 -60 54 0 21 -92 65 8 -28 28 -63 52 -3 -23 -65 -53 -55 -53 -41 -56 75 -10 30 -93 -70 26 -9 -71 26 69 -28 -87 -74 -62 60 65 74 19 -86 10 97 98 11 -13 52 91 -46 83 -55 -56 76 78 46 -53 8 50 29 -28 -89 81 -74 50 -16 -83 -39 -6 -13 83 -46 64
58 35 -18 -36 62 -54 25 56 -70 93 -29 63 72 -47 -30 84 -41 -81 94 82 -97 24 9 -97 26 75 -45 76 4 68 -51 85 -78 98 68 25 -12 86 -62 -36 -77 63 -29 66 -46 81 54 -66 -65 96 -4 -36 7 -18 -70 93 -22 11 71 31 13 53 51 10 -56 -35 28 99 47 -77 -78 -85 7 36 -5 -55 -71 52 -61 99 18 29 47 -12 -41 29 -99 4 53 30 3 -45 70 48 -19 83 16 36 -71 14
-99 55 -82 62 12 72 -32 28 -56 -71 -17 67 71 -19 83 40 -89 -95 28 -16 68 17 72 -80 84 -55 -75 -5 66 -96 -17 94 35 -22 99 82 90 53 -17 -88 -19 74 -14 -97 -60 -37 -13 -78 12 96 -32 57 -27 85 -1 -51 -99 -76 -85 -62 -93 83 -23 -70 5 -48 -65 -93 -82 54 -40 16 -96 -32 93 15 4 73 53 53 39 -69 48 81 93 86 -27 -92 23 33 48 -9 -25 55 -44 47 -33 -78 59 82
41 33 -32 94 32 -85 49 -38 -12 -46 34 59 -97 -16 -8 -93 -38 -2 -73 -48 -49 -53 -34 -7 -63 73 -69 -53 -51 37 -15 -44 -100 -58 -77 60 -23 -58 -35 76 -69 58 -40 73 94 11 -7 -85 7 -48 42 -93 86 38 16 67 -95 -96 83 -79 50 -64 -28 -64 80 -98 -75 -54 -25 15 -46 -47 -4 68 18 -46 -3 62 -31 -41 -98 87 73 11 68 -70 74 -8 -35 -81 72 11 59 83 3 35 83 -19 54 -21
39 -12 25 -47 -36 90 -17 -64 17 -34 -12 -9 -86 24 79 67 -29 75 -30 -95 -11 -33 64 78 -15 -68 62 -55 -46 53 13 13 -5 -15 80 -99 36 89 47 12 40 2 55 84 -92 -72 9 13 -41 -84 27 33 32 -51 97 -44 34 70 -72 -67 65 -52 9 37 -68 26 65 32 -47 -73 75 75 55 53 52 40 -39 -32 -66 19 -80 -98 68 53 17 70 46 -49 -64 -32 -74 -45 96 23 55 -4 -37 93 -93 70
16 66 91 -36 30 39 63 -52 -26 24 99 -73 91 53 60 -59 -29 78 89 24 -47 -27 -29 -46 -97 -53 -63 13 63 -88 -77 -45 92 93 -49 -28 91 -20 1 -9 29 63 -85 -17 63 61 -56 -22 56 -86 -88 -1 -64 47 -75 57 -4 0 52 35 41 42 -35 91 -4 -86 -46 64 77 10 -97 39 89 -56 50 -38 31 -67 -23 18 -75 -94 -64 -26 -45 60 39 90 47 -78 26 -47 97 93 -24 -91 52 6 64 83
