93 -69 4 22 57 -99 -78 47 94 40 -85 -49 24 12 55 -45 -68 -10 -72 79 11 26 -53 -94 26 55 -86 -71 -64 -75 -7 -1 -92 81 -80 16 -22 63 82 42 34 -12 -38 68 80 50 98 -73 44 -4 87 -23 82 -82 7 -49 -5 93 -1 -60 -54 43 51 45 87 -9 28 85 26 36 85 65 -20 -27 -79 46 24 8 -67 -10 18 77 74 -67 -17 -19 -37 94 -63 -85 97 14 83 -57 -82 56 -35 74 91 -75
-23 0 -85 -84 -6 -54 -56 96 -57 -83 14 -53 -9 -35 -88 -94 31 -44 15 5 34 -58 66 -70 -38 62 65 83 46 -55 -61 18 -27 87 41 85 47 66 58 26 93 -26 68 55 -87 -26 64 -55 -80 56 46 46 -19 -58 78 -30 66 -43 50 -74 -21 -57 28 29 -79 74 -84 -75 -12 13 18 30 -79 -51 73 97 -39 -45 -33 -16 -80 -94 -29 -68 95 84 91 -98 -68 -54 41 -31 -6 12 45 7 -91 9 31 -45
-8 -12 -21 -11 65 67 -98 26 -66 42 3 47 -3 83 43 16 38 -19 35 -35 -28 -66 -23 -21 28 24 83 -10 -52 22 11 72 -8 22 73 -9 44 -12 -20 92 -97 64 -87 -26 -13 79 -65 -35 40 -27 -100 -92 -70 39 -41 65 63 81 79 -13 79 -41 75 53 34 49 20 -56 36 -40 -84 85 67 -3 99 18 31 -71 67 -83 10 91 2 34 -86 -100 -53 -57 -57 -20 -65 -81 2 99 -17 -21 56 5 -63 25
-15 47 13 1 -34 48 71 48 67 74 -11 29 62 -27 -23 -12 19 36 38 69 82 -80 63 75 -75 3 -27 45 18 -99 -61 9 -72 41 48 22 24 -34 40 86 -88 -64 71 -64 90 17 91 6 -46 -17 96 -14 -31 -96 57 -29 61 23 20 -8 -31 -67 46 -61 -7 29 66 78 61 47 42 29 -36 -35 80 52 37 -35 -15 -47 -66 91 39 -32 -74 -86 -84 18 -99 9 86 90 -53 66 22 90 92 -38 45 -81
-40 -57 36 99 -32 73 -76 67 52 -50 45 -29 21 0 -63 -29 -63 -60 10 10 -7 -95 35 24 -73 -19 -99 -2 -27 -26 -68 46 -51 -1 -10 5 16 -80 -60 88 -48 -62 -40 -16 -62 -87 54 -42 40 7 55 -24 -7 81 61 -33 98 -29 -75 10 -16 82 50 10 53 -23 42 -35 60 -73 86 -18 35 -96 -3 -45 21 28 -86 25 -27 -47 91 -38 -39 -39 -54 -81 -73 39 68 -99 37 69 -74 -16 -28 19 -40 51
-75 -18 56 -60 40 62 -94 19 -90 6 -72 -72 65 67 -60 18 27 -66 5 33 -90 19 -50 66 76 56 10 -51 -67 -99 11 -36 57 39 -23 73 42 -14 35 73 -2 -54 53 -22 -8 54 -18 48 -32 63 -44 -33 -74 71 94 -86 88 78 -87 24 -46 17 47 24 60 33 -70 63 -60 25 90 -36 -91 -18 -16 85 27 15 -53 -83 45 26 31 -80 -61 69 18 12 35 -59 -20 21 71 51 -1 75 98 79 -64 -52
-6 -61 -17 19 91 -45 -88 -96 78 -98 68 -48 99 -32 70 -89 92 10 -15 -52 82 -16 -93 -68 -71 57 -61 -60 76 69 68 52 21 -89 -15 42 -30 -83 -2 87 94 22 31 1 40 -96 89 -87 32 -53 84 60 -25 -26 -71 -90 38 -11 -42 29 85 -92 35 -96 -96 -57 -55 90 -69 -84 43 -7 -19 -29 -46 62 54 -3 23 -24 -84 -21 7 -98 -67 77 26 99 8 -36 -63 75 -37 -84 -96 89 -27 -45 -33 -56
84 -59 73 -99 -80 51 85 88 88 -91 94 14 -48 -85 -26 36 -21 -47 -30 -5 59 96 12 39 -37 58 -100 -8 -89 -25 -56 90 30 16 83 83 29 -36 -84 -66 -48 -43 -24 -54 -18 -100 -45 -63 -4 -22 -78 -59 -39 -29 -42 -40 67 -93 -57 -85 40 -46 19 59 61 91 50 -86 7 3 -25 7 -4 79 -94 -4 -50 -63 16 30 -51 63 32 27 -31 -2 -16 35 -8 68 -87 -37 -2 62 -46 92 65 61 42 -5
9 87 29 79 28 97 -82 58 36 -5 -40 12 63 -21 89 0 4 50 -15 62 -61 -15 86 -97 -75 31 -89 78 61 -3 -35 -63 -34 -11 -57 -9 68 94 -53 91 -3 56 -55 -5 -16 -99 -25 -30 -61 -82 45 97 -46 -98 61 -72 -27 -54 94 -94 78 -68 75 26 -29 -56 73 33 -52 -14 67 -86 -21 -55 54 86 -14 -38 43 -54 -31 20 66 -19 51 -35 41 -54 27 -53 30 95 -57 50 48 55 -100 -24 51 -52
8 -95 50 -94 63 -63 -77 -75 -68 55 -41 -23 -52 45 -13 49 49 -18 0 -96 -26 -32 13 -74 89 -73 -8 -14 2 19 49 -20 86 9 -60 50 -56 -59 -38 -100 -39 94 22 16 66 35 -96 87 -11 -62 -34 -90 7 -26 42 -52 -52 77 -48 -46 -87 -61 -35 27 65 -53 -44 -25 23 -42 -89 88 -7 -21 3 -56 96 36 23 -65 -17 -51 -56 -4 11 27 35 -65 74 87 -36 18 -100 23 83 3 -39 31 42 6
-36 -57 -16 87 10 -56 98 -91 -4 21 -65 12 0 12 69 -29 -60 48 -15 -44 86 23 -63 15 20 -51 35 87 39 34 91 -39 1 -23 -84 -29 -92 89 -72 -41 62 -4 87 -2 13 -97 7 -82 -12 -69 78 -85 87 -13 -44 -33 56 -63 -59 -43 -27 40 38 21 -53 -77 -35 -20 -77 -47 22 -53 -51 52 -69 -30 -91 40 76 61 -18 -74 21 82 85 -24 44 93 29 11 39 -92 24 20 50 27 -30 76 66 31
96 -37 -12 10 0 -93 36 -75 -73 57 -68 -95 50 -31 20 73 56 -61 4 -63 -34 4 55 -21 -21 -81 -65 23 48 -20 80 42 -66 -65 -30 -46 -50 93 57 0 -78 -56 60 0 39 -55 -30 -80 -22 -83 -33 82 17 7 59 -63 53 86 53 95 59 90 -99 -50 40 34 -43 94 45 -62 52 77 94 -57 46 -42 -8 57 12 47 -18 -60 -57 -80 -52 -18 -8 30 -27 -57 -85 -41 32 -65 82 94 16 -27 42 -59
20 -10 -63 27 76 -99 -66 57 58 -73 -50 -53 -79 -87 -61 -8 91 98 -64 9 -61 -77 66 -83 -19 79 20 39 -84 -22 92 86 63 71 -39 -66 -21 72 -69 -18 -79 -48 -9 77 36 -88 -88 52 -89 56 -26 -99 47 -63 -32 -94 -17 -77 26 -88 16 -64 -68 56 65 49 -35 -72 87 82 -66 -25 85 53 4 19 62 53 20 -46 14 36 83 47 65 54 -83 -50 35 72 -67 10 -98 -77 -59 -91 19 1 -34 -59
-81 12 99 29 -56 -79 -53 -6 13 -75 -41 18 5 80 92 -34 -26 -100 3 -76 -38 7 17 31 -85 -9 45 -56 56 85 -2 -72 -7 -23 3 -100 -92 37 -30 -26 32 -82 -75 -99 -39 33 22 65 -80 -87 64 69 98 -49 1 -40 17 -82 25 -60 17 84 -100 23 -87 34 14 -17 -86 -65 82 70 88 77 -6 -88 -43 -41 -68 79 -87 -78 -23 -8 99 -18 -20 29 88 94 23 57 -20 -47 -77 73 -53 77 68 -68
83 -47 -50 -51 91 65 -74 -84 63 52 -21 -69 -76 -29 72 23 18 43 -70 82 -18 -66 -73 74 65 -35 58 55 -46 47 -73 88 -42 62 84 75 52 59 7 49 -11 13 -4 -22 19 74 -33 32 84 -1 -9 -37 -37 -94 -11 23 94 92 35 84 98 99 -33 42 33 -12 -55 -7 -88 64 -15 42 73 -55 50 -14 -70 18 78 45 65 91 52 -100 61 -61 58 -39 64 -68 -62 -17 -57 -24 -21 -37 -9 74 -70 -21
-61 -72 24 -27 68 72 41 -62 -27 22 25 -17 -72 -100 41 -48 -37 -53 -46 57 -45 -72 -43 -89 -4 54 66 -56 -61 41 -48 60 5 52 -75 -68 -58 -91 -13 -31 81 -89 70 -68 -55 -81 -67 53 -45 -96 33 25 -36 -16 -56 77 63 -8 15 69 97 22 94 18 -49 -53 5 -11 -3 81 -39 -34 -38 -2 17 38 2 -24 84 51 95 -45 -58 76 -52 -85 -61 -71 99 -52 13 -3 79 -57 -5 -51 -75 87 15 63
-50 74 -83 -27 -43 -83 -33 1 88 7 26 -43 66 -60 70 88 -66 28 65 -50 -46 -77 53 10 -89 -87 57 15 -61 -58 -10 -24 14 -90 46 -87 29 96 -65 -43 19 -70 -23 84 -49 -81 89 -97 -13 -59 18 47 3 -69 -23 56 2 -33 -23 24 65 89 -64 -10 50 -26 -25 9 45 97 88 -89 -59 18 -52 -4 36 -85 -34 35 37 71 -62 -78 51 -59 17 79 -61 89 33 -73 -93 34 -64 12 -44 89 -59 -31
-10 -53 -59 11 -68 90 -63 42 10 -39 6 -8 -8 -77 -32 -94 -86 -37 44 -50 -21 -14 6 46 52 -86 -95 20 27 32 24 -10 28 -95 -98 14 -66 9 94 31 21 -2 -13 54 -13 -13 37 -51 -98 -93 -4 -85 23 34 85 -25 16 -76 -51 75 35 77 2 97 -33 67 96 -14 -81 33 -4 -95 22 54 -29 92 -18 -38 14 2 -36 64 2 17 -10 0 16 -95 -83 -19 24 1 -67 8 -32 -14 12 81 -42 34
-73 -20 -95 27 21 -81 -7 97 -33 -39 99 54 55 32 -22 10 -43 -19 -44 -81 -53 60 -34 -80 95 -33 -6 -78 86 94 -14 87 55 68 -6 22 25 63 5 46 45 -95 -1 3 -50 19 22 18 62 -17 -65 -4 -18 -52 -34 57 -62 -12 -49 -66 -95 -43 84 68 -25 -12 59 -43 -89 60 40 92 -48 -29 -69 58 -24 -5 -53 36 68 -88 -56 41 45 42 17 69 74 -18 -75 -46 46 5 44 -31 48 54 84 55
-40 -94 6 -61 -76 51 35 85 -89 -88 30 -65 50 33 -91 -25 75 25 10 -65 72 37 -47 23 46 65 -40 7 -3 57 -95 -45 -48 -83 72 -2 -33 -23 -27 -54 72 97 -100 95 -82 -46 -53 -48 -51 50 8 -92 81 -4 -21 -53 44 -23 6 -43 28 -40 -33 -93 41 74 1 47 53 -11 31 31 99 -46 -2 91 -55 89 75 -97 6 91 70 50 53 80 76 -45 53 29 26 -50 -26 36 87 -32 56 65 -85 29
-22 94 96 -3 -68 -53 -97 -82 -64 37 80 22 -39 54 -36 -85 58 78 -95 -46 34 -91 90 84 40 -98 33 74 -59 -59 56 -44 84 10 59 -99 -17 -1 65 -20 -60 65 -41 -73 -68 -99 35 11 77 14 -31 -20 -51 -68 -55 26 1 -99 -87 -100 27 -87 57 -10 99 -67 -53 -91 93 30 -39 -23 14 26 -43 -49 6 50 -25 50 31 68 11 38 -52 -34 -87 -8 -5 -15 -67 40 20 -17 -19 67 37 59 7 -44
34 91 69 -48 -95 25 -32 -74 47 0 -84 14 96 -44 74 66 32 -75 84 72 92 23 99 37 76 44 -97 -64 -16 -72 29 43 -9 74 77 -81 -41 -53 -60 95 -43 50 -60 61 -38 -28 -60 -25 87 -7 -3 -24 -9 23 55 -64 4 61 -67 72 -54 -33 12 -48 -98 22 -89 -12 85 -38 28 -38 75 31 79 -6 77 87 58 4 -59 37 30 45 -32 -14 63 -85 14 1 96 93 -91 -59 -10 17 92 80 42 -8
84 53 -92 -19 97 18 21 6 61 95 54 99 61 -37 6 -13 6 -75 41 -2 -73 75 -72 -84 1 -45 -19 42 61 48 75 79 -65 -59 -18 30 -35 1 44 -96 30 99 -16 41 -16 63 -99 26 16 5 71 -57 -37 -53 -74 83 -67 31 -55 -61 -20 22 89 -41 -49 74 60 -89 -91 9 7 -75 17 16 -75 -56 72 -53 3 67 21 -93 -58 -68 11 24 26 -40 -15 -41 -93 75 91 -12 98 12 -68 -9 14 -7
73 9 -8 -49 -63 -35 1 -12 -77 -95 -22 60 72 -94 -70 -56 -9 -73 -35 -32 -84 -29 52 -100 -68 37 97 48 -74 -53 40 -24 96 75 33 2 -5 -17 -49 -67 -10 -16 93 11 -70 68 79 -66 49 85 99 -50 -100 74 53 -20 77 -47 23 -97 -30 11 -79 -40 -35 -84 55 43 -67 60 13 -25 88 -35 -72 -63 61 48 2 30 96 -76 97 -32 93 -88 35 -17 65 -89 91 9 23 91 18 15 -6 -51 -20 -38
24 18 70 71 -93 -24 -30 51 -47 63 -2 59 -40 56 -6 -27 -66 69 -79 24 -30 48 81 83 -32 -29 -26 66 87 -100 -40 -76 -73 -6 94 30 -17 48 -70 92 6 74 -27 62 -69 -1 -80 23 67 -50 -3 3 -4 20 -58 -31 -34 -94 83 56 58 -4 -93 75 -25 -73 -49 38 19 71 -29 -57 76 26 -2 -81 -73 93 94 -53 -18 -63 -93 5 27 35 88 -31 -6 97 -51 -60 -4 -7 19 71 85 5 40 78
-65 39 79 13 6 13 -54 87 -11 -100 32 13 75 -93 6 93 27 8 50 58 -78 -45 -91 -50 40 51 -21 -75 -1 13 32 88 -14 -30 -22 31 84 93 -92 -51 82 36 90 -85 -36 -45 -13 62 75 34 -64 -14 -20 18 -50 60 -1 -66 51 -94 -63 -76 85 52 -42 -63 -36 30 -35 94 -48 84 -32 -50 42 21 79 68 82 37 41 -46 44 68 52 88 93 -81 -92 44 -98 -29 87 -26 -7 -10 -88 -35 52 -6
4 -97 16 15 -14 -14 50 -2 27 65 -73 51 46 -12 -98 -61 85 -2 92 88 19 -4 34 86 34 -36 -44 -13 68 -64 -86 38 -93 53 47 51 -12 -61 31 -73 37 15 84 57 -71 73 45 3 30 -73 37 81 -38 61 -100 18 -45 -54 83 -53 87 2 -14 85 -91 -96 31 34 97 -61 31 -98 28 8 -35 43 72 -92 30 -28 60 21 0 -46 -14 -65 -90 8 -42 53 37 -75 -73 -6 6 -76 -13 93 50 42
-64 -43 57 -81 -20 -42 -75 -35 28 -88 66 -68 91 -100 -83 -14 34 25 93 49 -91 -20 -99 43 65 72 79 76 -16 17 62 33 -57 80 34 92 -82 -19 29 -91 -73 -78 99 67 -93 3 -28 26 -47 63 -29 -48 46 75 -10 -74 60 -56 -92 -62 99 60 -50 23 -30 54 -12 85 -59 -36 21 -83 -56 29 -30 -25 -17 99 27 -62 48 -59 35 60 24 -11 -27 -58 55 10 36 98 58 -47 -72 9 45 56 -52 -66
-87 -98 -98 -92 -40 -93 5 22 -53 93 -82 79 -59 66 65 76 -77 99 -19 10 58 -18 -47 -1 -14 -63 -1 -9 -14 -99 72 -21 83 76 5 -80 -59 -4 -63 -12 91 88 75 28 -4 93 43 -94 40 -60 -87 37 -94 -55 72 97 -34 -91 -22 -46 -47 -89 -18 12 75 52 -46 -57 52 41 47 71 -98 -91 24 66 77 84 43 91 -17 -92 27 19 -24 28 16 32 -57 -68 71 99 12 73 18 -58 -28 -12 79 -94
-49 -23 -58 -27 12 -9 56 -54 -88 46 38 -75 -62 96 30 -100 32 -13 -69 34 70 -3 8 -55 26 52 51 19 7 -84 -46 -86 41 5 -36 -63 -23 -29 -49 86 -89 4 58 -89 -49 98 -32 -29 -54 -76 -13 -96 -23 77 35 -87 90 94 1 -60 79 54 -13 -73 -55 -71 -93 27 78 84 97 -82 -51 74 -19 -89 -5 94 -68 -92 -27 56 37 -29 -96 -9 -18 -70 -51 33 41 -45 69 58 -81 -47 91 -32 76 -35
-16 49 6 -76 -38 65 49 57 -95 21 -13 -19 87 29 52 -45 -26 94 21 -60 87 10 -99 -32 -99 5 -1 -61 -11 -48 24 63 24 -58 -34 38 56 -83 -66 7 -41 -66 17 13 7 74 -26 -19 -55 -37 23 43 -70 -54 42 96 94 -64 12 96 -74 -16 -93 11 21 -42 -85 -52 -72 6 28 9 42 -88 22 -96 -86 17 -39 -90 -75 88 71 -43 -13 -49 -33 -74 -58 -9 -66 13 -53 -12 63 -52 81 -77 53 25
63 72 66 -94 90 -26 12 -62 -32 -88 55 -4 -99 41 58 88 29 38 -84 13 -69 86 -96 -35 -44 -27 -48 91 13 5 12 -59 75 77 -97 50 53 79 -51 80 -8 -16 -39 -67 -34 29 -75 6 62 71 -5 -50 -94 11 76 -30 -94 -11 -90 -12 55 -38 -76 -27 -59 -7 43 -57 25 -11 21 -4 -89 3 6 -69 19 -34 -26 -51 82 -17 14 -14 -83 -87 -54 -33 21 86 -56 -97 91 60 78 -18 -14 32 -12 -29
17 -27 -34 51 68 -68 1 -63 24 -17 21 43 -72 11 32 -5 -89 -16 -33 51 20 -4 29 -3 -60 29 -70 -20 -69 -65 -22 -88 -81 -50 -10 51 85 -59 27 61 -26 21 42 -63 -98 22 -49 74 82 47 23 -7 -31 9 14 -23 4 19 -26 44 42 87 -22 -58 -96 -90 32 84 -50 -11 -53 -56 -59 33 20 -51 79 63 65 -27 61 -17 -57 37 85 91 -30 71 -24 8 73 90 44 -91 -28 -8 -38 96 -24 -42
23 -28 -9 -18 64 27 76 -21 64 -98 -19 12 65 19 5 -65 53 -1 -72 -36 -40 38 -67 -43 45 69 -21 64 35 81 91 88 88 1 -60 -100 -41 -86 -63 -90 41 -100 45 -87 98 2 -27 29 76 -92 87 79 -14 -99 -80 37 -49 -72 6 15 63 25 -93 48 -78 -50 -100 24 2 89 -4 72 8 -23 -7 -97 -5 22 73 -1 96 76 96 -34 -69 -82 -96 37 46 -3 38 51 94 56 19 -23 62 40 30 -23
-68 -64 68 22 -17 -39 60 87 35 -87 -62 17 35 -13 52 48 94 95 71 -69 21 -43 46 -100 -89 -40 -74 -47 -21 -90 65 3 -48 -89 72 32 40 -13 -6 -87 25 74 -6 10 -13 20 60 -86 -48 91 -74 -44 4 39 37 42 32 45 12 -16 -24 -60 -4 57 -6 99 82 2 86 -7 -65 81 -10 -44 -22 39 55 57 80 -82 -22 -98 -24 19 69 -34 -75 -20 44 15 -55 63 -8 -87 45 -86 -66 18 99 73
-44 48 79 57 15 -61 55 99 -24 99 68 2 -90 -97 -64 16 -74 6 63 -37 94 -70 61 77 19 68 15 91 58 2 58 -40 92 -27 68 79 11 -86 25 21 -83 -24 -6 76 -44 -13 98 54 -15 10 -56 41 -38 -74 -49 52 -73 74 9 -45 -18 79 -12 -79 84 -20 75 -45 86 4 -20 2 44 12 -29 97 -21 -55 -63 -27 -13 -27 30 62 5 -31 1 -40 -62 94 39 35 73 1 -68 -76 47 88 -68 -97
-21 -100 61 -90 -5 -67 59 -81 54 40 -51 26 17 -97 15 66 53 -96 55 -72 -71 17 -99 13 -100 -54 89 -81 44 54 95 -34 -84 -93 -22 92 -53 -77 69 -4 -13 -1 46 -45 3 -23 -19 -67 -38 89 -65 -15 77 75 -91 -29 -19 -57 53 -63 -10 11 12 42 -52 -88 -12 -64 52 -66 -40 8 71 -10 -59 88 -32 90 -12 8 -23 -50 -7 -59 28 58 14 -45 24 47 -69 -65 -47 56 46 42 -90 42 -58 -55
7 -69 24 -23 22 -74 88 -54 -15 21 95 -98 -28 -92 99 -3 7 -40 -82 94 -30 17 -70 42 -86 -73 94 -93 -43 25 -24 -22 -26 -38 -89 26 -13 73 -5 2 43 -60 7 -87 -9 -72 -43 -70 81 -36 66 24 54 6 51 -53 -85 30 -90 51 19 -38 -43 23 99 8 80 49 84 -4 -82 -19 -61 0 -98 -46 -48 17 -42 -97 -12 69 -15 -91 -77 -58 97 -85 -56 -20 41 -74 -85 -88 93 25 -29 69 84 -14
-47 67 -76 50 87 -24 -34 -78 70 -6 -83 90 96 12 62 39 4 90 -26 43 25 -38 41 6 -35 25 -24 63 52 -93 -3 14 -55 -1 -62 -86 -95 -98 -4 32 91 17 -74 -43 63 -93 97 76 -92 -98 -44 -24 96 -85 -10 -43 -54 87 43 58 77 72 -33 96 -50 -30 3 -84 -9 -45 -8 -8 -37 -71 2 -100 43 -5 88 -51 66 81 -38 -56 -25 52 20 64 22 -18 7 79 54 96 -17 -26 -81 -47 -22 37
-19 78 -15 95 28 -70 67 -79 23 -48 12 25 82 -22 63 74 -94 -73 -82 19 53 29 -73 6 -86 41 -18 77 7 60 -4 21 50 -83 87 56 -61 27 -65 -43 -41 86 -53 -19 44 -61 20 -95 88 -37 -44 -14 -11 -95 43 19 32 11 66 -15 -2 -59 -61 -30 -4 15 -53 84 -47 -84 83 23 -82 29 -43 72 69 52 -27 33 -60 60 50 -22 24 -59 0 -35 -56 -69 10 -14 -41 -28 92 66 -26 84 -2 -58
13 51 31 46 -21 -90 29 -57 -95 0 -7 -57 -100 21 -45 -11 -59 71 -14 39 69 87 -81 -97 55 87 63 -92 55 -46 29 -44 -62 92 90 1 -69 -94 96 71 -51 72 -44 37 43 -98 -59 16 -45 -78 83 -20 -57 -40 98 -90 57 -77 -26 56 25 -76 -64 -84 86 44 -20 29 -67 88 -10 -53 86 76 -46 50 40 15 45 -64 -37 -75 40 -91 3 -4 -73 -90 11 67 33 44 21 -43 14 -11 22 34 29 -63
40 -95 -80 -46 56 -81 -57 -95 -17 -39 79 -12 70 80 64 -31 -89 42 -16 -18 -19 92 99 -35 83 -5 45 82 73 -66 23 -94 -84 92 -3 -93 20 14 64 -15 96 96 29 -34 -98 -16 -93 5 -75 94 58 97 76 -92 -40 36 87 56 20 92 48 -18 -7 -67 -11 -68 -49 51 60 7 94 -56 32 -61 32 -1 -14 -100 -39 24 -84 -71 16 -46 44 6 -65 -43 84 -72 -57 42 86 -20 40 -19 19 -55 -2 -21
93 -93 20 33 40 6 -67 -23 61 -34 -94 68 -52 -31 -72 92 -92 49 13 15 -93 -65 -51 -1 -18 35 73 -42 66 -70 -69 -73 74 -78 -80 -93 24 52 -81 48 -50 97 78 87 23 -32 -68 11 19 -1 -91 55 61 90 -42 88 -17 -83 70 34 45 -63 -70 57 -15 97 -32 10 0 -90 -21 46 -41 64 -60 52 -85 -87 8 -81 59 -31 -13 -27 59 -43 -64 -68 -10 -12 62 77 -13 45 -91 73 76 -19 -18 33
-39 21 -31 -67 51 -54 49 1 -84 -76 -42 -67 43 -95 -23 99 16 -93 13 58 27 35 88 -34 -44 60 87 -7 -27 -16 -99 69 -15 -12 95 86 91 -79 96 -66 99 67 -34 1 39 -57 8 8 -52 33 17 -7 -96 55 86 -58 -99 69 -41 85 38 50 -65 14 53 22 -98 73 -21 -29 83 5 92 -32 23 15 84 -3 -52 94 21 82 -42 95 22 33 14 -47 -9 79 -32 -96 -32 -34 62 33 29 43 89 -37
-72 96 -38 1 -87 -45 48 -91 -37 -13 -62 -17 -95 80 83 -93 72 -97 -11 87 -56 40 -1 -83 9 31 48 -4 76 -13 -20 -40 -87 -49 89 36 -9 56 -86 13 70 32 19 -51 -28 54 20 3 -73 52 -87 95 96 -100 -19 84 60 96 41 -30 99 60 -37 -47 -81 47 -3 -39 -66 -81 -70 -85 78 -88 -64 -57 68 -59 35 55 56 30 55 -81 -81 84 17 -97 96 -5 36 74 5 86 -55 -55 -11 -25 49 -4
31 71 76 -9 -45 90 -70 53 -9 30 -40 42 1 86 -84 29 26 -52 3 -75 -53 18 -70 6 -73 82 -3 30 -95 20 72 -31 6 -82 16 78 -11 -41 83 51 -26 -99 53 -46 0 84 -10 -49 85 -6 76 45 -10 -68 13 58 -78 97 71 12 -13 75 -75 -61 63 84 -56 -74 83 13 70 19 9 -38 63 -1 -8 30 -22 -99 9 50 22 51 -44 -87 83 -6 56 44 -42 -35 -9 98 -78 75 41 33 -95 77
34 -43 -87 -92 16 33 -52 44 46 90 -86 -80 -89 41 -98 -36 -70 52 81 -96 38 -47 -97 -74 92 35 -17 -81 -34 28 -86 2 -54 -62 -16 -67 -76 83 -8 45 14 29 -16 25 -70 67 -40 73 89 -90 -97 0 85 42 -31 37 37 84 67 26 -95 50 47 -66 -54 -31 -4 69 -46 34 39 -3 54 4 -48 5 7 71 -31 -85 -7 72 -25 79 -37 -14 66 90 16 59 37 91 -9 37 6 2 82 -21 -6 -81
34 -93 42 24 -4 73 54 -87 -89 46 -54 -38 84 -72 44 -3 28 54 -94 73 64 44 5 -34 1 27 70 -71 71 89 68 -32 78 -49 76 -77 74 15 75 43 -38 57 51 57 59 -38 24 94 29 -29 -51 3 35 66 -9 -67 57 50 -49 38 9 -61 -98 -89 -77 16 -76 -39 -69 -92 -82 11 -88 -73 -93 97 91 25 -95 53 -13 5 70 34 32 -39 53 15 31 -57 24 -5 18 -20 -56 27 95 -73 -76 59
-12 27 84 11 -64 -45 -74 -74 -50 51 -76 75 -70 -48 96 54 -36 -35 40 60 -31 -94 -51 6 61 -18 93 -20 -14 -45 93 -32 -58 -16 94 61 39 -2 75 87 -62 -93 42 84 -43 61 -75 -69 -5 -55 23 48 63 -23 73 8 -19 -2 -27 -32 -57 59 -10 66 28 -92 25 68 82 15 -10 3 -37 -63 1 17 -69 -76 -21 -76 -78 17 73 88 -12 -61 -65 -97 92 -27 28 33 -69 -21 -32 77 -87 -78 67 24
36 -27 -61 -64 61 0 9 81 72 6 -39 0 55 13 90 84 74 90 -3 30 -32 -61 -68 8 32 -34 34 92 -46 -45 -6 45 -10 99 63 -47 -73 -100 -18 78 49 -71 72 -78 -38 -24 39 55 72 50 30 -65 -30 74 37 4 -18 19 34 42 -38 24 -10 6 -87 -1 76 89 -39 42 99 -69 31 76 46 -39 66 -65 -65 45 7 -58 87 -98 75 -98 -44 -47 -76 -74 57 -62 -96 83 59 -35 -88 39 10 -33
82 -14 57 -10 19 -28 -23 92 17 88 -8 29 28 57 -97 2 -23 64 95 -66 -65 -23 90 0 76 1 -71 98 -17 -95 -24 35 96 -37 74 3 -35 -47 68 -80 -7 -78 -93 7 -49 66 -49 68 -7 -100 -64 85 -30 -14 -2 -91 -27 -16 -45 37 46 50 95 -78 64 59 -77 29 92 24 37 -8 -10 -99 -90 2 81 -78 -76 71 97 -75 -59 -20 66 -57 -73 -98 8 -86 40 -87 -77 59 67 -9 42 11 48 -72
-11 34 -46 93 -48 -68 -69 93 -40 -44 67 31 71 76 -1 -23 -33 -48 17 -44 53 12 -6 -60 29 11 0 -93 49 -64 -79 4 59 59 68 2 59 -28 -22 -48 -26 31 -65 -61 87 52 54 43 -30 11 9 -47 -73 -43 41 -76 82 -73 -30 98 -73 -49 -29 9 15 -50 77 94 59 -79 -85 -19 12 -55 23 16 -41 76 58 24 55 -96 81 -19 90 -20 -16 -46 -53 -76 11 -91 -7 5 0 53 37 -50 -61 10
-43 34 -93 -55 85 28 21 -39 -71 -18 58 87 44 40 87 36 -23 8 40 18 -58 -45 18 -6 30 46 -54 -40 20 85 -99 27 37 -58 -13 42 -80 -77 -38 -70 -12 -1 81 59 -33 -54 0 33 41 -9 -34 92 -6 -31 -100 -89 -60 92 -51 74 -8 -45 -33 41 -31 -40 38 -18 -6 -29 -73 -69 -83 -65 94 -32 53 83 23 -24 -83 -26 -84 -85 62 -9 -62 -70 27 -92 61 -30 -70 -20 -68 -56 -6 32 81 10
-79 92 34 81 68 59 39 27 65 99 -86 18 -2 -36 -99 -15 77 -88 -5 -58 11 97 31 -75 -48 85 81 25 -35 87 -93 37 -57 77 15 -17 99 -38 -81 -47 -31 -3 9 -15 41 20 55 27 67 91 -98 47 -4 77 37 -10 97 -64 -81 -55 31 74 -94 38 -50 -79 -24 -38 -97 21 93 -19 -61 -55 95 -5 -92 81 -54 99 0 -3 -74 12 -8 -91 -50 -99 -22 -50 64 -53 -50 -12 2 76 39 56 -81 -52
-63 59 87 75 -98 16 30 -40 71 49 54 88 -12 -20 13 -81 80 97 64 -92 -76 92 87 61 64 68 -100 28 -15 -61 59 56 -61 53 -81 -9 1 -60 -61 78 -20 84 12 92 -3 37 -84 -45 -68 5 -30 -4 16 -36 -77 -73 -94 -64 87 5 0 -72 40 94 56 -6 -26 6 -2 52 -69 69 -19 79 -17 -22 -26 88 62 -30 65 -73 76 -73 -55 -7 -68 78 -88 91 24 46 -87 35 -86 14 0 -44 43 -23
15 -74 -39 64 -44 41 -63 -97 17 37 9 -26 -10 -15 36 57 -87 -32 79 75 81 35 47 -40 -24 65 -90 24 -77 77 98 -84 -52 0 90 -32 32 -13 -75 -7 75 -99 10 -19 90 -88 -97 -84 13 75 -57 57 91 -31 -99 36 -97 86 90 -7 -100 -73 -94 53 -78 46 17 -86 18 -70 99 -45 70 -76 14 63 -62 -12 74 -79 64 17 49 -72 -86 71 -53 70 -91 -5 54 58 93 98 10 -20 37 20 33 49
95 79 62 -62 31 96 -97 -1 2 24 -84 -30 42 -30 -67 3 -94 68 -99 56 11 17 -69 64 38 41 88 59 -40 -75 -46 -98 1 -100 33 -18 11 -4 45 29 -84 43 10 13 15 -21 30 -31 60 0 69 -8 12 72 -89 -8 98 63 -11 78 73 63 -26 16 16 -18 -93 75 -87 -46 -99 -42 5 -60 34 -81 86 -76 26 -1 -27 67 73 67 48 98 -49 99 35 -50 -93 65 66 -90 -19 -18 35 40 79 96
3 -95 87 12 92 97 -11 55 -89 16 23 -81 -97 -10 -23 48 -72 -37 19 23 -99 33 83 24 28 21 18 36 10 91 2 -77 91 83 -5 -70 -94 18 61 27 95 9 -50 39 -11 -90 97 36 78 41 45 8 -66 12 -83 73 -52 -83 96 -59 -48 -16 32 -61 80 -55 -38 68 64 -17 21 6 -88 -38 -35 -37 -35 -87 -83 -79 0 -24 7 -45 -68 39 95 40 -19 10 -19 61 -41 56 1 90 -62 -49 43 -64
-48 -41 -43 -13 -42 84 -91 -11 -22 -57 6 -91 -92 -49 -16 -8 -19 57 52 -91 -37 -30 -90 -37 -23 34 -89 -80 -27 65 80 -49 -35 82 14 53 -11 33 -56 -7 -49 -4 -7 85 -51 -18 -51 64 58 -99 53 -40 -45 28 -65 94 -56 -88 -2 34 -30 -93 36 12 66 44 -73 54 -29 -14 -67 45 -34 -54 1 16 -25 49 -55 84 72 47 -65 -12 25 46 -34 -59 64 21 70 59 -3 6 -10 -95 -57 31 60 -11
88 71 -82 64 20 -80 83 2 -6 30 -28 16 7 34 -50 40 97 -93 -93 -71 20 42 89 86 -4 -46 -38 -76 70 -20 -73 19 -29 -52 22 36 32 -95 -56 12 84 -49 -76 -70 79 67 16 -95 -94 8 -76 -56 -82 -6 -70 -37 -15 73 -89 81 -14 58 61 -89 75 -55 7 -76 -73 -19 65 -78 25 -95 8 -77 -79 47 17 -35 25 18 -42 5 -15 -20 77 -53 18 55 -38 -44 42 -20 30 41 -70 93 27 -82
-93 27 -89 94 95 -7 54 97 -26 49 -81 -48 -19 27 84 25 -50 82 -68 -15 -85 -63 -90 -21 14 -92 25 -2 70 -79 -63 32 -84 -23 88 -72 75 32 26 -44 21 -42 -92 -56 90 22 -23 46 11 33 -28 89 -92 -43 34 44 27 -56 -31 28 36 26 17 6 -59 -77 86 24 14 -46 -55 15 -17 9 83 -85 92 67 12 -29 -50 7 73 41 41 61 -22 36 -22 24 -10 -76 -45 -52 81 -59 -57 -51 51 -92
-38 -51 97 -72 74 -93 18 98 -10 9 -47 -98 -62 -94 -54 -68 -84 -69 -4 48 -72 99 -85 95 -74 41 59 -37 -87 -24 -71 21 -20 -56 28 68 -63 8 99 91 -2 -93 -59 55 -4 -83 94 46 -10 49 99 -22 94 54 -90 75 -7 97 -70 -61 42 22 71 -3 82 -32 72 -69 71 51 18 -48 91 -88 -45 -100 -98 27 30 -81 -45 -6 98 -52 79 24 -57 -49 -29 12 -94 6 -86 -22 61 69 42 -54 -48 34
-99 -89 -81 63 77 -20 10 42 -13 9 -80 37 71 -36 -65 99 84 -44 -25 -35 30 -44 -15 -31 17 -51 -47 51 -11 -92 -46 40 -38 -31 -7 0 20 17 83 81 -2 63 -50 84 -48 63 85 -57 -45 49 -64 -79 9 64 78 -59 -50 -26 -72 -98 50 -98 -50 88 51 8 28 -67 -57 -91 58 -37 -12 -10 53 -50 57 73 -95 -30 -70 -12 -39 79 -29 -14 18 90 23 37 -89 0 68 74 50 62 11 56 4 96
34 39 27 -60 -27 -94 -75 -3 -42 31 -76 -1 -96 -72 -92 48 -30 14 92 -30 6 -28 -89 -38 -44 -24 2 -66 84 38 -45 87 -94 48 89 -82 -79 -94 75 17 -68 -63 -79 -78 -45 1 -26 -67 -66 58 -9 8 -11 55 -53 11 10 -58 59 -56 57 -50 29 26 93 23 77 87 99 64 -31 -62 20 89 -13 -54 -13 1 60 -55 16 52 90 -2 -56 -61 28 46 -74 -85 35 -51 34 -46 -2 -47 73 -60 -31 -28
5 79 -49 85 47 31 14 34 83 -12 84 14 -41 63 79 96 43 80 -17 -46 -35 75 95 0 61 73 -81 -10 -12 -41 24 21 -96 48 -14 86 25 -95 70 49 99 -91 70 67 -15 -10 -17 -3 -52 -100 55 34 -26 29 -41 78 -63 35 68 -3 -84 -36 16 41 16 44 -26 -15 90 -47 -31 21 29 30 91 -46 -53 -43 21 -21 26 84 -4 -79 -79 39 51 -71 -87 -96 -88 95 -98 -89 -23 0 8 -26 18 28
-11 3 -54 -49 20 39 95 27 53 -93 -1 8 -54 0 3 51 -66 42 98 0 16 -58 35 -19 -81 93 -29 -14 -71 42 89 -77 97 67 -36 61 84 -57 6 -66 -58 71 -58 33 -35 -9 -16 -12 32 29 -5 88 -84 91 -10 45 58 50 90 3 30 -35 41 -16 -9 -100 -61 82 56 -48 61 44 92 62 -5 -98 46 -23 -5 -45 -9 71 49 48 -42 -10 54 -44 74 -90 -13 -15 -84 10 -34 24 -96 -71 17 -74
13 -34 71 71 28 59 23 96 83 87 28 -93 12 -4 20 -3 91 -2 62 -46 -66 -15 -19 -13 -2 66 -45 -15 95 24 29 -19 4 85 -2 -41 61 -6 90 37 -55 -20 -51 27 17 -36 -54 -88 -38 -87 15 41 20 5 -90 -64 51 -70 -98 69 94 -73 -77 -21 38 -62 -87 80 -57 69 -94 -92 -4 77 -73 -45 -26 -71 -70 -32 -9 -8 71 97 -26 89 -21 19 30 -25 -50 -89 -64 56 11 89 -53 -40 -68 50
47 -35 -13 -35 54 -64 18 -16 80 38 -22 94 -42 -88 -6 -81 97 24 -6 24 -85 85 59 3 -96 -25 29 -74 73 -33 -44 -40 30 87 -14 -82 51 -27 -35 -27 -67 -19 55 -6 -19 -56 72 -1 60 -67 -82 -37 -84 -74 -11 51 -72 -29 32 -22 -73 -34 22 7 -59 33 52 -42 31 -90 -3 -50 -58 73 30 -43 -30 55 3 -43 3 48 95 26 -61 14 39 -88 6 45 39 -51 -31 -32 34 -18 -79 82 19 65
-28 -11 -48 15 -24 47 18 -85 76 4 20 -83 -73 0 13 6 -49 30 -83 -12 38 -73 73 -7 -5 17 60 34 38 -52 -51 4 47 -69 -31 72 85 59 67 12 18 -58 -28 -76 -91 -23 -55 -53 -95 -42 11 -68 -88 -94 -14 -97 55 69 49 16 -95 53 59 2 -89 27 -49 46 20 63 68 86 -9 -73 24 1 -46 -17 13 83 -50 -30 50 -20 -19 -21 77 91 -79 46 55 67 -91 4 15 -19 -97 33 89 -88
31 3 80 -8 -37 61 -59 91 -99 -68 -63 9 21 61 23 -67 41 65 30 -85 -10 85 39 41 42 8 -56 -53 -45 -84 50 71 -39 11 -45 75 63 -5 98 -66 -43 -47 43 11 -61 -45 56 -31 -15 1 -70 51 59 -13 62 -25 51 88 -58 -64 -40 34 40 -10 -11 -26 -4 65 20 64 96 -33 31 -52 44 -79 -100 -21 77 20 49 -24 13 -61 24 75 68 92 -67 56 16 63 -16 -1 83 -79 71 -42 -54 58
-24 86 -32 95 72 17 -68 -48 19 79 94 70 -71 -53 36 80 30 0 -93 -14 71 -60 -57 -31 -43 -39 -37 98 -55 0 -34 -75 59 6 51 94 -54 -28 42 45 30 95 -71 53 -55 26 -72 -66 18 -66 -72 97 31 89 81 -55 60 11 -95 -99 41 -27 -19 84 60 23 71 28 69 14 67 60 -44 27 45 69 -26 35 33 -34 49 25 87 -59 44 -41 -94 -37 71 32 56 -14 83 -6 -99 53 41 -15 9 4
43 81 54 32 30 -34 82 43 -86 37 92 15 -78 62 -95 33 83 -56 97 39 -94 -100 5 9 91 47 13 22 77 -95 -47 -7 59 6 -37 -54 -99 -65 7 73 -89 -52 60 98 -43 16 23 -24 -51 88 79 -24 -81 -5 -21 -45 -72 -78 -85 -5 -23 65 46 -76 -33 -68 -50 43 3 -19 -38 82 33 48 23 17 -96 68 0 17 75 96 -89 94 -32 -12 -62 -50 19 7 -72 -39 -2 -26 -4 -19 5 -26 -56 -15
10 99 17 78 10 -86 36 -64 63 6 -84 -68 -83 97 16 12 -47 40 67 -54 -39 -96 -5 -91 -18 -86 -74 -59 -50 -55 -7 -56 27 11 3 21 23 21 -5 74 14 64 17 -61 34 -94 -4 55 93 2 25 50 83 7 -60 4 -38 -61 -50 -75 78 60 92 23 -24 24 43 -6 -70 -81 82 97 -39 27 -94 71 -42 78 53 28 -99 -27 46 -39 -30 -46 -45 31 44 58 -44 -43 -68 59 -71 -95 -56 90 -4 67
29 93 -70 36 73 -8 -7 -40 95 -5 23 27 -37 69 11 85 26 99 19 -32 -80 -21 -2 12 -77 1 92 29 2 -41 33 35 16 -21 -63 59 48 70 57 30 90 -74 -100 75 76 75 -78 -35 61 29 63 89 -21 -35 -58 -6 -25 -38 -24 96 97 9 -28 86 -83 -21 99 -52 35 -59 -15 -89 -24 14 39 41 27 7 59 63 -64 74 21 21 -66 72 82 -80 9 -98 52 54 -32 52 -9 -22 -93 55 -8 70
83 19 -6 -79 73 98 90 -79 4 12 -78 88 -66 -79 -22 -1 2 -36 -85 -9 -31 -80 -52 61 55 94 82 46 -36 -10 -85 -58 82 -79 27 -2 4 -81 -49 21 30 -85 17 -83 -75 45 -93 86 27 -76 42 -84 -79 -75 17 32 -74 -35 65 58 45 67 42 -11 -78 -45 95 -67 -84 -91 -32 55 -77 -76 -45 89 25 -13 -30 -13 -55 46 -43 29 55 -90 12 -8 -9 96 45 77 92 -8 27 20 15 -72 -31 98
71 76 9 7 71 -98 -67 15 41 -60 -20 -54 -29 -62 -66 83 19 -22 56 50 -89 65 -77 -44 91 -31 -45 42 77 -13 13 -37 -71 22 -80 -14 12 -86 49 23 3 -92 61 97 -8 72 -71 -27 70 27 -10 49 -65 -80 33 8 -53 -12 3 -89 -28 -18 34 -86 92 -67 32 58 75 91 -40 -98 56 67 -62 -4 31 95 55 -81 33 -72 -7 -75 -71 3 -46 -32 -78 -16 -44 13 -46 -12 -35 -78 -96 -19 -88 77
-72 37 -42 90 -74 74 -17 82 71 26 71 -69 5 37 -39 5 3 -56 81 14 58 23 35 -89 56 99 72 32 -87 29 -91 72 64 -38 -15 -28 79 -25 -31 39 40 97 -76 -90 -39 38 14 24 -44 -18 93 8 59 33 -63 -35 57 -15 -33 -20 69 -88 66 -68 -47 -75 -44 82 -74 17 -80 -40 -2 -21 -71 -63 37 96 -44 -69 39 -91 93 43 2 -1 46 -88 -41 46 91 42 17 96 95 8 -42 15 56 -55
-13 66 -39 84 77 5 65 51 85 31 17 6 -31 -3 -32 32 94 -55 71 -95 27 -40 -56 -94 -58 -1 61 76 -84 81 31 66 42 81 -40 90 -18 20 -4 -86 -40 -25 -64 -37 12 -32 -100 59 -50 -52 -76 -36 72 -19 48 -100 13 -63 -99 71 12 6 -39 -100 87 -25 24 -76 96 -55 98 -19 -45 77 -96 -76 -93 -37 48 85 -74 -51 66 76 -78 86 70 44 -65 -87 -95 29 -34 -13 -90 -51 -21 61 24 -29
33 29 91 71 -15 17 -20 -20 25 51 85 68 7 63 14 -25 -11 -87 -35 -18 43 29 -49 40 66 89 69 -90 -59 -11 36 -98 83 82 -35 40 48 -100 -75 -10 43 72 27 91 13 -86 -24 -68 -49 -46 73 -57 -64 58 -21 -13 90 75 34 10 64 0 -33 2 72 2 -18 25 12 18 0 84 -81 57 19 -36 -71 89 42 38 36 33 -24 15 16 93 -32 71 91 95 -9 -53 41 0 -58 -22 30 -39 -55 76
-3 59 -51 20 -8 -57 18 64 -72 50 -64 -37 89 -69 -21 -56 -33 -49 12 -89 -30 -76 48 74 -69 -84 -95 -58 -24 63 -95 5 64 81 76 9 -51 16 -96 -64 -52 92 -26 66 -78 -31 87 0 -5 -63 -83 -61 -16 95 -48 26 88 34 58 27 43 47 61 -25 -30 37 -93 -45 -59 -5 14 69 -38 -57 -80 9 94 65 -13 25 77 -71 67 -41 90 -89 87 59 -70 21 82 -2 -30 -21 -100 -93 98 99 -58 -30
10 -58 57 72 -57 -42 -39 -72 -48 84 -19 -98 76 -26 65 15 11 75 87 24 -47 -71 13 34 66 60 -15 68 -79 72 -40 50 46 20 -83 54 -49 -17 50 -28 86 80 -83 79 6 7 -23 13 29 51 -67 95 72 34 86 -54 7 -25 60 -98 -57 -59 71 58 -34 -63 -32 86 -2 20 70 5 -91 44 74 14 -94 -14 -16 -53 -72 0 -48 -18 -21 -11 84 9 -28 93 57 -73 67 -35 -93 14 -94 27 72 70
18 65 -55 -1 -20 -62 -100 16 12 93 37 61 -71 -28 34 -76 -54 -19 -54 6 15 -18 -19 -30 94 -85 -98 -72 37 -17 55 -11 75 -32 -99 91 -68 -65 43 -32 39 11 43 75 3 -20 87 -35 -79 -38 -16 28 -12 -82 -3 34 -90 3 -99 -20 -26 84 93 -22 -10 91 -82 70 87 91 36 -50 -19 52 76 -93 0 -51 6 43 8 -100 -67 -73 52 68 -6 24 -78 -93 -1 -58 -32 37 -99 67 6 -43 96 81
-11 -77 -30 63 55 15 -84 67 63 -63 -2 -36 -19 -40 -95 62 71 13 89 -92 77 21 -79 -6 -44 78 -35 30 89 58 22 17 38 12 64 83 -3 56 47 -43 46 23 33 -28 72 -81 32 -55 -90 -24 14 -63 92 -55 -44 60 -100 29 12 -82 -86 60 -99 88 53 97 -44 -29 59 -18 11 -36 -52 20 -48 -32 50 -15 59 81 70 -38 89 82 -16 -26 39 -36 -52 -59 -62 86 -10 2 -10 10 73 -29 56 -58
-19 48 74 36 -9 24 56 -85 71 -34 -29 49 88 93 -68 -75 83 39 36 15 40 -90 -20 -20 1 -87 -35 43 -2 -73 27 -82 73 91 -93 45 -20 92 98 72 -27 -85 21 -99 49 -12 74 57 28 -51 -20 61 53 -75 -70 45 -78 -17 -28 34 -20 -7 -33 -24 76 62 39 57 50 -54 -38 -64 67 -49 -77 96 -19 -41 2 94 76 68 77 -2 -54 86 48 18 -5 -29 -44 -93 -68 4 -21 -55 -21 94 -9 -56
-72 6 72 -16 -56 37 -17 21 -51 -89 17 60 -34 -95 3 -34 39 92 16 91 59 77 -34 -82 62 -8 -26 -16 -10 -45 -70 76 -80 -92 57 -98 23 -45 8 -37 66 11 -56 41 -51 71 -92 7 -11 33 18 -11 -76 61 -85 -7 -56 96 -2 -98 72 67 -53 -30 5 -79 -67 -55 -41 -99 -28 47 -77 -95 -46 90 -32 -72 -92 -59 11 82 -11 53 -97 66 26 43 -46 -26 48 58 49 -36 -82 -89 -10 -76 77 -16
-11 -75 -96 66 -89 0 81 -90 46 -49 28 -75 88 36 -7 21 -30 -32 -7 84 -14 89 -74 10 69 -48 -72 -30 -32 -45 11 25 3 -51 70 26 -32 -14 71 1 20 92 -35 -6 -11 -71 -83 -18 59 -51 -50 16 55 89 -95 -87 -47 -15 -26 25 -65 -53 -76 8 -80 27 56 58 -36 36 51 -100 -89 92 95 68 -72 68 84 81 37 -44 58 -38 35 96 -100 -52 1 -27 -89 87 -5 13 20 35 38 45 33 -43
92 54 -19 56 92 3 -66 -27 66 26 -74 36 81 -39 -96 -4 8 18 -64 -64 26 22 16 16 33 -19 -67 34 -45 54 80 43 12 59 -17 -7 12 99 -16 -37 -53 70 -82 85 -2 -18 -95 -98 -100 19 33 -44 -22 45 -75 24 65 -75 -71 83 6 -41 -17 22 23 69 42 63 77 -8 85 -48 54 -92 -42 -86 91 73 -80 -82 33 -64 -81 72 -57 -58 3 19 89 20 -95 25 69 -70 31 93 41 -78 79 -45
32 26 -64 -81 55 79 1 -71 40 58 59 98 -92 43 88 87 -12 -13 37 24 4 71 -78 8 -10 -22 6 -34 -87 31 -26 -90 -48 42 81 4 -31 67 -73 69 -39 -54 -68 -6 52 -22 -92 -68 -62 -12 62 -71 -15 -74 93 20 -52 62 32 40 -43 -39 22 11 96 -77 46 22 19 9 -43 34 11 65 -62 -45 -44 -83 -79 -37 -74 -60 -10 -45 33 -44 39 -40 -99 -18 42 -8 63 -76 -78 -100 -78 77 -94 15
-17 20 -15 -11 23 29 -19 -8 30 -96 -19 -87 -77 -54 13 -90 -59 36 22 98 63 84 -99 89 59 83 -86 96 -73 -74 -33 77 -11 30 -50 -58 -76 -61 84 40 -64 -64 91 -84 -3 11 -69 -59 63 -90 25 -70 -96 -35 89 87 44 -84 72 58 7 -22 -12 -83 -86 -65 -17 13 41 -16 49 17 63 21 46 -11 -50 -26 82 -72 -92 -45 75 63 84 -51 94 -99 81 68 -51 -97 40 -98 -6 23 39 -31 74 60
97 -9 46 -53 -9 -23 -99 29 11 -74 -98 -92 60 -4 52 95 45 -18 73 -23 4 -100 71 -44 53 46 -28 -82 -77 -88 19 -98 -51 -50 -18 -22 86 88 43 85 96 -85 91 18 -63 -36 -83 47 37 -15 15 -19 15 30 -80 82 -11 -19 -30 19 -40 -59 57 -56 5 -98 39 -61 -61 -52 -47 12 38 -7 -85 -48 -67 29 78 54 88 87 8 -40 -29 86 87 28 -94 -77 -16 -37 37 -13 -79 98 98 -9 45 20
-87 93 15 72 -7 -95 -30 10 -33 -43 -81 20 -34 69 -38 10 97 8 66 81 -76 -82 47 88 -21 -85 70 -23 42 -44 86 -26 31 29 -67 -80 79 -12 -19 -92 -43 90 48 41 -41 -96 -70 49 26 -55 40 -83 -1 -15 -47 -36 97 10 -57 -92 37 -81 -20 -43 -1 56 40 -36 62 -21 97 -20 -80 23 78 21 12 69 -28 58 42 89 76 52 -100 -76 57 93 -6 89 -81 -22 -56 -40 8 -1 64 22 -29 53
50 35 -48 -55 -31 0 52 -51 80 -93 -70 10 35 -38 6 -7 -33 92 -11 70 34 47 48 -27 41 16 -25 -52 66 5 -77 87 -80 57 92 16 52 87 -67 83 -48 -59 3 49 84 -79 90 13 88 -86 91 -89 -65 85 84 65 -39 27 -11 -5 -14 -66 75 -50 16 6 -19 64 45 72 76 -35 -57 -20 81 -68 92 94 50 25 -72 26 65 -46 59 72 -55 -79 23 -35 -54 -48 50 95 34 66 -4 5 -9 -64
83 -3 58 -93 -48 72 90 84 41 55 -2 14 -38 -77 93 83 22 98 72 -90 93 -57 -74 -77 -86 -40 28 66 -39 -54 -81 32 70 42 -40 -72 -74 3 -20 82 72 -56 53 74 43 -61 22 18 -19 87 -9 -39 -69 75 35 23 39 59 23 14 -80 3 -23 -23 4 55 69 89 -11 -57 29 -41 -50 95 97 40 15 76 41 -66 -26 -76 85 -69 -80 -20 89 2 88 73 35 12 -12 41 -20 92 -73 83 53 58
73 -23 -76 26 -6 62 18 -61 58 68 -56 -33 67 90 -32 -16 -66 12 -50 -6 -93 -75 49 -69 -18 -10 -25 33 -74 53 94 49 -2 78 22 23 29 48 -34 31 -99 -18 -49 34 -80 -23 21 -16 -77 -12 40 34 51 -82 -59 46 -14 -4 12 -62 -22 -64 -11 -74 -91 82 59 -63 -5 -17 8 91 -97 -67 -41 84 26 65 -20 -34 -56 46 -99 -7 -74 -88 45 84 90 -38 -32 -1 -39 -57 -78 -96 -17 -65 29 57
76 2 43 -41 94 70 26 -47 -88 -100 -28 39 33 85 -38 7 -9 -30 0 -93 -39 93 -29 77 -45 95 81 -6 -45 30 32 71 55 -6 89 76 -23 26 -55 -7 -79 -7 -53 39 82 -12 97 -4 81 -74 -32 19 -20 37 -32 8 67 -83 -34 -65 82 -17 -42 66 -94 74 60 -31 85 67 -80 -24 31 43 1 -23 20 -77 16 -3 24 12 -60 -72 95 -89 -20 70 -61 -28 -73 16 96 -75 -31 -7 -11 -8 -63 -24
-1 91 11 91 22 -48 -85 -52 68 59 30 70 64 76 49 51 -63 -28 -23 -47 31 -5 -87 7 0 -99 -58 -17 95 -50 -4 -64 -97 -34 66 -17 -50 -30 -67 -5 -19 -23 -9 51 -22 -1 38 37 -40 -69 57 -67 49 -100 -34 -44 22 -66 -42 68 -29 34 88 1 -62 -19 88 0 29 21 -67 46 -22 20 -72 -79 -37 -7 81 -33 -15 45 18 -47 -90 -33 64 57 51 45 -35 -20 -5 -8 -37 80 -32 -77 -82 -35
32 -12 57 -51 -71 37 22 -13 25 -40 -58 -98 88 35 -72 -28 54 -91 -35 61 -99 -90 42 -51 -66 -13 21 -40 61 47 10 -90 40 -42 52 -13 28 49 -27 53 84 32 -11 89 -54 -76 78 76 -49 -35 95 29 26 -68 19 29 -23 16 58 -4 53 39 -94 73 -68 -82 -56 -29 28 40 -53 0 -34 73 -96 -51 35 62 38 -75 47 -23 -32 -11 -52 25 26 -28 29 -67 24 -65 -7 -56 -87 -85 68 72 46 11
-10 76 76 61 32 33 98 38 -94 -44 -10 -76 56 -18 -82 30 32 65 -77 -91 26 99 29 -70 -58 73 86 79 49 -64 -100 -20 34 -60 5 78 -63 78 12 24 -9 4 -76 -13 1 -17 19 -33 42 35 39 78 -13 50 -9 54 -94 -96 -98 14 96 -78 5 -57 70 40 6 16 -29 -96 5 -3 -23 -40 81 -83 -21 47 74 45 -69 -10 -29 -49 -38 -78 -52 -71 23 12 -9 -13 -64 -67 -6 79 -22 6 -36 28
-47 -78 8 96 -47 -96 96 -61 -4 -29 16 -88 3 93 22 78 68 62 94 15 78 -56 -59 -24 -54 -100 -100 -97 -72 -27 77 -74 56 -13 -99 79 -89 99 -28 -64 -54 -8 91 -27 -40 -76 86 -72 -95 -72 31 -85 53 -66 80 -57 -91 -60 5 -52 35 73 76 -17 58 -8 1 50 4 -33 61 19 89 34 32 -34 14 74 -1 14 6 -52 12 -69 -37 64 46 16 -84 -97 -79 -83 -6 -8 -43 -9 -45 -47 61 52
-5 18 -14 -61 -21 -69 -69 92 74 -93 -56 -66 -7 52 39 -35 -36 -50 -93 34 -95 88 -37 63 -28 -87 94 21 13 -17 -39 8 -29 41 50 -22 80 -51 -13 -96 68 15 -66 -70 98 -72 -39 96 68 32 41 -25 -17 -81 -19 30 60 11 74 51 -83 -53 79 -78 0 -80 14 -52 38 -87 15 49 -12 -79 16 -88 3 33 59 33 -93 11 50 -5 87 6 79 -11 -10 -19 -93 -81 47 16 -85 93 -65 20 17 -22
