-8 46 49 98 -18 -63 -68 -76 -76 -72 -55 -43 91 33 50 75 -65 -30 -100 -92 -96 61 -34 -88 66 70 -44 24 79 -81 -41 -89 -73 -96 68 34 86 79 -64 51 39 98 -5 46 76 93 -60 -40 46 -59 10 -15 -51 6 -63 38 71 60 -11 -93 6 46 38 -29 98 -73 -53 -87 -48 -85 8 -65 47 -39 34 -82 -65 87 -74 75 69 71 60 31 95 27 53 -99 -52 68 41 5 45 23 75 -100 66 33 16 -88
35 -11 -97 9 88 -71 42 -83 90 20 -94 -20 -47 25 18 17 11 -88 42 36 -27 -67 51 4 72 81 42 -42 -86 -7 79 -6 -26 -97 -52 30 28 6 -50 -38 97 -67 91 27 32 -25 -86 26 -67 -39 -50 19 -94 -35 47 -88 -40 -84 0 64 -8 54 -66 49 26 -61 45 -36 -6 -51 81 13 -78 -34 27 54 66 -92 -3 69 -33 -9 -81 85 -8 -4 -39 -22 6 -62 38 83 -89 -85 -36 63 -7 -89 -88 59
33 -19 36 -72 48 -83 29 -53 51 -49 -65 33 -11 86 -74 31 -37 -7 -48 -1 -94 43 11 -31 -66 -68 -96 50 -13 -84 -65 73 -96 80 51 -15 1 -37 -53 -32 7 -9 73 -5 23 27 -57 -9 -24 -63 2 -32 80 -9 -80 -92 42 87 -22 36 -66 49 2 -83 -81 -84 22 -31 -41 -77 81 96 8 -88 -97 9 88 6 4 -89 -50 4 48 81 -92 70 -50 -55 12 -11 44 27 70 67 -85 -47 -81 39 35 4
76 82 -39 -21 -2 50 -27 33 -13 -55 -6 -24 71 62 -93 2 69 60 -13 28 70 30 68 -20 63 -32 -86 75 -15 39 45 60 -54 27 -40 15 5 -49 83 75 -30 -95 -42 38 89 -36 -37 -90 80 -68 14 75 43 46 37 19 50 86 1 52 -48 59 69 14 -54 66 -19 0 -90 72 -37 50 -6 34 25 45 57 85 -41 42 -33 -56 -41 -24 4 77 66 -46 46 81 54 -79 49 -5 -37 -1 -44 -99 62 -35
-85 -88 26 84 -10 11 99 -36 -91 61 79 22 -14 -72 13 -41 97 30 -40 15 69 -35 69 21 -41 -32 -98 -52 12 85 26 -83 4 -23 -22 -51 -82 -66 -62 67 14 12 -32 14 -45 63 -86 11 -88 8 -44 88 -15 -98 -94 26 -36 -5 34 -62 85 -10 57 -57 57 -25 30 -77 11 -73 20 53 63 -82 12 68 77 -50 -46 -23 -24 45 24 95 -71 -88 98 14 33 -3 -14 -39 62 73 -73 11 58 28 29 -58
21 60 -99 27 -19 -82 40 34 8 -97 43 94 52 -53 41 55 17 -65 81 69 -97 50 73 -30 -38 -44 83 41 34 -91 -50 13 23 24 45 8 31 35 8 -16 98 -92 -72 -86 6 -92 -98 66 59 55 23 -15 -1 -54 44 18 89 -99 12 99 -4 49 8 -92 41 31 -66 -5 -62 -24 -71 -35 40 -30 69 84 83 -69 5 -19 -62 -38 -44 40 72 62 14 -65 -3 -19 -5 -26 -2 -27 -10 21 -94 72 45 92
-3 27 -24 -97 26 -30 60 -92 95 28 -19 50 -38 32 64 -98 -43 7 34 -87 -12 -33 66 -27 -90 32 -88 40 -87 -8 71 95 79 3 -52 -1 1 65 -83 23 -6 45 -99 -77 -92 -37 84 -53 -52 -37 -37 47 -46 68 31 -77 -75 38 -9 55 80 -73 5 -54 -90 -1 -38 -51 -61 16 -28 13 -6 -7 -55 -25 92 48 11 94 -17 16 -52 -12 81 -26 1 23 77 28 -58 -23 -31 -49 -33 51 -67 -33 -16 3
81 -71 -96 64 58 -48 52 -32 76 -62 -13 -37 58 77 -92 19 -1 52 -96 -38 -30 25 -100 -57 -67 15 26 -14 -9 -83 -99 17 8 -8 -10 76 -99 -35 92 -69 -18 -40 -85 -81 -95 -72 -56 63 -12 53 68 -99 -31 54 -39 -20 -54 -98 74 -52 -25 -16 -35 -41 7 77 54 47 88 -30 -73 10 0 -91 -23 50 -47 -17 73 71 38 -56 62 -26 -17 -46 -15 77 -22 64 -85 -31 72 52 -96 62 88 -80 9 -94
79 -39 20 -97 81 31 85 84 0 8 90 -81 20 26 -1 37 -4 -61 -12 82 -19 93 -73 85 -34 6 -99 72 -14 -51 -60 89 48 -9 49 -36 84 95 -93 -60 -53 -55 -65 71 -94 48 76 18 -6 -74 -44 60 -43 -75 -80 -60 -99 -62 28 -65 -94 34 60 62 90 -42 12 7 92 -3 -27 -90 -67 -87 -83 -92 6 -41 -86 43 -75 -61 -7 -74 67 -75 49 -82 46 68 69 47 -71 -57 -90 24 19 53 29 -61
55 23 -57 95 50 -99 21 -35 -50 -16 93 -89 57 -50 28 43 82 -27 -9 1 -79 -40 -37 48 -89 21 68 -64 -39 71 -91 -93 -5 -85 34 35 -82 -30 89 -36 69 36 44 -20 -78 43 -26 -61 -96 67 -47 -16 -8 16 89 53 29 22 -20 2 86 48 1 45 20 73 -57 -57 -65 34 -60 63 24 78 12 -52 -40 -13 25 -25 38 -94 33 84 -99 19 10 21 51 63 -51 33 71 -11 -42 -65 -52 -89 -66 -74
-76 45 -11 16 0 -62 -74 -4 36 2 86 -47 -82 -47 19 -82 -77 30 98 -88 -29 -5 8 -7 -5 53 96 -91 29 84 -11 -90 -95 -8 45 0 77 -87 43 -15 24 -84 -1 -93 11 -61 46 15 -43 19 70 -14 -70 -23 56 98 98 -88 41 -39 -55 43 61 94 95 -90 -52 33 -79 -58 22 73 3 17 -83 -52 -14 82 38 -52 -45 68 11 8 -20 61 -66 -14 68 -65 -8 5 38 63 60 88 -68 51 -26 7
-91 -66 6 10 62 34 95 20 -15 43 -92 18 -59 98 86 -35 -50 -54 -23 50 12 -42 5 -96 -81 -30 -2 27 46 -11 72 -58 24 53 50 -100 -29 -66 44 -75 -12 -39 -45 -79 -70 91 -30 -33 -78 -44 50 34 81 -34 -10 2 94 29 26 81 -20 -76 -29 -38 66 53 -46 -8 -58 63 -83 -71 -17 -63 21 26 -84 77 -52 57 -86 92 50 8 -9 -25 4 -43 28 97 13 -66 2 0 -98 -37 -94 -46 -63 -70
-51 -13 -23 70 23 -99 -62 -48 -45 -99 37 -5 18 -58 31 -90 -16 5 -78 -15 -61 12 -53 -24 -42 10 77 36 12 50 -93 -73 21 71 -77 12 -23 68 -55 -85 -31 58 2 -33 -97 -95 83 94 8 -78 86 55 62 -100 77 -6 -23 10 64 35 75 81 45 -75 -56 98 -6 -92 -91 24 -13 -74 55 51 -31 -34 80 -93 98 -68 -82 43 -37 96 -5 65 29 -57 -75 -37 16 -39 72 -54 7 -7 85 15 -2 -76
-57 25 41 -71 -88 7 30 46 83 -84 -89 25 -48 -20 -4 91 87 10 -75 46 17 44 -36 78 34 78 19 -74 24 98 -83 -84 49 85 -68 -100 -88 -48 14 83 -40 44 57 59 18 -86 -29 55 -30 82 72 26 -20 38 95 2 -94 51 -81 -72 -68 -46 58 43 -24 42 -85 -84 -36 -58 -44 50 -86 -40 58 -42 77 -34 -5 68 0 -100 -26 -52 -50 64 -65 95 29 -97 -3 62 -6 50 -7 -18 -81 -41 -7 -91
56 1 -55 -86 97 -8 -90 -11 36 -99 -73 64 -100 -45 24 -65 27 -34 -35 4 -14 -49 49 78 97 -86 -93 -32 -91 77 80 -5 56 -4 -26 -71 21 -22 -91 -68 55 -30 17 76 11 88 9 -96 20 -24 2 -75 -64 -35 -53 -37 -71 68 47 54 -58 25 -66 -28 -4 34 7 -84 -100 72 54 82 -50 57 42 94 18 -48 -17 -79 23 -38 55 35 33 -48 39 -67 -84 44 -9 -68 0 -97 53 -74 2 79 0 -55
49 13 93 20 -5 -51 -16 84 63 -94 -28 16 20 -54 11 47 -73 -39 40 -35 -13 67 -75 -39 -88 -18 -90 11 86 -54 79 -1 75 -31 79 49 79 22 74 41 14 -19 -35 -93 -10 -34 -76 -8 43 -45 18 76 42 59 86 38 13 -70 5 47 -64 -44 3 -93 -7 -49 87 84 27 -17 -5 -49 -49 -56 -26 14 -78 -52 -71 98 34 -20 61 -24 14 -10 -60 -99 27 23 -11 -63 -7 42 -12 70 -77 -13 3 -97
-56 31 -5 -43 -1 79 99 77 59 -28 46 -78 -89 48 49 26 -29 -1 28 -4 70 -69 -28 47 18 83 20 -89 20 78 83 92 -14 -68 48 -42 -72 13 90 -32 -12 23 93 66 -41 40 12 -38 -45 90 -51 -1 -39 -55 -99 68 -99 26 76 71 29 -81 -1 12 -20 98 14 -6 40 -47 -38 72 94 72 18 53 -75 6 -64 -71 66 -70 25 -74 -58 72 52 -70 -28 16 9 85 -24 57 -36 -2 44 -49 69 86
67 71 -72 -24 -43 39 -47 81 75 -72 -62 78 30 51 95 -68 19 -23 22 40 90 -10 -35 -68 -72 -51 0 -59 -80 22 82 -29 -18 59 -92 41 89 -53 55 -73 43 27 -34 52 -60 82 -76 7 54 19 -88 -35 -43 83 -66 93 -59 -19 -76 21 14 -26 28 -45 82 -62 -53 -56 -40 53 32 -55 -14 -76 57 -59 47 99 -6 -9 77 -1 -27 -2 11 18 -84 5 -54 45 83 95 56 76 64 -21 36 -48 20 98
-96 71 -58 -70 -78 -68 -51 -56 -23 62 35 64 80 85 0 96 -28 9 -16 -28 54 -33 -82 -69 -93 -59 -79 35 -77 52 -6 41 -45 -70 -75 13 27 -11 -91 27 18 15 39 48 -95 28 46 -89 8 -14 47 88 32 -33 -61 -64 94 53 39 -37 -5 68 70 16 67 -74 -44 71 -26 -38 90 -98 70 -72 99 -28 85 31 20 85 -52 -92 91 0 -26 -72 -84 -32 39 -32 9 64 6 -56 -20 89 -80 -8 91 -25
-75 96 16 34 -74 26 -17 -6 -47 -30 -47 4 -37 -17 -52 73 4 94 44 -41 -33 -40 99 14 24 -33 -95 -61 34 -46 66 53 13 -38 52 17 31 95 -59 82 64 -98 75 0 67 -92 56 -5 -20 11 -61 95 -71 56 72 25 75 -52 43 -64 3 90 -93 59 92 31 2 52 32 -37 53 40 -25 44 5 37 -57 97 -74 62 52 -76 -49 45 -80 -62 -55 -56 -21 -44 1 19 22 -86 27 -26 -53 -46 -24 22
58 -88 -70 6 -97 -100 46 23 56 90 -52 88 -40 27 17 -75 0 -34 64 -67 44 31 70 -68 78 62 98 82 -76 -62 80 -57 -13 -34 -9 -12 36 -23 22 -76 95 -54 11 -12 97 -75 -24 -52 -18 22 -68 -1 49 -44 -54 57 7 2 -2 6 8 77 1 -33 -97 -79 -15 57 -74 -25 17 59 -22 48 -66 48 -60 43 91 15 54 -93 -100 5 60 -5 93 51 88 -99 18 67 -37 -46 41 -36 0 65 -65 -87
-50 -18 43 -100 -56 50 91 -36 30 -62 80 -8 24 -87 -67 -18 41 -75 -83 17 1 15 -65 96 -19 -28 85 -76 -1 -17 93 -29 69 59 73 -72 42 84 25 77 -26 -25 76 71 20 -42 29 8 -22 83 -76 -37 -44 3 15 -42 61 72 -18 -14 5 -67 96 34 -76 64 -18 -63 31 -86 -13 67 -99 -28 56 -50 86 -82 -38 -86 64 94 83 -4 19 88 43 9 -84 82 -20 -75 -17 95 -40 -46 -48 -1 99 -18
22 -26 -82 -54 -34 -75 34 2 -50 -2 58 64 -79 -94 76 -18 -73 -93 -5 -82 48 -68 13 -13 -44 -26 -14 84 48 -40 -85 -16 -59 60 9 53 49 -61 48 35 30 50 -55 -9 60 87 -91 -14 -60 29 -56 89 54 99 -5 -66 -62 0 -80 -42 -26 -68 -5 51 -32 -60 20 -50 -50 27 0 46 6 29 5 37 60 83 49 -48 22 79 -75 42 83 -12 -81 -78 -68 -48 -41 24 -79 -69 -46 32 -11 -55 -49 47
47 55 -18 30 -98 -56 72 93 83 -61 -73 -97 75 6 -27 49 78 70 -16 13 91 -45 79 31 -97 -89 28 21 -29 -2 -65 -59 -74 -82 24 8 94 34 -12 -48 39 90 -12 17 -87 11 -34 -79 14 -37 -16 -51 16 -49 -10 28 49 6 -3 -72 95 56 -53 46 -66 -84 -67 -8 -14 -91 28 -42 64 39 -19 -77 38 3 -77 -99 44 -38 66 46 -71 -54 -56 -97 62 60 -1 68 5 74 92 40 -46 20 -32 -97
-8 -53 -74 9 -53 -100 7 42 79 -89 71 8 -40 -31 -1 -84 55 83 63 60 78 87 -82 20 32 -98 26 -26 -58 -3 -69 63 54 84 68 -97 -10 -35 59 -58 -71 -75 24 -91 -44 -35 39 -80 93 17 42 25 -42 50 -90 99 13 -89 -51 87 37 30 40 40 -43 42 -73 -4 -12 -41 -42 53 -54 -35 -25 -7 53 72 31 -45 -32 59 -42 -90 -9 74 98 -4 53 93 -7 84 -4 -31 35 90 12 -63 67 -73
6 -56 -39 -62 74 -24 -22 49 68 98 74 85 -46 -33 89 86 -97 -99 -56 45 -13 79 87 91 -19 -100 -4 63 58 5 -71 -67 -75 -40 -22 81 -31 94 -83 67 -60 62 -1 -9 20 -98 81 -55 70 -45 -51 -30 35 34 -8 -39 89 -69 -99 -89 45 44 -35 -95 28 81 -89 55 68 54 -80 35 -84 -75 -97 46 50 -86 55 29 90 45 -4 -4 -55 -15 -4 73 -74 -31 74 -41 -64 -66 53 -87 -45 -43 99 -5
61 27 34 -45 84 -77 -86 -66 13 56 -99 95 38 52 -6 -37 -22 57 66 92 57 -74 56 -45 -1 -85 -64 -38 -34 -69 -60 52 -32 -68 -33 -23 8 67 -60 -9 -27 68 -35 5 64 19 33 -90 -77 23 -66 17 -36 -17 -11 67 90 -74 -7 79 60 72 -39 78 -100 66 -18 -72 63 33 -13 -93 -64 58 -71 83 61 52 76 9 -10 -46 -53 -78 -37 6 66 42 82 91 76 1 11 -64 -86 -5 -73 -84 -94 15
71 66 -29 -14 8 71 1 -49 -84 34 47 -54 -24 -26 -28 -35 -10 -95 -36 82 22 -44 -6 -43 -67 62 -100 78 43 -49 -51 9 48 67 10 59 2 42 52 -33 57 99 -37 49 -43 94 33 -97 -85 54 15 64 -91 43 -81 17 -21 -50 -73 -28 -60 15 59 -22 -32 -77 -49 8 -94 -71 -90 -98 -32 69 -17 -58 -96 -82 -93 -82 -38 99 -81 -76 78 -4 92 -42 14 52 42 35 -78 -8 -77 7 0 79 -94 -57
-36 -13 87 80 66 22 75 94 99 1 -5 10 -91 52 -21 -82 -35 44 -53 24 -25 0 37 5 19 54 1 -30 16 82 -7 74 2 -75 0 -65 -70 -91 36 -74 19 48 -100 -29 43 -2 -15 0 -18 -82 38 -99 -22 -7 51 -48 91 31 -1 59 44 -60 -70 -48 -60 86 68 48 64 18 44 67 -81 -90 55 -80 4 -87 34 5 80 69 87 34 -14 -6 -78 -55 -82 -79 55 -66 65 61 -67 8 23 -64 -72 -97
93 22 -41 -46 81 -71 -2 -11 83 8 77 -58 72 -33 -69 89 -57 -20 27 70 -70 -53 -69 -34 42 36 -21 91 93 -26 -54 -57 6 97 -72 -33 92 85 92 79 34 33 -37 -100 -27 -21 55 -99 21 -28 25 29 -55 98 41 72 -100 -14 -18 14 7 -11 27 -85 93 -100 5 37 74 -78 50 -71 -32 -26 -51 -93 50 -92 -53 -75 26 -96 -52 -54 55 -96 32 16 21 87 -48 -82 -37 55 84 78 -25 68 83 41
-69 3 -36 55 -1 -39 36 6 44 1 8 -38 -36 -3 -22 -48 24 -62 -28 -28 -45 -84 -65 66 -1 22 23 97 98 -18 -90 -73 50 -9 83 -100 -17 37 72 65 8 -13 16 22 48 19 -42 -38 -91 -58 77 29 82 -89 88 14 79 0 21 98 -46 51 -31 -16 -83 -82 -62 88 56 -73 -35 51 -45 9 38 -85 -88 -63 -29 -5 -37 53 31 -98 -9 63 81 40 64 -55 6 -91 -19 56 -93 -3 62 77 -55 93
-9 -93 -47 48 -37 82 34 74 -63 13 -60 -71 -93 -62 12 -94 -14 -6 -51 71 38 67 73 -54 -97 19 94 1 -23 23 97 14 33 41 -22 -72 -63 5 -18 30 41 -50 85 -30 39 -72 22 -24 -1 28 -23 79 71 -31 -81 -78 65 -12 81 -71 -2 -9 -22 96 11 31 -34 3 -80 -88 53 -36 -67 9 42 -65 63 82 94 80 12 69 -31 89 -80 9 94 36 -22 -49 -90 -47 73 -12 -48 27 41 57 -98 -56
26 56 -61 65 -86 67 -37 75 86 25 68 -36 -91 53 -86 -99 86 51 -28 -47 23 50 92 69 85 -26 63 -33 15 -44 -74 26 10 -53 37 -82 -85 -25 68 91 -18 91 40 -33 25 -41 56 -39 -66 -50 95 -66 -87 -24 -4 -67 44 -77 -62 2 54 8 -39 -81 -63 39 -19 63 22 -66 32 -68 -54 -79 -8 -98 -8 86 26 84 -88 64 -37 -1 -70 71 -73 78 25 86 75 41 20 -28 -38 16 61 43 85 -86
-6 -49 24 -53 2 -29 14 59 -59 -72 -33 44 -78 -99 -67 79 -17 -62 -97 -66 -63 13 -5 60 5 -30 58 -81 -65 -45 98 30 -59 -32 72 -80 94 -12 73 30 -30 -74 -81 24 -28 -21 -90 57 60 60 37 5 -34 94 -68 15 -53 79 -29 50 80 52 98 77 75 -55 -63 23 65 88 91 29 -30 33 -37 -61 -30 -50 53 72 -67 -54 -45 -75 -26 -72 16 99 39 53 -54 45 -24 2 58 -56 -73 24 81 -32
-75 80 92 -53 -6 97 -72 66 -27 -24 67 -79 26 -69 -11 84 -19 -8 2 -14 -90 16 -9 -29 71 75 -44 -46 -97 -68 64 -49 -89 -56 56 60 12 5 -50 -87 -96 32 -17 9 -11 41 -63 4 14 -17 -85 7 98 -13 -84 81 55 1 -45 -54 -69 -75 -10 -57 -49 -5 -26 -99 87 -8 77 58 -33 12 65 -34 57 37 82 -79 -76 3 74 -87 99 35 17 -21 44 -19 8 20 91 24 52 -26 24 -95 97 -37
-25 -55 23 58 14 91 -94 32 5 41 48 36 41 -13 7 -84 55 0 29 47 31 -52 -97 40 12 97 -95 69 2 -21 -78 -23 -72 -56 20 -22 -21 -78 84 -34 34 94 -83 72 60 -35 -84 -20 41 -16 35 37 -84 68 92 69 42 30 1 -59 33 44 -72 -79 62 -96 82 -59 93 37 -32 38 39 15 -26 -53 -52 -25 -67 68 -65 -55 -98 20 20 23 62 70 -36 -90 -69 81 -10 -72 -76 39 11 58 36 18
15 36 -14 68 74 21 -32 71 22 15 -48 19 -2 -54 -61 -32 35 -60 -39 -57 57 44 -66 -55 66 -95 -64 63 75 -56 -23 -13 17 70 99 -67 -64 -72 -60 62 98 -37 82 -9 -99 -90 -5 80 -42 65 4 -51 -57 -98 13 99 -51 98 -84 -99 3 99 -11 86 56 19 -15 23 22 14 3 73 -28 -50 -19 -92 -81 -94 17 17 96 -80 52 47 -95 -69 -41 -53 -54 9 -15 13 9 -11 -65 30 -81 53 44 -52
-39 76 -25 15 72 79 57 6 88 -26 89 -97 88 51 -7 9 -25 93 76 -26 97 19 76 69 -81 -4 78 -38 -50 64 -23 90 -81 -8 34 16 -31 -65 36 -80 -11 51 25 88 -33 -21 -92 37 20 52 -54 30 -61 -56 -45 -67 -85 -8 86 -91 62 -30 19 -9 -66 91 86 80 -90 -11 -16 26 2 -14 15 -13 86 -63 -100 -78 5 -76 -35 -72 -43 35 77 16 -72 24 -28 -82 -85 23 -7 36 -48 -53 51 -60
67 -29 67 -78 -51 68 -1 -9 -18 -54 -64 22 -32 70 19 26 38 -17 29 -82 21 70 84 -74 90 -43 -14 84 -99 -97 -98 16 29 24 15 3 -83 -83 81 41 -94 39 27 -67 -78 9 -3 23 31 -31 71 70 85 9 -82 84 45 76 -51 54 39 -69 -88 45 -78 31 15 95 44 11 -75 -83 -98 -48 92 40 27 21 75 -75 72 -38 63 77 -54 19 11 -24 -72 -57 -87 32 -37 94 15 -24 -72 3 -56 -54
-12 -82 48 -72 17 -98 -4 45 75 -61 32 -36 -6 -40 -96 97 -30 -94 -11 -63 -95 -34 -66 -32 -42 49 -71 -70 90 93 -87 59 -58 -62 -67 10 -30 80 -83 24 5 -14 -53 30 93 78 37 98 -66 -92 32 -32 27 -5 2 88 74 -32 41 -12 88 59 -17 26 -47 -51 -12 50 42 51 -48 -32 0 4 28 -78 23 -37 98 37 86 99 -12 -48 77 -18 -2 40 -82 90 49 -59 8 62 15 -66 -19 -56 -13 -73
51 -58 78 -15 -7 48 53 76 24 -62 82 -47 23 -63 42 48 40 -85 -22 46 17 39 70 21 75 -51 10 -24 -20 -12 -84 -11 -41 -76 -35 -99 -95 14 82 26 -57 17 -56 -74 46 -13 11 65 68 50 23 62 80 -26 15 -81 -84 -79 8 41 -94 63 -55 93 -45 53 44 -89 42 -13 -71 38 -30 43 66 50 -60 -48 -100 -56 17 -13 33 -91 -81 1 88 32 19 43 -15 90 -49 22 -95 29 -99 -78 -5 -56
3 78 90 -99 95 -91 78 24 -79 0 -56 76 1 -75 -21 -98 94 -85 -26 75 -99 -55 -51 58 60 15 -46 -64 28 -52 -31 53 37 -26 -96 43 58 -64 -93 -45 -68 -79 60 -34 -9 80 -11 -6 49 38 -5 45 -69 -29 82 -15 -75 40 -53 77 -18 -27 -26 -24 -21 -27 43 -75 -77 -23 72 90 -2 65 83 74 69 31 -47 63 88 4 -39 69 -7 57 20 -18 46 -88 -6 14 -56 -24 -59 -49 81 -100 -91 -57
51 26 30 69 12 85 -61 -60 -51 -19 99 52 -11 -71 -68 25 -39 85 -63 -31 -94 -59 55 47 -66 -58 -51 -39 -60 -32 -47 -91 59 -8 -77 -52 -46 -85 -24 -63 3 -33 -92 88 81 73 77 97 92 82 91 3 79 79 -96 -65 -30 -90 97 -84 32 -42 -20 -2 -45 49 -85 -25 91 77 41 -28 -77 5 53 85 79 70 59 1 -75 10 -41 -42 -44 19 39 -100 29 -60 -75 69 -67 -84 -73 -47 -26 4 62 30
-8 91 35 54 -94 59 68 88 -19 -12 -60 84 71 53 -52 28 49 25 23 -35 92 -42 32 -22 -87 -47 16 -50 30 -61 54 -47 -90 -54 -61 -64 9 -43 56 17 53 25 61 70 -47 -22 -96 94 89 -12 44 74 -49 85 -63 0 -65 -58 -73 -100 -83 25 89 -37 49 -48 56 -69 -50 12 55 79 -9 -63 -96 19 -85 46 26 -28 63 3 -19 12 -93 -85 45 69 -34 62 88 -2 17 58 50 -69 66 -58 -16 36
-13 29 -62 -19 42 -42 -60 4 8 -37 -37 -31 1 73 -75 -2 77 -77 95 85 -15 83 -91 -49 40 42 -100 38 44 -69 14 58 -81 1 90 60 49 15 -25 -46 29 25 -88 -88 -27 -39 79 55 13 87 -90 -98 37 22 20 -42 -49 -21 -58 -38 -20 -76 -63 -72 -25 -72 -12 -89 -75 98 12 -72 77 -64 17 -79 -5 -21 26 -47 27 72 -38 85 -18 29 -75 -10 -82 73 -49 22 27 -90 -84 51 -94 -78 83 -58
-20 58 95 73 26 -9 73 -100 92 54 -68 88 -28 -29 -72 -50 -52 71 17 71 83 -72 -100 -82 -97 -38 -99 -21 90 -71 25 99 -82 81 -68 43 -78 31 -16 -87 -82 -74 -11 -58 7 73 -94 3 -44 -2 80 -7 -79 46 47 59 30 70 83 -37 -76 -57 -21 94 70 14 -23 -58 95 -28 -89 65 -43 -43 59 -58 27 -86 -28 85 -59 24 42 76 12 57 68 96 -22 -66 75 -10 8 72 63 17 60 59 39 71
-59 -40 -40 -32 -64 -59 -96 -48 95 4 -62 -39 11 -44 -80 55 -72 -99 96 21 -42 -63 93 57 21 -93 -56 31 -4 99 -32 -31 -97 73 -45 16 37 51 -62 77 -91 -63 28 86 -99 -15 -14 83 44 -59 -35 -66 98 38 -63 85 60 -6 -81 39 -53 -43 -12 -50 92 -86 23 -65 9 -17 -14 -45 -16 79 82 -27 56 43 -6 11 63 11 -24 32 64 67 -19 -14 6 -100 27 39 -2 2 -5 -8 -67 -88 98 -82
-90 94 -88 -74 73 -59 89 69 -21 -99 47 -100 -95 54 58 28 -22 14 -4 -64 -65 -62 -34 67 4 44 52 -51 66 45 2 73 -22 36 -92 -96 -87 -82 -58 -75 -76 38 13 0 -1 -65 78 40 1 -60 -60 -53 99 16 92 30 92 -55 -64 -31 -93 80 -36 70 -66 30 64 -6 -72 -96 25 61 55 25 -83 -29 15 93 -58 37 -7 20 15 16 -52 -38 21 97 88 -29 92 -38 82 -68 22 -14 -100 -44 -39 99
-43 98 62 -19 46 -63 -57 -1 66 94 36 -5 -64 -84 -69 98 29 91 -85 52 -50 30 -93 -99 2 -12 -78 -19 22 -41 40 12 -40 97 11 50 -29 -85 -69 -24 58 -59 72 64 18 82 -92 84 -68 -76 44 -13 21 -33 -3 -67 -25 6 -76 -37 24 29 90 48 -46 12 7 94 -21 6 -11 -60 5 -32 84 -44 -52 -76 21 89 47 22 -34 89 -46 93 6 -85 23 12 -22 -53 39 62 25 -13 -63 -87 -39 -62
22 52 34 -30 68 4 -14 -27 -68 13 -22 60 14 99 -7 -37 88 43 19 67 66 53 -100 70 -61 94 57 6 68 -18 -35 -11 10 85 88 61 -4 98 55 81 -37 41 86 -45 -57 -5 -10 97 36 -57 -85 41 -78 70 -59 46 7 2 -76 86 49 -54 57 -72 -42 84 23 91 -26 62 61 -37 23 -78 24 92 -53 6 -9 -61 51 -57 17 37 -38 -52 -37 35 42 -45 -59 -35 -56 -81 -59 -92 -7 -80 -46 95
14 36 -72 -32 -77 82 -24 55 -59 26 59 -43 -61 -68 -63 13 -7 -72 -89 -66 -70 64 -61 -44 42 23 56 33 -41 -25 -50 48 -47 24 41 95 74 -66 82 -61 38 -68 -25 -3 -83 87 -15 -24 45 -61 -75 -80 -19 34 53 -51 67 -2 -89 74 -30 -65 33 55 56 26 0 25 -3 -70 42 -82 -53 27 8 4 -30 -100 36 -41 -8 -79 -1 63 41 13 -22 -83 11 97 -25 -76 -76 -3 70 -70 23 -22 -13 -65
28 -90 20 -36 87 70 45 -19 -48 -46 -31 -92 82 65 -35 34 61 12 -73 -8 22 -58 -7 59 -4 -26 50 -69 21 71 81 22 -56 -4 -62 -82 -85 41 90 -42 -70 95 -52 -3 59 -88 99 67 62 -84 -74 63 -70 60 -46 29 -29 3 -100 -54 10 -49 -86 50 -75 -34 26 -15 -62 -67 -60 18 28 71 13 94 98 96 -89 23 -66 49 -99 -64 39 30 -74 20 60 -52 89 26 -34 -58 -88 -43 -64 16 -17 -94
80 86 60 -53 -40 -19 46 78 -29 37 10 -40 30 34 33 -100 -46 40 29 -28 84 66 13 92 57 -53 -7 5 9 -75 99 37 67 -7 57 -25 35 92 -3 88 88 -9 12 -16 -4 16 -4 -25 -31 35 -21 17 -62 -49 65 29 0 -39 70 99 21 -52 28 -14 62 47 -8 93 -78 -8 59 85 45 -69 59 26 98 32 -33 -31 -78 69 -70 -11 -96 66 -99 98 5 72 -93 99 -67 -3 -16 -48 50 74 -48 7
-60 47 77 -21 -84 76 17 -91 -63 -100 14 -88 -59 -32 19 -52 -93 -43 15 88 -66 -72 -38 -39 -34 58 64 70 37 -85 53 -5 57 -78 -74 -29 -10 72 53 -76 -44 -1 -10 10 -65 96 -99 84 38 11 -97 14 75 -42 24 -20 93 -55 41 -40 -100 49 69 -98 -6 -57 32 -64 -30 17 -88 55 -14 25 9 58 29 86 -87 -87 51 55 -60 -17 -9 -78 44 -1 -65 -19 34 -57 11 -45 8 68 47 -38 -26 71
-77 38 43 -7 45 58 -17 -92 -62 96 48 -34 -96 -14 50 -56 -6 62 27 -56 -87 14 98 -25 92 72 23 50 69 -18 56 64 16 54 69 -92 84 94 -17 73 44 4 27 -76 -29 -52 -44 23 46 23 -31 -60 -79 -56 -39 -66 99 -16 -57 28 -67 -10 -81 -34 -43 -4 62 -69 -21 -87 -58 -91 75 -79 -93 -30 -40 53 -7 -9 28 -93 -52 84 35 9 -82 -1 -71 88 73 -20 2 -14 -64 -86 86 -61 -8 -52
-25 -88 96 -22 -45 94 71 -45 -15 80 45 -75 -9 -29 44 -79 -68 -96 -50 -88 -80 -37 -19 -27 29 58 -63 86 -12 97 -79 -72 6 -41 -4 46 42 19 -29 -92 82 76 -85 38 10 69 57 35 94 -1 16 15 -29 34 8 53 36 30 -32 80 -31 35 23 -51 31 5 -39 84 -16 -19 -38 8 -92 -59 50 4 35 -8 22 -76 -93 74 78 89 31 40 1 44 53 -20 -85 86 64 -58 72 -2 -48 67 4 -41
-80 56 -96 74 -16 12 37 23 -56 -22 57 -77 -6 -84 -88 39 -24 67 -46 0 92 98 -54 6 15 4 -76 -13 -73 54 70 18 97 99 84 95 74 77 -88 -69 -15 -71 -11 39 28 -30 -52 -20 -81 15 -26 -81 78 -20 63 72 -91 64 -24 -46 -29 -13 -94 -28 -44 -7 30 78 -13 -97 78 -50 55 -82 34 96 -64 12 86 -55 -91 -77 -30 -70 -39 43 -90 23 -17 -76 -95 11 -16 89 33 -43 80 -70 -59 -20
64 71 -82 -38 72 -100 66 8 -96 52 -94 -22 9 -84 -46 -91 92 -72 34 -100 -27 -83 -52 15 -13 -15 92 90 -26 23 -32 -37 7 -41 57 -26 -8 -40 66 -19 63 -30 60 32 90 16 -40 0 -72 45 -75 -88 -25 -61 92 -76 91 -45 79 54 -46 -49 23 14 -90 38 -86 -27 -33 62 70 -93 -99 65 -89 -7 0 -79 68 -63 47 71 31 -35 20 59 -80 45 75 60 44 -86 -12 -18 -15 -30 63 41 -12 -98
-90 99 68 92 83 -86 -86 53 57 -99 -6 19 28 53 -89 -52 82 -20 2 -37 63 -80 41 -25 73 -33 14 89 85 -97 38 -72 13 -79 -21 35 96 23 -37 75 12 -6 40 25 -91 13 98 97 -80 -47 64 -71 98 91 -77 -43 83 16 -24 10 -80 -74 -60 -10 -24 -64 -37 -35 -41 94 -71 -15 -80 85 23 -30 16 -46 -81 1 53 -99 41 -75 -73 99 -51 79 65 33 -30 15 13 16 79 -92 91 30 91 -90
25 69 60 74 -74 -19 -56 46 55 -44 43 -66 92 -50 81 58 63 -41 -18 30 20 -82 42 -38 -3 -94 6 -15 -20 41 -13 82 38 -91 -66 29 -53 -51 15 -39 -85 89 33 83 -19 79 16 -57 57 -5 -17 65 25 40 47 -5 -10 -8 -21 0 1 -45 52 83 -61 79 -70 73 48 41 -4 -49 -47 97 47 76 -26 -46 -50 -31 -94 85 -78 74 -7 -23 -39 20 89 -74 10 19 -44 -69 79 -78 -44 -41 28 -62
78 33 -64 35 32 -39 60 98 56 72 89 99 -20 -62 18 -78 24 -20 22 -35 31 -76 -62 -64 37 80 -44 97 -21 -95 -92 64 49 -97 5 -94 -58 97 3 96 56 -35 81 64 75 -59 -11 12 -92 22 69 75 -74 76 -51 -24 24 -33 -29 58 -25 -97 43 -83 -75 21 -24 -46 -67 -25 -29 46 -24 71 -26 55 59 28 5 8 -44 24 55 32 54 -34 -39 47 -48 -62 17 81 -38 34 93 -74 24 -68 -68 -47
57 -36 -55 50 83 -14 23 29 -84 -24 27 75 -18 82 48 -85 46 9 -56 -32 61 64 -6 80 25 13 27 -75 -78 81 -92 -77 -99 -79 -95 3 -5 23 -29 30 -10 -39 -14 -57 -77 42 52 -66 -67 26 22 92 -17 -84 -75 77 79 -90 -18 2 71 45 -34 45 54 -50 9 -87 75 5 20 -98 -69 -54 44 0 53 1 85 -90 87 -25 93 19 -25 35 -18 27 -12 -12 78 -21 -68 -90 55 -36 -54 -85 52 74
10 -61 33 -51 -35 18 -57 -52 99 73 -53 -39 -5 -90 47 -53 -65 -45 -79 34 -8 -32 -66 -72 90 -97 40 -33 76 48 -99 38 64 -73 80 -12 48 17 62 93 56 -54 -88 -25 -7 -17 41 35 -28 79 46 54 -98 -82 -54 -69 72 55 -65 -26 54 2 82 58 53 -93 23 -62 -84 -30 -29 -17 20 -39 -67 -11 61 47 -66 -91 -83 -31 71 92 18 -85 69 7 -82 96 -3 42 47 40 -82 -89 17 -66 -9 -70
93 -22 75 72 -19 -7 50 54 -5 -86 3 82 57 54 -58 38 -23 91 23 87 -7 -4 80 -59 -58 -87 32 87 -4 -71 51 -71 24 -89 49 81 -33 -35 -7 17 -29 23 -35 -88 30 -12 -63 26 -2 -18 10 -79 2 -8 -86 54 -7 26 -9 16 79 -6 92 -52 3 -13 -40 -10 10 -88 66 54 55 65 -31 -65 -56 22 18 -89 0 -57 -95 -22 81 66 -84 47 -36 -70 52 78 -43 -45 -1 94 54 57 92 98
-79 92 -73 -87 -80 77 82 -16 42 -53 20 69 2 -82 15 50 -78 -21 -14 39 15 -28 -93 28 62 -58 -99 67 -23 65 -60 78 -15 46 61 69 79 36 5 -5 -66 -98 -77 82 95 -75 -43 -45 -60 -96 -97 -28 42 69 43 -33 27 -54 -39 94 91 87 39 -73 -47 97 -45 -54 -80 96 -12 65 18 29 93 48 -70 -39 29 21 53 -96 49 -78 -38 -93 -33 26 2 46 -91 93 17 21 -29 90 23 94 -99 57
-10 97 -82 -19 47 55 83 -3 -31 1 15 77 68 0 -7 -25 38 -61 42 -74 -65 70 54 16 -91 -81 -39 -97 41 -90 48 -22 57 27 -69 -70 -100 54 -90 -42 -38 96 49 76 -63 80 87 21 99 -13 18 94 -100 -61 15 -57 79 -26 92 50 -28 -50 -96 -52 -72 -25 -90 22 30 5 22 80 35 3 92 96 67 -91 29 -100 -16 -83 -100 -53 -97 -63 -40 16 -95 -93 50 -67 32 43 75 20 -44 -55 65 16
29 -30 -51 -15 -91 11 54 96 -34 76 77 -63 80 73 4 95 1 66 -88 86 -89 -5 90 -68 75 -18 11 -83 81 -94 -30 53 -20 94 87 -86 -53 15 -57 -9 65 -40 60 -17 -71 -64 -20 -59 -33 28 71 54 81 -10 -82 72 -28 -89 42 32 6 -48 96 -6 -89 6 53 -84 -19 -83 -100 -52 -70 82 -24 39 -49 64 41 41 -36 47 -9 -52 -65 -91 9 60 -53 -13 -42 47 6 50 63 8 -96 89 -57 -2
2 98 73 -24 -10 -84 -89 -91 -79 79 -24 37 31 84 9 85 -37 86 -28 64 -34 55 -93 64 -57 35 41 -11 55 -48 52 -82 -94 -35 -95 -69 -26 -12 42 -30 -84 -12 80 -61 -37 -79 99 73 48 -89 35 44 42 19 -99 -20 15 26 77 57 -70 10 83 5 47 -64 7 95 75 15 -19 -63 -45 -30 -56 81 -32 -91 85 78 -60 -61 45 -27 4 -48 15 -25 -16 -44 39 62 42 79 55 50 19 -56 88 72
-92 -41 27 55 39 35 26 91 -17 -9 18 -8 1 -86 -88 -23 52 18 -46 -27 -34 -80 42 1 -57 97 -79 77 -33 40 78 -69 -97 -45 -72 21 -87 96 64 -94 14 -83 15 0 -55 -94 30 34 2 -62 -40 -32 35 -9 -60 48 4 2 -25 -94 -100 -27 -78 2 41 -20 27 -67 56 -88 18 -19 38 -25 43 -67 73 59 25 -88 74 51 78 31 -40 -21 -32 -70 -27 23 -3 -66 -20 -34 -18 42 74 55 46 1
95 96 -5 93 56 -87 -82 -67 78 38 -85 61 -10 24 -62 -11 -98 -49 11 -37 -85 -75 43 -84 54 12 -52 66 -36 -15 -36 24 -31 47 -21 -54 21 -98 44 88 -30 98 54 91 8 -95 98 42 44 83 4 -25 -50 76 47 61 -55 -41 16 -90 81 -28 15 10 7 -53 -46 -89 -5 -27 -68 23 64 92 -41 20 -6 -93 -85 -97 90 -7 -13 -74 42 21 17 20 92 14 54 -18 -59 -96 -81 -74 -100 98 55 -61
87 -86 34 49 23 -88 21 -39 -74 92 -48 -70 28 -32 75 -78 61 62 64 -74 19 -36 68 69 65 -50 -94 -84 72 -3 -18 53 -4 40 85 55 -75 -26 30 -65 -53 78 -39 42 87 37 10 14 -27 -40 -63 44 69 -52 57 24 58 85 -50 97 -50 -77 23 -65 -68 40 75 49 46 72 -5 -21 27 -40 -45 82 -19 -67 28 -16 20 -55 -49 -53 71 88 -17 -23 53 86 2 -89 67 -78 -91 77 78 65 -82 -82
-66 81 99 16 97 -55 -74 -74 -86 19 -42 -15 -90 4 83 28 38 56 -74 30 27 -77 -44 58 -49 14 79 -4 30 -61 -92 -63 -47 -29 -70 50 46 3 -29 -96 82 17 34 95 37 22 13 37 13 33 -37 -21 86 -64 -11 7 57 -35 13 -25 2 -19 85 29 7 -51 -98 -51 82 91 -56 -59 -2 15 21 -3 15 -66 64 -67 -72 -75 77 -45 73 4 76 45 -1 -19 54 22 -37 -65 -89 26 -100 91 3 65
12 -76 -45 -28 79 71 -57 -36 17 41 -21 -55 7 80 48 -94 -48 4 0 -24 21 15 -69 -48 -63 13 -70 -35 38 -84 43 0 54 -70 9 -30 64 -68 63 56 28 85 42 52 58 -20 -54 0 -4 -34 27 -51 51 54 -22 -43 -80 -79 6 99 73 50 -9 -8 62 38 -71 -78 53 -96 -64 7 34 -45 -66 4 -73 -95 -45 24 38 37 -89 52 -45 45 -30 -91 -75 -70 14 3 97 -96 -58 3 -84 -2 61 20
45 30 20 -73 -100 60 99 -80 -23 -23 -3 66 85 89 -3 -55 -39 64 -66 -61 69 96 -91 10 44 -35 6 -21 44 92 7 -85 -25 31 34 19 78 -90 9 37 -83 -88 -97 -74 -52 18 -82 19 -13 -47 55 -36 8 -100 -73 -92 -90 -58 84 67 -10 12 -47 80 18 -23 -62 93 -78 51 71 -59 -98 -64 31 -31 -74 94 42 -17 5 54 -9 67 55 -59 -54 75 63 -76 51 -57 31 51 65 94 -56 47 81 1
1 88 -51 16 -13 -6 -51 -84 87 44 -92 -82 -23 -61 85 39 -19 -20 -72 -9 -79 86 12 -88 98 -34 44 94 -54 1 -90 91 -36 -11 -67 -73 83 87 -96 54 -76 -18 -10 -50 -64 67 -28 -83 -80 61 29 -7 4 69 -85 -92 99 -8 36 68 65 -81 -82 7 45 82 -41 -35 -11 -98 -79 -17 -8 -17 68 31 -39 -47 -66 87 -25 -36 -30 -38 51 -64 -33 24 -9 29 -48 98 -60 -4 -81 -90 35 6 18 -29
23 97 -82 -39 63 -95 74 55 -84 65 -13 -47 66 19 38 53 -87 -75 -54 37 -24 -92 -68 25 -49 -37 -40 -94 -62 8 -51 -40 -38 -21 89 -2 75 -40 -75 -18 47 47 35 78 78 -95 -48 15 46 -24 -75 -80 32 76 65 43 1 -97 -10 11 -85 27 86 -20 -73 26 81 -97 42 28 -60 -71 90 59 39 82 80 -85 -18 16 9 52 37 -28 -3 60 24 -99 18 70 97 -34 -49 5 40 -55 25 73 -61 -69
85 -74 -37 95 -16 -84 -17 -29 60 59 91 -96 12 90 -29 -98 -27 32 -92 1 14 92 -34 40 -39 77 -95 -98 -51 21 95 -13 28 -38 -38 17 -48 57 95 -15 35 87 32 63 -71 -66 31 -84 -60 27 88 12 -34 -87 45 -6 26 46 89 -30 -44 40 -37 -55 -83 68 35 0 56 -27 42 -53 -9 78 -88 55 30 28 -66 6 37 -43 -52 -14 47 43 -25 -49 12 41 -80 -65 -80 46 -68 44 -79 0 -99 -35
14 52 -36 -52 48 -15 -29 60 58 -88 55 87 -40 69 19 -33 30 -59 -28 -84 25 -63 76 78 99 16 -1 37 -30 42 29 -74 15 -56 -99 -18 -96 -72 -14 -22 -83 75 -90 18 -71 16 18 -98 -71 -26 -87 31 99 81 8 60 -9 57 -51 -10 16 45 51 56 -75 34 71 -61 99 -70 -75 -20 20 20 -66 -60 65 50 -43 42 -74 -30 13 -38 -30 -63 -10 77 33 -17 14 -22 1 -90 27 -69 74 -38 -70 -44
55 41 43 37 -77 49 -25 9 27 -35 -33 -80 -81 -23 -47 50 -15 -62 99 29 79 -9 -91 8 89 -58 -86 -9 37 99 -10 -37 27 -17 -15 36 -19 -36 -96 58 30 73 -18 12 -46 37 -42 99 -87 47 67 27 21 53 -31 -77 -24 76 25 52 57 13 52 -45 -13 -34 -42 56 -50 65 -78 3 -93 38 -37 -89 18 -84 77 82 -19 -60 -84 54 -75 -70 -92 54 -34 -37 -80 -14 94 42 -55 -26 87 -92 23 -73
-93 -38 -17 -20 33 -23 2 -96 -5 50 45 37 92 98 -59 42 -61 11 -32 28 46 28 48 -83 -61 90 -81 -85 24 -93 -28 4 -22 95 -5 -10 -26 77 79 -31 24 -24 -70 -27 -44 -19 -29 95 5 66 -76 98 68 28 82 -52 -66 -52 47 23 -40 53 69 58 48 -23 76 91 85 -42 -98 29 -72 -45 -20 55 52 -91 18 13 -70 79 6 -97 -94 -95 29 32 27 36 91 66 -27 -9 27 -97 -2 86 -99 5
47 -29 73 2 -52 76 72 -8 45 43 3 -50 63 -34 -27 37 -96 50 74 19 55 -43 68 -63 84 -79 4 69 97 -50 95 72 55 -28 59 -99 29 62 76 -10 -41 -78 80 77 -20 -37 -41 -36 -20 12 84 77 45 -94 96 8 41 -24 -41 98 39 63 2 44 -57 87 82 50 -46 -47 -93 -30 3 -97 63 -13 97 54 57 -19 42 86 72 -31 63 -23 -92 8 -2 -73 -14 -38 -44 80 94 61 -91 -87 54 -79
9 -44 -17 18 -14 -72 -45 -80 -11 -47 -85 7 -60 -35 -77 39 59 -79 -67 -27 96 69 89 -60 -60 -72 27 18 -32 -98 -78 -97 -99 91 -71 97 -72 60 -33 -38 -60 80 25 63 -37 -15 6 45 94 -54 75 59 39 -7 52 32 23 0 -83 80 -80 -85 -92 -30 98 -79 -51 -67 40 -42 -48 -30 -97 43 -80 -10 59 17 -24 40 -42 -70 35 -20 -56 -90 41 -38 91 -59 -87 84 46 -40 54 24 -87 71 47 -80
-35 91 67 13 -79 31 -27 -38 44 95 -52 -43 48 34 20 17 -86 9 -60 -57 -67 47 -90 96 7 -72 13 -87 31 59 47 -91 -3 -48 -96 38 -50 22 6 -51 -21 -17 48 91 -75 -77 89 -54 -79 95 65 56 -98 0 -11 -86 15 61 -7 96 -89 93 70 -84 -19 47 -28 72 86 37 30 41 -78 14 -18 63 -31 86 48 51 71 -54 53 76 63 -65 -48 76 -2 46 -20 2 -45 -67 -37 61 73 21 -81 -96
-21 13 -21 -3 49 96 88 -32 24 -61 7 -27 -49 82 -26 5 86 -63 -80 -41 -85 80 -45 94 6 62 -57 -89 13 -92 11 -32 69 51 -92 -4 16 76 -44 26 -58 -75 48 -43 -86 52 -38 -36 -64 -4 14 -56 60 85 -10 48 -100 -27 -14 -18 41 14 -83 -70 -22 70 64 -79 -31 -39 -85 -71 75 -58 33 84 -22 -13 -28 47 14 6 32 -63 -56 -67 25 32 -19 11 -86 4 -40 -90 -84 12 -10 -4 -86 -92
-58 81 83 -18 -15 25 15 51 96 -98 -93 37 8 -21 58 -1 -1 -70 -30 -57 48 35 -7 -17 -69 1 -7 -34 -8 63 -21 -25 79 72 -19 -50 20 14 -33 54 51 72 98 -42 11 -47 -31 -52 16 28 -73 -51 5 92 -6 -25 -56 -33 -16 40 46 -65 -18 38 82 -4 33 85 -22 -49 49 -66 23 50 -71 16 -56 32 -25 -20 -33 -49 -72 -77 -99 51 57 -74 89 -84 6 86 -75 98 -47 79 87 20 15 58
26 16 -22 -99 57 69 19 -12 56 17 96 70 -9 5 88 81 -55 -69 -72 -16 30 -86 -73 37 -64 -80 30 85 37 47 -16 -68 93 38 25 32 -82 -59 42 24 -6 31 14 -6 64 85 48 -94 99 -32 72 33 -36 -97 -64 7 65 93 98 19 47 58 -3 -4 -18 -87 34 16 38 83 -39 -82 43 -63 -65 -57 58 39 98 75 -98 21 40 69 -51 -53 -63 -5 -37 -63 -54 -52 -60 47 41 34 31 23 76 96
36 36 87 78 -45 -86 80 43 -91 13 -28 -38 90 -7 22 51 3 78 -41 -35 70 -30 82 -52 -47 58 -50 -22 82 -9 -77 -97 92 -64 -51 64 38 -22 -5 70 18 12 52 -26 -53 92 89 46 -96 72 -36 17 87 -31 -87 25 80 83 7 51 -37 -97 13 48 -92 -3 3 -86 2 73 -17 -72 -38 -78 -95 -35 13 -79 -53 53 83 50 -31 61 68 -24 -27 -62 85 75 42 35 -85 40 25 -84 -12 -14 90 -5
-92 21 33 88 -41 65 85 -87 11 -84 -84 -51 87 32 28 21 36 -37 -80 -68 -8 93 3 97 -90 -12 10 -26 2 92 11 -56 51 -66 -74 41 48 58 -80 55 -42 53 29 68 99 79 95 61 86 -39 73 57 30 -99 15 -1 -89 -1 91 -87 55 -18 -62 -22 9 -70 -28 9 69 -35 68 29 18 -38 49 36 54 -50 70 -54 -24 -91 -58 -35 32 -79 -80 -88 41 55 -21 14 33 63 -88 -23 6 -43 28 -44
46 84 -44 -78 -2 -71 -77 -32 31 -13 -27 9 75 92 -94 66 74 -85 97 87 46 86 -68 6 86 -71 90 -30 -47 -11 54 44 86 -8 -61 62 -51 94 -56 24 57 77 59 -5 -98 -47 -9 -31 49 -95 69 14 6 1 -65 -18 -9 -35 -9 99 91 -27 -21 -84 46 27 6 -28 -57 -7 85 87 -84 4 85 1 22 30 -34 -24 73 45 -77 95 -68 -43 56 -20 54 -34 -3 53 -75 15 -64 -10 27 -56 30 99
79 -71 92 93 -29 6 -4 -93 81 48 69 -80 44 -43 30 -44 -81 -63 -59 -19 -5 10 -48 78 -26 -91 18 25 94 -25 49 23 62 0 -13 85 77 94 -22 63 18 -43 18 48 -29 -77 57 10 81 22 0 -15 63 -96 -15 -56 31 -62 0 -18 -60 7 -39 99 -50 -82 -27 74 12 -85 46 81 -39 -67 39 -35 27 -86 80 -44 -87 -19 85 30 -51 -80 -51 -4 1 -68 95 -65 64 45 89 89 -31 14 77 63
10 59 -58 -63 40 -24 -46 -79 -32 -88 81 5 70 -20 -63 13 -71 35 64 -5 -30 -97 -23 98 -44 -92 -49 -21 -51 94 62 -28 46 82 19 4 -95 -39 -95 92 -77 81 -61 11 73 61 33 11 70 -43 -87 -72 -100 43 -86 -33 -16 -80 14 -1 -50 -20 -46 -72 92 59 -83 56 23 -6 -62 87 -2 -75 79 55 -82 65 44 -73 80 -5 -82 29 7 -18 -45 -45 53 -48 2 11 91 -65 86 -97 -25 -20 95 27
-85 4 -62 -26 66 70 98 66 3 52 39 73 50 45 86 11 -46 85 -83 -27 20 -51 -72 -9 30 -45 2 9 -83 21 -45 81 72 -12 -65 -74 -55 -97 41 -63 27 20 6 -24 36 -90 12 15 35 -99 -83 -100 93 -45 -79 -37 51 47 65 -43 11 82 0 94 -35 -81 -86 2 30 97 32 -91 24 36 18 76 11 -34 2 16 -49 57 -26 -39 -76 -25 -44 31 -8 52 47 7 34 0 2 4 -61 -73 -52 25
-48 -98 59 -81 91 -26 51 -12 -7 -13 19 -37 -55 54 -100 88 89 -34 97 32 -98 -100 69 58 -46 25 -13 40 74 49 97 -70 -52 83 -59 -29 -66 23 -24 -38 -95 91 73 -36 -30 -44 -94 -72 81 43 -18 -53 -87 4 35 77 -25 55 -6 -53 60 63 -1 -68 -17 -56 23 45 -27 74 73 -42 -59 90 60 8 -9 76 81 41 99 45 11 39 65 72 -65 -11 -21 -87 18 20 -75 76 -40 30 26 -89 -29 3
-6 -57 -81 -56 -21 -66 12 71 16 63 -2 85 -12 -23 -1 -86 70 34 71 27 -61 -92 -9 -11 10 79 -44 -30 52 79 64 -13 68 -93 22 71 -73 -88 -72 -37 27 55 20 0 54 83 8 20 1 -17 27 25 -55 28 92 22 69 -39 -55 85 -4 -81 3 95 99 -87 -37 -97 -23 2 35 26 -70 88 66 -74 -65 61 -34 -97 -65 34 -61 62 43 98 -57 46 -46 -44 66 30 -2 -63 44 -76 -99 13 -72 -17
0 22 39 -69 60 39 1 41 -100 -86 1 -23 -7 1 -97 -20 39 -59 67 -20 67 98 -20 -65 -38 43 -55 47 -84 -46 97 -32 -17 24 -38 11 -48 -47 -75 -61 -31 -50 -49 39 -53 -35 -80 36 -29 -32 82 13 -60 -51 -44 75 62 -27 -26 70 78 34 72 14 -22 -74 -97 76 65 20 24 -53 -57 -22 -99 35 81 4 -95 60 -57 -1 -18 51 -85 70 -58 66 -41 -95 20 -53 16 -25 98 41 -22 -49 34 9
-58 27 79 -6 43 -75 84 -15 99 -41 -25 -45 -6 6 -88 54 -11 63 19 30 26 -76 56 67 42 93 32 13 -62 -16 -89 -19 -25 42 -13 35 -10 62 10 47 71 -99 -98 5 -26 -70 -46 73 -81 -58 -46 2 -87 -37 -91 -36 30 -21 27 -27 -65 71 49 43 60 -66 80 -94 60 99 23 -8 -98 93 -61 -17 4 91 10 -13 98 -69 36 -95 -54 -53 -31 52 -95 -2 20 67 -58 6 -82 47 -87 61 30 -18
-22 73 -12 -13 -2 -89 -43 35 76 -67 68 48 9 49 -69 -27 -68 -14 42 14 17 68 76 -34 -48 -81 97 95 31 -63 -7 -96 -88 53 61 -57 21 -53 -61 -46 2 36 -75 79 26 12 -59 27 -15 78 -35 -7 -89 33 -72 32 74 -88 -55 -67 43 -26 33 -12 92 -26 50 46 80 62 9 -78 -88 -15 80 -23 69 -13 -98 -37 -41 4 25 19 94 -99 10 44 10 0 32 82 48 86 80 21 -54 -67 57 -49
51 44 -84 -64 -80 -14 -79 89 -64 71 65 66 53 56 9 61 -55 -18 -25 73 -5 -98 -32 36 -38 -25 -3 21 94 -87 78 -93 -60 40 -73 8 54 22 -69 86 60 34 -77 -41 21 89 5 47 80 81 72 3 -100 50 -86 -92 95 -68 13 62 -9 -83 -41 55 73 -62 -93 -86 58 31 91 -10 -100 -34 59 47 29 -61 -55 -47 68 -81 0 -41 88 14 -75 -70 -49 96 -55 -42 80 63 -52 48 48 -52 -20 -21
-38 -86 91 -64 41 -66 38 -78 -42 -12 -42 -40 91 70 -20 -20 -58 -24 -21 97 -74 34 -7 66 92 -74 70 8 11 -80 7 97 58 32 45 22 -10 73 -22 -88 13 -71 34 -78 4 3 -2 8 -15 -43 62 48 25 -72 23 19 60 -7 -72 -77 -58 -35 -93 30 -53 42 83 52 -96 -84 26 84 0 46 -23 78 69 90 -99 27 -56 70 -51 -26 47 89 83 0 65 -52 78 -47 -34 61 84 46 -15 -25 60 -41
-98 78 -37 -48 -55 56 84 -83 11 29 74 57 -63 -58 63 99 98 -4 -3 31 23 -12 -71 -79 -2 36 2 -18 -64 73 90 75 -35 -20 95 -68 0 -2 -75 -1 40 -99 -59 16 -51 35 28 -84 2 -8 -7 7 75 -79 95 7 84 77 -24 13 -43 -21 -45 97 -94 -21 -10 72 47 -5 -97 -79 14 72 -4 -22 -48 -18 91 72 20 35 -85 54 1 -12 58 -90 -75 -78 64 36 -37 -93 -86 10 -44 -7 79 -39
