20 -51 -55 -35 40 -9 -6 54 -16 -43 22 -13 70 -65 46 -32 1 -17 41 -48 -23 -23 -60 64 80 13 -86 -87 60 -78 61 91 -28 -53 79 -55 -15 -97 -39 -68 96 -60 88 85 61 32 70 -37 43 37 -10 -12 -54 22 -48 -18 -93 79 -69 24 -29 2 -6 -24 -76 14 -79 7 -39 11 -76 84 71 -70 -52 44 -81 6 -7 -8 56 -55 52 -47 6 53 -77 -64 -16 -24 -48 68 -80 -39 58 -34 40 -56 97 -97
-56 56 -58 17 -46 -20 46 -50 68 92 86 97 -37 -51 -56 40 48 39 59 -99 12 -54 -42 -95 3 42 -23 -47 -16 -36 90 -89 -46 -53 -99 78 -23 -50 30 15 79 -45 82 11 -40 -87 19 -37 23 -39 20 20 4 35 22 -80 23 -11 38 17 -19 32 27 -45 72 16 26 -32 1 93 -61 -20 -85 -96 -48 -9 4 79 46 58 68 38 47 54 -23 71 -12 45 -98 31 -33 -87 55 -50 76 -8 14 -23 -20 -62
24 55 39 -78 9 4 14 -28 5 53 -2 -23 -3 98 -88 99 -21 -5 26 55 -32 15 -51 81 60 -96 -53 57 52 1 65 -8 96 -56 13 -16 81 38 6 41 -22 -59 -38 -95 -47 -57 69 -25 25 -45 51 -75 -76 83 35 -37 -54 1 -58 -49 17 4 9 -84 -33 -68 -46 72 -60 -19 55 63 18 -73 -60 -48 -29 32 65 -18 -93 -99 -38 -42 -16 44 58 -50 96 -58 38 1 89 39 -90 -19 99 -15 85 -11
59 15 -98 3 -59 50 -20 -61 -27 -86 -16 0 -32 -65 -37 -24 23 1 88 -71 -35 -9 -60 -98 67 -4 -43 29 60 9 -65 12 36 11 -16 -94 77 -64 50 29 35 24 91 -80 -18 -41 56 -17 -43 71 -46 -73 1 21 -83 -38 -85 -29 -66 -19 -58 3 79 -16 -18 79 -86 -48 24 -83 71 -27 -4 -34 17 98 -62 -51 -81 -77 9 -99 -33 -66 22 37 -70 78 84 77 78 -99 92 30 58 72 18 12 38 -100
-71 -1 -43 42 43 78 -15 -55 -16 13 -39 86 90 -38 -85 50 -80 50 71 14 23 26 -62 -82 93 71 92 -30 -3 20 60 95 -1 19 -39 -53 16 17 -27 -69 4 -55 -33 -68 4 61 -12 60 -13 17 31 -98 78 -22 -98 -15 -17 -90 -29 72 73 76 45 -33 -30 -60 50 -27 -39 -79 -80 -4 90 -32 -62 5 34 3 40 88 24 10 54 -26 90 43 0 -77 55 31 -5 -93 45 -18 -32 -17 57 19 -4 -94
85 -98 -17 -4 47 6 -34 16 67 -67 19 84 90 -64 48 -15 -84 -46 63 -40 -45 86 11 64 91 51 12 26 62 59 51 -100 -25 -92 -25 80 -74 -97 72 52 -73 -36 55 -41 18 -70 94 -55 -78 44 -40 13 77 -41 96 21 -57 -8 90 -79 -31 -14 -97 89 -98 -90 -74 17 93 -55 4 40 28 67 -7 17 31 18 62 48 -85 96 76 -31 28 39 97 41 42 -22 43 -56 59 47 65 20 92 -65 77 78
8 32 10 72 59 -74 -98 -23 77 60 -69 -22 50 -23 62 -24 64 -27 77 -56 -94 -100 32 -2 16 -91 -45 36 -11 -89 -74 -85 11 52 -40 82 -80 46 -77 50 69 91 -5 15 -65 -63 43 -74 86 -6 -40 -15 35 35 86 92 37 -56 -70 65 -88 -82 -41 -42 19 16 -35 28 -46 21 61 -57 76 26 20 48 -100 -26 -99 -86 59 -64 -34 -17 -2 12 65 1 70 65 -98 -70 -7 35 -19 77 -69 -78 10 59
28 23 -42 -32 -76 -34 -41 6 -58 48 -86 -65 28 -29 14 -83 -99 39 -8 26 -63 41 -74 77 20 -4 48 -4 -48 -39 68 91 -69 -12 88 69 -36 65 -74 -79 -48 -34 3 -55 98 67 -88 57 69 -22 86 88 -11 38 73 -95 -80 18 96 32 -71 -57 -10 56 39 92 -98 -98 -78 -58 92 -41 -96 93 54 -75 -78 -68 -99 18 -59 -37 57 58 -49 -60 74 -84 -48 -42 -29 27 0 -71 32 67 9 10 59 84
11 -57 -44 -3 -94 -68 17 -96 -13 48 5 8 -34 76 76 -71 -97 -14 89 84 -19 -95 58 -9 21 43 -18 38 -38 37 -54 69 29 -70 -48 23 90 33 28 -31 5 -1 22 28 -3 -81 0 -43 -35 -13 -12 -76 41 -62 -46 87 30 -95 -27 16 -97 57 86 7 -76 57 55 -21 -64 -57 -100 -95 -30 70 -28 32 93 55 -66 -73 21 42 -67 -31 -96 87 58 -76 -21 -25 -17 73 20 -9 64 66 59 39 53 66
-10 45 6 25 -80 -65 40 -83 -47 51 -6 91 -26 31 -13 69 -25 6 29 -96 35 -83 69 -38 -80 10 -49 5 -45 51 57 -21 57 -61 89 64 -14 88 -81 -44 17 9 51 66 -94 40 28 16 -71 -66 75 -35 50 2 -34 -96 -76 -81 -88 97 -27 84 82 27 -84 15 -34 96 -85 -66 -14 -46 50 -72 72 -27 0 -90 98 -33 -5 -20 -36 12 -95 -45 77 1 62 -20 68 7 3 35 -95 50 82 90 -80 32
-44 -66 -32 90 67 -2 -57 95 62 58 78 64 -53 -98 40 -95 -19 -63 76 -75 -23 -23 31 18 -22 -46 -57 -41 96 -23 -50 22 -62 77 2 -81 -58 -50 -93 93 26 -11 -83 -24 67 86 83 63 -85 -21 16 3 39 -10 48 -11 -92 9 59 31 3 -6 94 -33 28 -53 45 41 -90 -8 -1 -97 -66 -53 -87 -90 37 -6 -78 4 -10 31 -37 -37 68 17 82 -81 -74 -31 97 48 4 -23 -3 99 -92 53 -73 -40
-73 96 67 -100 -35 -8 22 32 26 -75 -57 -71 86 77 -38 -2 -78 53 -91 -72 -82 61 -52 -48 65 -32 -29 -2 72 -58 -19 -38 -89 -70 10 -99 17 -24 -73 -60 -73 -56 88 99 -34 2 -67 -18 -75 54 98 -21 -32 98 53 -12 -87 -27 -57 33 59 81 -46 60 68 -64 54 58 -29 -56 35 15 39 -39 5 93 82 91 48 -17 -11 -22 -25 8 -79 71 84 6 -88 -99 69 -46 -67 63 -77 -23 28 -10 59 67
-53 94 14 -37 -89 30 -85 73 93 -9 -19 -56 -10 76 -30 -18 -37 -54 -23 -59 -60 -57 79 -45 -9 33 57 22 -91 42 -3 4 92 37 -20 -83 70 81 -86 -82 43 83 -6 87 91 -31 -90 -26 -36 -66 33 -83 73 -50 -27 -23 -91 -81 15 96 -75 -44 -27 89 60 -10 -9 90 28 69 -39 -37 25 -19 -87 -71 -61 -17 24 91 -37 -48 -43 11 97 -69 66 -19 33 -17 -18 -86 -38 69 30 -85 74 3 -86 58
39 -17 -88 25 55 -50 -4 80 -70 53 -37 -14 -44 -61 89 4 49 70 70 3 -47 53 9 12 80 -39 69 -76 55 71 95 68 7 71 -89 43 90 -25 31 70 20 46 92 98 43 34 67 29 -30 -45 92 -49 -52 -96 -17 -5 1 -32 -74 5 -65 -99 -23 62 3 -72 -78 90 -7 8 31 32 -34 -90 94 6 -33 -82 -91 -63 -34 61 11 64 -98 81 -96 -20 -16 -16 22 -10 10 20 -97 -86 83 -30 -31 88
97 85 -16 -24 -11 -72 5 -73 73 -15 22 -9 49 -29 13 -70 49 14 30 -88 65 -78 41 95 -53 24 -80 2 86 -33 -64 -33 -31 -54 -13 -70 -25 -13 43 -5 46 -78 83 96 -40 61 -72 6 -95 47 23 -57 -93 48 45 -24 14 -30 -37 89 21 16 -88 43 6 30 -23 54 -59 50 39 81 51 61 -67 -93 55 -32 -19 -80 -73 -76 46 82 -26 -86 23 75 -75 26 -34 -47 -6 56 -7 31 -52 93 -93 52
-54 -31 -56 -5 -45 -76 -100 34 98 -82 -59 -1 -18 -82 -30 -44 72 44 -16 -76 -28 -55 -2 47 -95 -36 -75 -94 31 12 -35 42 52 22 -82 59 -10 86 -16 -27 26 -36 -75 6 66 -79 -86 -84 -93 -49 19 80 87 -76 8 67 -83 61 -99 -63 94 -71 6 68 -54 66 -48 -82 21 -90 -37 47 82 -66 8 -78 40 0 98 -23 95 57 44 5 -5 -31 -91 -27 21 83 -9 71 -41 -29 36 37 -64 52 -97 -12
45 56 53 8 37 -27 84 -67 20 41 -64 -48 -63 -66 -85 21 30 -83 -65 -3 -86 -22 35 2 -14 64 -7 -75 60 29 -81 -35 -65 -89 73 -77 -7 -30 84 -20 -75 48 -47 -7 -40 0 -47 31 -54 43 -52 -45 -11 93 -54 -10 -64 83 -7 12 -72 10 -100 91 25 -57 -18 78 -31 46 64 49 -67 -100 -83 -39 -88 3 -92 99 -97 -15 70 -87 -20 -59 -90 -40 -6 16 -95 -59 -10 74 -35 -21 16 -97 -60 -45
23 -85 43 91 15 -71 -36 22 -53 69 9 92 56 64 6 -70 -95 -17 -13 -19 -57 54 33 -79 94 -51 30 97 -71 86 51 23 -25 57 -90 12 64 -18 -51 -69 -19 10 -34 42 -75 90 91 26 -92 -1 79 -45 6 3 -28 57 -58 -17 -97 57 41 98 -33 6 47 -27 -89 -55 -21 81 78 73 35 86 10 54 -54 -94 68 -35 -46 -13 54 -51 -12 -9 -24 7 -3 35 17 92 -6 91 96 -85 -95 -58 41 71
-19 4 -72 48 -44 21 -88 -4 -21 59 -60 21 -22 98 10 82 52 73 -82 -64 92 -99 -5 -6 -19 -52 -62 -93 -100 70 -14 55 -46 13 -72 -76 16 84 32 -52 59 -43 43 -67 -100 -38 36 -78 55 -93 56 -58 22 -41 72 -50 69 93 60 33 14 53 -72 -7 -3 -59 74 -13 -54 -3 40 73 82 -37 -43 -80 -74 -15 -90 -53 -77 55 -22 31 -31 -66 -6 31 -20 -19 -24 56 18 -2 -55 -57 39 67 -76 22
21 36 -8 -94 54 95 -45 48 46 -8 -40 -23 52 -35 -87 51 90 -32 30 19 -2 -46 -37 32 -97 -13 6 -4 71 -48 68 37 88 -82 23 -35 7 72 -64 7 84 -1 45 87 56 -34 -2 13 -15 73 27 29 -9 51 -49 17 8 81 80 -67 -83 71 27 8 33 48 29 -76 98 69 -29 59 72 -9 68 -25 -90 14 41 -18 33 66 -99 99 -20 92 -86 -58 36 -12 63 35 -26 73 98 85 -20 59 62 0
-75 -32 47 -37 -62 -83 34 47 67 18 -98 -32 -2 51 -85 -76 -30 -71 95 -30 76 97 4 65 -15 26 -78 -83 71 79 -36 55 0 45 63 40 97 79 -97 2 -10 -55 -44 63 -64 -51 -3 92 -42 36 79 21 86 -64 -27 55 -29 -45 -17 -79 93 -70 -18 -92 88 26 76 -17 22 40 -46 97 11 -32 -64 74 82 -58 -71 -37 -82 -3 67 -5 40 -1 81 -80 20 -77 93 -15 -98 -29 -78 -98 47 -30 72 -83
-48 43 -72 48 35 97 20 -93 -5 53 69 76 49 -49 -58 -29 1 90 90 -60 -18 41 22 70 0 -79 -10 -37 -9 -1 58 65 -66 -60 5 -96 -9 89 -77 43 -5 -21 94 -39 83 56 50 -76 -65 46 29 -56 -56 38 51 99 61 94 5 -55 11 4 53 6 62 -95 24 55 -84 -68 -84 -14 -89 80 13 -41 -17 5 -93 -47 63 54 84 74 83 56 -61 89 -47 88 44 18 99 -85 -23 -30 -100 76 -90 63
-86 47 -91 3 -53 14 -59 -32 -77 -11 -14 -63 -9 -55 -11 75 4 0 21 -41 -18 -73 76 85 25 51 -98 15 84 3 -15 93 55 80 -76 12 15 -37 3 14 -50 -43 -96 -1 -38 69 -20 -78 94 -33 -31 -6 -67 80 -48 8 62 -7 -65 54 -54 82 89 -43 78 45 -3 75 21 5 -10 85 -46 -76 41 -93 -34 47 -34 -30 55 77 -14 -49 23 -75 -52 61 -92 -24 -33 1 26 -59 -12 -23 -100 -72 -19 47
64 29 41 68 -38 -77 -20 91 -38 -19 -24 76 62 -74 -90 -42 90 -81 -87 -25 3 -40 -25 22 13 77 -25 76 -30 84 55 92 20 10 -70 -10 -55 93 66 8 -90 13 79 42 15 14 81 -25 27 8 -99 -13 3 28 -39 46 -13 69 -95 11 -49 -45 -99 41 66 79 -73 -73 45 -8 -22 -44 36 -48 -90 -61 60 -5 2 80 64 -39 -47 26 -15 -34 23 -13 42 -70 53 42 97 34 -12 -20 -28 -63 -94 -61
-44 0 -59 73 55 -40 -53 -88 -74 -72 -71 8 -39 -98 -37 32 32 -74 11 85 -100 -100 -76 64 -5 -59 -13 -49 99 -79 76 62 -58 -46 -70 28 -81 -68 28 54 96 -13 -81 -50 64 -10 80 -84 -24 46 95 57 -22 40 99 -72 12 88 -35 -32 2 -83 -5 -79 -40 7 18 13 16 -84 61 -33 71 5 -44 10 51 -46 53 30 69 -8 75 -15 89 44 -3 99 16 28 -49 65 74 -27 88 94 6 -87 -5 -96
41 25 -90 -29 14 -39 84 40 -5 22 -68 24 87 -25 75 67 81 75 24 61 56 72 87 -81 87 -19 14 26 -30 -57 97 -9 62 -21 -76 -62 50 -9 -100 6 84 -84 58 -61 -8 -21 -12 -60 32 -2 -49 63 67 -1 73 92 -71 -54 -100 -76 60 -64 -1 53 52 -81 -5 28 63 9 91 -77 74 -35 -99 9 -38 22 -26 96 63 62 -66 -67 -57 -6 61 65 61 47 14 48 -9 -5 -45 11 88 62 -48 40
12 -28 43 57 64 93 -3 68 -80 -29 -90 -85 -78 -86 86 -33 99 76 80 -65 -79 76 82 37 12 -37 -62 5 -78 -32 -45 96 0 -44 -22 95 -13 -76 28 -39 79 -58 -28 -32 -70 -46 -62 2 46 2 -29 88 -5 -88 -52 -91 6 58 69 21 73 -34 -74 -67 -44 36 -31 -17 92 68 78 87 -5 -34 -79 -85 -99 80 29 -34 -17 -39 15 89 89 20 -12 -55 1 88 -60 -72 38 -37 -97 -40 59 44 43 -55
41 53 -93 -48 -77 -34 -1 -41 11 42 82 29 -62 47 66 9 -52 -24 -9 20 62 40 5 -10 -4 -27 16 96 80 -48 -37 -91 -100 16 64 49 46 -64 56 1 38 -71 -14 -70 -25 -93 -70 -62 -81 -49 -100 77 -33 -15 -1 -39 11 63 59 -6 76 72 53 39 -20 95 -1 -74 -92 38 -88 29 66 -66 -94 -69 40 -87 68 78 -2 -2 -7 65 -15 42 28 -80 20 -79 -100 -30 -67 -71 -45 -45 37 24 -2 77
-18 14 63 48 -27 -47 98 -62 1 -35 45 -35 10 77 -25 58 -25 -74 35 -96 21 -23 -26 -48 -7 22 -84 -75 -69 34 20 77 -65 -9 -6 61 -83 90 -80 -69 -69 -56 -35 -43 20 -5 47 -78 -25 32 0 -34 -59 74 -52 56 -53 -35 34 -77 88 -48 15 8 92 25 84 -58 -22 68 -90 -88 -37 -67 -10 42 -66 -25 -15 -9 66 -35 -1 -30 32 56 -38 -32 10 -52 10 -48 -41 -21 68 -45 -6 27 -54 50
-76 -39 -28 19 -45 19 52 91 82 58 -99 89 24 -58 -71 68 60 17 -41 -82 31 51 -5 42 -96 -6 60 11 41 24 22 80 28 -25 -10 56 10 94 -70 58 12 32 5 81 44 -44 22 96 78 58 -79 -35 -39 13 71 58 -39 94 49 -12 -29 0 93 -25 -92 -65 -56 -79 -85 21 -15 14 -66 60 91 -93 56 26 -77 -78 -68 31 31 79 -52 -9 -20 -46 92 95 50 -6 39 61 78 -1 80 -14 6 16
-13 -24 -64 98 -79 96 73 -20 -15 -38 58 -84 -49 -69 61 -11 60 1 70 -4 4 53 -98 97 67 2 83 5 76 -40 -89 -21 -82 33 39 35 -12 73 -67 2 -58 15 56 -58 40 -66 54 43 72 10 37 -74 -43 41 85 88 -20 -58 -34 9 73 -69 -38 -35 94 18 -53 -6 -11 -1 79 71 92 -87 -60 -62 -61 29 92 14 82 -63 77 72 -84 29 86 8 -79 -17 23 45 -67 2 -77 62 58 -7 53 -71
67 92 16 47 31 -11 -39 76 71 91 -76 -10 39 80 14 4 -58 86 -26 -16 -98 55 -30 -78 87 -41 -27 -53 -7 52 -10 -84 43 67 11 25 -28 -99 14 4 1 -35 7 37 -82 23 -28 31 -49 71 -61 -55 -46 69 -41 67 -87 -25 70 65 -23 78 -12 -30 49 44 -70 -42 69 30 -31 67 -7 -8 -14 -35 14 65 33 -72 29 -32 15 -25 -33 89 -53 -79 -45 -6 48 6 79 -98 13 30 -10 90 -63 65
0 -55 68 -99 84 98 68 57 -19 -73 38 62 -51 -6 27 39 -53 -82 -1 75 86 94 -6 3 -56 29 0 -23 76 52 18 -27 72 -50 67 67 91 6 71 78 63 7 -55 -29 -71 -33 88 96 -78 -61 34 -57 -1 6 14 5 72 60 -58 -89 20 30 -98 39 -57 -40 89 17 72 11 -68 -68 91 45 -28 -72 -58 -7 -86 -51 -34 79 -86 -99 -94 63 -20 58 -32 89 -31 46 62 31 42 -93 62 29 49 -46
43 29 -90 56 42 -47 33 40 2 -31 -39 -4 79 -17 0 80 -8 -85 67 -47 86 -52 -45 -74 -66 -12 41 -27 42 -34 77 -33 42 15 18 32 25 6 92 -33 53 1 1 79 28 99 28 12 -88 -5 48 -47 44 -9 -86 -94 7 -71 -57 -75 -49 -25 74 38 41 42 77 -94 83 51 86 69 -31 -30 -7 -31 -54 -65 -76 -88 33 -53 -7 -67 -84 -81 -43 73 -27 -41 93 -53 -62 69 -28 65 52 58 -64 10
-41 -47 -31 -14 -76 11 73 46 64 -30 10 62 98 30 67 34 -51 -75 -61 -42 82 -5 34 45 98 28 12 -67 50 -26 -25 22 72 -39 28 -1 -25 67 1 25 -83 33 76 -34 10 -57 23 -2 -58 -87 -99 89 -74 -53 -53 50 40 61 -94 13 34 65 49 1 13 -15 -35 28 79 93 -53 36 32 -88 -96 48 5 20 -63 53 3 -10 -82 32 -70 -54 45 75 -57 90 -13 -32 -3 -84 -4 -76 -86 3 -75 69
-60 -67 -3 65 17 -8 33 -80 -80 -92 24 7 24 7 -21 -60 -59 28 -22 73 18 45 -38 45 91 -34 -56 54 18 -76 93 91 -64 -31 -30 44 93 46 -79 0 -21 -100 -43 60 -55 -62 72 90 77 -45 -24 88 23 -10 -19 -2 87 -11 90 -8 12 66 -30 3 38 64 -99 -65 -75 29 57 27 -41 -55 77 39 -50 28 -11 -24 -14 -53 -61 52 66 27 55 -23 -50 33 82 22 -96 -76 -26 -57 21 -34 -55 64
-68 70 -81 -96 79 -75 -27 -60 -42 -87 -58 -4 -74 71 -42 5 1 26 37 62 79 -92 54 -41 18 -68 -41 -62 10 -73 -6 -18 1 8 34 80 0 -26 -40 -49 21 56 33 -38 85 -80 38 64 94 -40 -45 -6 49 37 13 47 -97 25 -39 -72 81 -62 89 -51 -7 44 -74 -7 20 -45 47 47 -53 54 -35 68 -71 -79 57 -14 22 90 -65 97 -72 20 13 -44 -19 5 46 51 35 -6 -63 82 64 88 17 -27
74 26 94 29 51 11 -63 21 -28 -81 -83 -12 -44 -97 -47 18 -34 39 3 -43 -67 72 46 3 -100 12 -14 39 90 91 -13 -80 -26 47 73 -7 -81 1 88 85 -82 -91 89 -57 -93 -52 -50 63 -39 80 -71 -6 21 -83 -14 15 35 9 69 15 -26 80 -76 51 55 23 75 -54 -59 35 -71 19 -10 -56 -13 39 -75 47 19 0 -59 47 -94 -6 48 -66 -83 -18 -100 69 25 -28 -39 -52 62 -83 -41 -10 -18 69
96 -64 44 36 -74 -7 -54 68 -11 -74 -48 78 -14 -82 24 76 36 -29 -29 69 40 79 -12 -30 71 86 32 -79 -36 22 -80 -12 -97 -46 -28 81 -49 -64 -50 91 -35 -4 49 79 68 -11 -93 -8 96 16 77 -44 -37 -50 73 -88 -24 -58 54 71 -19 -90 30 -59 63 -2 12 -31 -66 -7 63 -23 49 -47 -82 49 -9 -91 -74 66 66 -28 -81 25 -7 -38 56 -72 -91 -20 -40 15 47 -18 87 0 -18 -94 46 -37
32 93 75 44 87 -84 61 -44 -98 -96 -6 98 88 74 -62 -97 69 59 -77 22 1 25 -95 -54 43 7 -6 68 81 76 -46 -59 16 6 82 37 -83 -38 30 98 -65 -11 -42 11 -61 -98 1 -63 -92 19 23 76 65 24 -73 30 91 -15 -54 22 -3 27 29 34 -41 -58 99 8 -87 47 -82 -71 -12 -28 19 -19 93 32 -66 62 88 75 37 -30 -61 42 -41 -68 -94 67 -81 65 -21 -70 -7 -86 -53 -68 -81 -35
-37 65 -38 10 -96 -43 99 42 11 -74 -33 22 29 23 -8 -66 94 -67 -65 52 67 52 94 65 -45 6 69 -8 -41 -38 -3 87 23 -59 -3 -11 9 95 57 30 -42 88 64 -14 -8 98 31 -28 55 57 7 -76 -14 -96 26 -98 -50 -68 -61 9 21 9 86 45 -18 -33 11 97 -24 62 66 98 13 -95 8 -65 49 47 -76 -28 -48 51 -37 -7 41 13 81 -5 -15 73 -18 -11 -45 73 75 8 -24 -81 -93 -89
-92 -32 -28 40 -33 36 70 77 -13 -55 -32 -27 80 -49 -91 51 -85 21 10 -100 -4 3 54 -7 -4 -68 95 -55 -20 -3 0 -22 47 97 -78 -1 -73 7 -62 45 49 94 21 45 4 -16 -94 -66 -96 9 -6 -95 75 22 94 5 56 93 49 37 86 2 -13 35 -92 58 96 -95 86 25 20 -79 -62 89 63 -63 -9 17 72 -59 6 31 -25 -52 -47 61 65 -79 62 31 67 -49 -100 46 -4 -87 -46 8 -56 -41
5 -91 92 65 -40 28 12 -89 -85 -77 -74 11 50 49 71 -43 -6 82 -62 -31 -52 -34 89 -51 -32 12 65 6 -47 54 40 -64 50 10 9 -13 -99 -28 -91 45 -66 43 24 -26 0 34 -77 -1 -33 -88 25 28 -23 92 68 48 -75 39 -67 -45 -76 -56 81 48 51 44 71 69 -53 38 -69 -44 -49 2 -50 -99 43 50 60 -88 99 -77 92 56 7 -22 92 62 79 91 -81 -55 66 65 16 30 -52 95 -13 -5
-86 58 18 -55 8 71 65 -65 17 -90 -65 41 50 -28 58 3 62 74 -36 94 66 43 -89 -1 -24 67 -53 53 -16 56 -20 -70 65 -47 35 -29 57 -62 42 -64 5 -70 -76 19 -14 62 -12 72 90 -59 13 -93 39 18 -11 -97 -8 -99 83 5 60 13 -92 27 -41 -62 -88 41 61 91 -86 -61 81 1 -8 7 -90 82 -66 50 24 -54 -31 -36 -29 27 -37 -34 -25 -75 29 11 -27 20 3 28 55 80 76 78
-67 83 -67 10 -89 30 65 -42 -99 6 6 5 -90 58 -48 -95 6 -48 51 -6 -80 84 -39 -68 55 -82 -79 98 53 89 -73 55 -87 -81 99 -50 2 -7 -32 -58 -6 -69 -92 -41 99 -7 80 31 81 18 86 16 57 69 31 16 -1 -84 -35 65 40 -49 92 -89 37 -32 -5 -19 -33 -12 -8 -15 -32 40 72 53 -9 -89 -16 -18 -52 6 68 24 -25 33 34 -38 99 -7 75 -49 21 27 -14 64 -52 -72 -5 73
-4 36 88 -82 -88 -18 -98 88 -97 -96 39 18 -65 61 -69 54 -28 -6 -11 33 72 -15 -22 76 52 10 -51 13 -34 2 39 -96 -26 50 19 70 -68 -42 -33 -18 96 -64 37 -26 -17 98 -30 26 22 -27 60 54 29 -76 -53 -40 99 -80 81 -65 -53 -50 -57 -28 -30 71 -23 33 9 39 -22 48 -76 -55 65 15 83 39 74 -75 -44 -39 74 -81 44 3 39 -100 33 4 35 32 -26 3 14 46 -71 -90 -49 11
-39 -100 -49 -84 48 -28 55 -39 -24 39 -26 21 -31 -98 7 -20 -58 81 41 79 95 91 45 -53 8 -9 -21 9 -23 -7 -47 96 50 -75 97 -92 85 98 93 -37 -99 -67 35 73 91 65 43 48 -69 -38 -52 -91 -79 42 -51 20 44 -45 15 37 65 -87 -76 -67 -6 41 52 -87 -62 -6 44 62 64 99 99 -47 95 -65 91 60 -68 -23 37 -79 51 63 -86 8 70 -37 -10 74 46 52 2 65 -61 -35 52 -96
-81 16 -75 12 -41 -1 52 44 71 0 -13 -25 93 9 0 -30 2 6 -12 2 72 -43 33 -17 99 -3 -78 38 -15 -48 -75 21 90 -62 94 -18 22 36 -25 -61 -62 -79 2 -67 -72 -51 70 -7 24 47 60 -33 6 75 -33 83 59 -95 56 -42 -41 87 -55 -95 -20 -65 48 75 90 -80 18 75 -54 -46 23 87 4 56 -19 -21 -65 38 35 -43 86 -65 -62 -56 1 19 -26 -9 99 37 -100 79 -28 76 -2 90
70 -92 -73 -16 -50 -57 59 -54 52 23 71 -13 81 44 70 29 -21 -36 86 -55 35 -90 -97 -27 -46 6 -73 14 -77 6 -79 -18 16 -33 -73 7 -7 50 48 -82 -31 86 66 -62 -96 6 -20 1 35 -18 -5 9 -87 44 66 4 -3 9 17 -28 -23 11 70 50 82 -25 -73 -74 60 -50 26 -22 59 28 -72 -31 17 -57 7 50 15 84 -63 72 -30 84 23 28 31 -74 84 -10 -1 -18 -30 -8 -71 -10 62 -20
-44 3 -90 -37 -11 8 -16 -19 72 -5 9 -72 15 -58 -96 73 45 -32 86 59 59 -44 -31 70 -41 75 -54 98 -68 -63 -32 -20 89 48 57 -3 57 91 -41 -40 73 1 13 -33 -88 -38 44 -2 27 50 -38 72 -53 -52 56 15 -44 -85 -58 -55 -40 11 -97 2 13 -19 -68 28 -89 52 -4 56 52 -32 -14 -60 -30 -64 -67 62 12 99 -14 54 68 69 47 22 -98 2 98 5 -100 29 -83 81 -76 -100 -66 36
90 -56 19 63 82 -60 -87 -47 -99 99 -74 -5 -66 -86 5 -53 -38 70 -82 -86 41 -11 56 98 86 63 -2 -6 -81 -46 10 55 42 -94 7 86 -71 57 98 -84 69 4 86 88 4 -19 18 -19 -17 -47 34 -45 -22 85 -40 83 57 -57 -13 -5 80 -21 93 -86 -29 62 -43 30 -52 62 92 83 -52 51 -100 39 -71 -98 1 9 53 -33 7 24 32 46 -88 40 16 54 3 65 -93 -73 64 -48 55 25 -38 70
2 86 37 16 -24 56 78 45 -64 -56 -87 58 -93 -49 -59 57 85 55 -53 96 23 21 59 26 33 64 61 27 33 28 -73 -3 -100 91 -12 29 85 -68 82 78 63 30 -84 77 -85 31 -72 -55 -84 84 -21 -93 2 -67 39 -59 -61 88 -37 53 45 -55 96 -99 88 -5 -22 33 29 -21 78 -37 86 -68 27 -37 -63 34 25 42 -64 -78 -34 69 65 8 47 -92 -69 71 70 -86 -63 -71 -4 18 88 82 48 -41
-6 -8 -76 86 80 50 -86 -43 -69 54 44 88 -10 -85 97 87 8 -17 -38 7 25 85 64 -88 40 77 87 -28 -45 41 41 -8 -56 -96 -57 -95 -75 -81 83 -92 70 -58 74 -30 -22 54 4 -89 35 -31 -15 -64 -75 55 82 -46 -37 24 -40 -84 -75 -76 -55 77 87 43 -100 -35 -76 18 18 -76 -22 -4 85 75 -88 46 -7 79 57 -28 -25 -14 -43 50 -50 65 -49 -7 -95 -95 56 -86 89 79 41 -73 -88 96
31 53 47 -49 3 83 44 43 -57 19 -27 -40 -73 -80 -100 -75 38 41 -86 42 -16 -78 -27 -33 70 -82 31 -4 49 -92 -89 -13 -79 24 59 -86 -72 -29 0 1 -60 4 -50 -32 80 -97 54 28 65 79 52 99 -45 25 -47 48 -53 -55 12 -93 -29 21 40 -65 -70 -31 -9 52 68 -71 -97 -30 72 40 -12 -53 -75 -38 -95 -53 -42 -15 78 -30 -10 76 -1 -4 91 -28 -100 -73 -82 94 -47 10 53 -41 20 -22
17 78 76 82 41 -23 70 -90 79 89 65 -23 60 -56 61 18 13 -2 24 1 17 57 54 -91 97 47 -30 -29 -90 -19 46 -16 49 11 -77 -78 -59 90 16 59 -73 -5 1 -5 -76 -53 -90 95 -35 37 25 42 62 19 94 -72 -12 -99 -39 -83 13 -13 93 69 47 32 -91 65 69 -22 -100 -97 64 54 95 33 31 87 -25 1 -85 73 22 -87 -91 3 2 98 -41 -93 -67 -41 -91 63 -23 -61 61 -68 31 -28
-57 -18 -86 32 -89 -24 -81 75 -97 57 -59 74 72 -34 -37 60 -97 54 45 91 -97 -36 2 29 -61 82 -22 82 -97 38 10 -77 33 -100 -76 17 -4 94 78 -41 89 76 -9 -62 47 -29 9 -30 22 79 -56 74 -24 -32 25 -44 95 94 39 34 54 74 -97 -11 95 -10 -56 87 -74 -46 62 82 -60 -30 73 -74 44 -78 -53 74 -48 -94 61 -91 21 81 -46 82 -82 97 19 24 59 71 70 -92 -40 -27 -31 -62
-46 65 51 31 -87 66 -33 53 -58 60 -24 -39 16 -47 68 38 -56 -38 -26 50 -75 -54 -14 -91 37 -27 -76 48 78 97 -52 54 -86 56 71 -18 96 62 30 -82 -47 87 44 -35 85 51 -47 40 -45 85 63 -7 4 -68 8 5 -49 -34 -86 -100 17 -3 -75 -23 -23 40 9 55 62 -83 -47 -13 -39 -49 -93 -21 -49 -68 -28 56 -68 34 20 1 -23 48 -63 65 -12 -43 55 47 -40 82 -79 43 86 -71 19 -87
-23 38 -83 96 66 -45 -40 54 24 -39 32 50 -13 34 93 50 -35 66 -54 -97 -62 -72 -37 -97 -1 18 25 -66 13 92 43 49 -27 -61 -28 -81 -92 88 21 -54 77 12 -17 -58 89 -74 -17 37 98 -54 39 72 -16 31 -81 43 8 31 -80 -43 82 -32 -65 -66 8 -40 -58 -60 -24 71 37 63 -14 2 -8 80 30 99 -42 -19 -58 90 96 74 -37 -99 -62 35 -21 -86 -86 -10 29 40 9 88 66 19 25 -7
57 59 -36 -47 -67 11 -63 35 63 -53 0 -17 -42 -94 -66 29 79 -92 -14 -90 52 -82 -52 -67 1 87 -25 28 -99 -95 -8 -66 10 -45 68 -56 78 -84 92 -72 41 37 93 93 4 81 4 -59 92 -28 -61 46 -44 91 -73 -22 -56 -64 24 16 -88 81 -6 19 74 23 62 36 -95 49 28 61 89 -6 -20 -6 99 -99 50 -55 11 71 82 -75 70 -34 23 -78 -60 -90 -66 -7 -76 -99 33 90 15 49 39 90
27 -47 94 42 0 -41 -68 -9 3 50 -47 77 77 67 46 66 31 86 5 -3 83 -76 -11 85 82 -38 -22 -76 -47 94 -95 -92 -80 -2 -42 70 -70 -81 84 -82 -71 29 -97 -5 48 -80 96 63 -61 23 29 61 2 35 41 -4 -84 85 -48 85 -15 -72 -12 8 66 90 -77 49 22 67 14 -47 47 -20 39 -77 -44 7 -7 -46 88 98 33 8 -63 98 9 78 49 -90 -57 15 -58 -52 16 -30 -43 -89 -4 -17
-29 -25 -75 -36 90 37 -34 -35 25 -65 40 28 -82 27 -30 14 -53 -20 -82 6 -35 -26 -82 -70 -78 -77 -32 37 -16 0 -4 -74 66 84 -78 -46 -39 -27 48 94 0 -84 -14 -7 -71 -84 22 89 18 97 16 82 94 -31 -45 99 66 -74 -88 -17 -65 42 4 91 14 92 -68 -55 31 92 50 -59 -35 -29 -84 83 -9 38 -27 41 -10 17 82 -27 -2 4 -85 -84 -11 -5 94 47 62 4 92 71 0 24 -96 56
5 -13 98 -35 -75 -83 -68 59 4 -17 -66 -83 64 -12 82 81 7 23 -54 87 -57 -7 5 -68 57 -69 -39 -25 18 -43 -71 -14 96 27 -12 83 1 -20 -56 0 -5 1 -50 -92 -82 75 12 5 -34 50 48 24 -47 27 32 4 -51 -60 49 69 44 -80 95 12 37 -61 -5 15 94 72 39 -92 96 54 -86 -66 78 -64 -94 -85 -12 92 61 -20 -47 -22 17 -55 -73 70 94 78 -13 52 -60 -52 35 -74 -20 -98
-56 57 -75 58 19 -70 24 8 -43 77 -41 -18 53 -38 -1 -38 37 61 67 -30 64 6 -55 39 59 -48 25 76 70 78 34 -20 -51 -16 -99 76 -61 8 -35 57 34 15 89 -44 -41 41 -9 -97 -54 -37 -96 27 -54 -37 -13 -6 -51 59 -17 -13 71 23 44 -8 -27 -40 28 50 23 96 84 -97 24 43 37 -51 14 -41 85 -85 -96 70 -75 -76 13 71 -34 -57 68 -92 13 -14 27 -39 78 -9 -1 18 -7 35
27 68 -36 -5 -54 51 20 94 -93 -58 -27 69 -7 -14 61 -47 -11 90 46 12 7 -24 -80 95 -99 -85 48 59 -89 -12 -84 22 -21 -21 18 -96 58 26 30 9 23 99 -87 51 -21 2 -69 43 10 -60 3 21 99 -52 90 -77 17 -10 74 -55 -39 -84 60 48 51 -80 57 -50 6 -43 -20 15 -15 18 84 -70 69 -60 2 30 -83 -64 -61 -49 97 -21 -20 57 95 46 -65 12 63 -58 -51 -33 -39 -20 29 72
-20 -59 8 49 71 34 28 -82 -39 50 -53 -97 1 91 -48 48 -70 29 8 -4 -73 41 -4 -76 58 85 21 -65 13 -17 -89 74 21 43 43 82 68 -100 -26 22 -32 -7 -89 61 43 -87 -8 1 -56 39 -20 -85 -18 -63 32 -4 -74 31 -52 -4 67 -17 32 -40 59 -67 -70 -41 -45 -58 56 -26 -58 -99 -22 -83 -58 -19 -54 25 -81 75 -77 -28 18 -18 64 -15 -91 -45 -38 44 -59 -50 37 82 -25 -11 -49 79
-54 74 45 -55 66 95 -52 10 86 90 -93 5 -87 -11 41 7 -86 43 63 59 30 -66 -38 -28 -20 95 -61 89 -96 -15 -50 64 0 -99 69 36 38 -35 26 -3 3 73 35 -69 6 -73 52 59 92 14 95 -78 -70 -27 -17 -71 -29 79 -83 -87 -60 -13 43 94 2 80 77 -35 -99 17 -55 -20 -10 -72 22 7 -72 73 -6 71 -49 -36 74 -96 53 -24 -90 67 36 64 -29 -87 51 -45 81 78 -19 -80 75 -26
-8 30 12 80 1 -73 -96 98 91 -22 -48 -69 94 97 23 51 -93 48 53 98 -86 30 -37 1 22 -83 54 27 84 -47 -5 1 93 52 72 -70 -73 -16 -23 -51 90 7 48 -9 92 -54 -24 -95 98 66 -26 -66 34 59 -34 30 51 -8 -39 91 -94 4 -50 -90 -71 -62 71 72 49 49 -78 -75 -90 -58 -16 88 -58 -36 36 -87 60 -99 81 28 -31 -88 -62 22 -54 96 43 -10 61 -15 -89 -69 45 -79 2 98
47 -64 28 -21 57 -9 -64 87 -56 61 -29 -11 36 -95 -51 -60 -81 31 -94 10 11 -37 -64 -43 94 -35 52 -63 64 15 -92 -90 -91 -8 43 57 -74 27 -81 -81 -16 7 -41 9 -71 -5 48 23 50 -2 -27 -80 55 12 -81 1 14 88 3 26 40 55 -65 74 73 -87 93 0 94 -41 -44 -15 76 -51 -73 30 21 41 -22 -98 -18 -8 -22 -93 -97 66 -62 49 1 22 -71 -81 -91 4 56 54 -100 26 -10 -62
25 75 61 63 47 53 3 29 62 3 2 82 -67 -77 81 -22 -19 -99 27 70 86 10 61 -72 73 66 -13 -87 -69 68 -70 38 50 -62 88 54 -7 -1 -78 47 -77 -58 -94 79 -43 33 8 -57 -2 -29 78 12 56 -83 22 78 -55 45 -79 86 -60 -74 2 -15 95 7 82 -56 -60 -18 -41 -82 88 -21 -53 57 9 62 16 80 -74 86 -61 -19 -66 -19 34 -79 88 68 42 -99 -32 -32 92 -22 80 -47 -7 93
-1 5 -77 31 54 87 24 -83 -93 35 -55 -29 67 82 62 -28 -81 -57 46 -28 30 -51 81 78 33 -89 -14 45 -91 90 -9 8 -92 -28 -84 -44 10 38 -65 -49 -15 33 36 -41 16 77 61 -69 -44 -60 21 7 -65 10 60 22 38 9 -13 -69 -17 34 25 -88 -32 -71 -36 71 -56 46 -62 -4 -98 -48 -22 48 -14 -92 -67 -9 16 -90 27 -29 -36 -66 90 -11 88 27 -87 11 -78 89 -33 33 -68 90 7 -12
-4 93 71 42 37 -6 24 -94 -1 52 -22 -81 20 -78 38 -35 -19 86 12 -73 -61 44 -68 -82 -75 -1 29 82 -9 95 53 82 -57 35 -78 64 17 -56 -75 -95 -100 -59 41 -55 -19 -66 16 -77 71 84 -71 -75 82 70 -92 71 -30 24 -39 -11 -92 26 63 36 -37 -40 -84 -71 81 -5 -14 76 36 44 94 -80 -89 48 42 14 -19 -1 -39 9 -28 81 -43 44 20 63 -23 -22 -91 -74 -92 39 21 -68 -2 67
66 64 -73 25 -11 -22 -14 55 7 -64 94 9 -86 85 7 -11 64 61 -6 33 93 -49 -18 68 78 -27 -28 96 -42 -47 -69 83 85 97 -13 59 -91 5 14 -65 -71 -4 46 84 7 0 46 -56 -32 28 -27 -17 55 3 -70 -42 -13 95 22 83 4 -42 -49 -50 59 -62 -1 -59 83 -76 5 -22 -85 50 32 97 -10 -13 14 88 48 80 -90 -36 -18 -28 -80 9 91 9 -8 22 -55 13 -78 14 29 -95 -98 -92
1 -44 88 -79 45 8 -59 45 74 -64 -36 68 0 -68 53 74 -96 7 -53 -30 66 -73 79 66 -70 -75 -57 -91 78 34 -47 22 -57 -32 -54 -70 -89 -54 -57 -59 -40 -96 -65 -15 -31 15 88 49 -14 -79 -45 -52 21 84 -48 -53 42 -37 -2 19 -74 -65 90 -10 -25 -29 -39 60 -18 -43 -22 14 94 -45 47 -3 13 -48 -15 -31 -17 77 85 -29 -25 -95 10 91 72 -76 -50 -2 -66 -1 -8 81 29 -75 45 -67
-49 47 29 -58 -2 -44 -77 20 -70 -91 -50 2 13 98 34 -85 -86 -13 99 21 -69 -41 63 -5 -65 45 78 9 83 -34 15 -86 42 52 -28 -14 26 -96 -19 57 -27 5 -22 30 2 1 -51 91 -84 37 -17 -37 20 -39 -14 -80 75 17 -56 80 20 -75 -81 4 80 -73 96 -8 -71 -29 -48 -11 55 -82 -65 36 -63 -86 -31 -97 80 9 6 85 69 70 30 -41 56 88 -14 47 37 -20 -10 -56 61 23 -30 -17
-43 -83 16 69 19 -91 8 95 -87 -45 61 -24 57 -6 -67 61 -95 -72 64 -5 74 -53 -79 -60 -92 -75 -76 -13 11 52 -93 -84 84 -60 72 91 99 -89 88 44 99 -69 -26 59 54 66 -93 14 6 55 75 -59 -57 77 54 -85 -65 9 -81 36 73 -14 -36 96 46 -72 -55 -60 18 -63 -33 -55 12 91 65 -7 53 32 -32 -32 -18 62 76 66 18 -37 51 12 -5 41 38 83 16 54 -15 -8 -18 -78 77 -18
-48 -55 36 -72 87 -68 -91 73 73 -30 -92 -99 75 -54 -29 -75 10 74 69 63 29 62 -67 78 99 -46 73 86 -41 35 -91 94 -40 -49 16 3 -59 83 38 32 22 58 53 93 -79 -17 31 -90 10 96 81 -81 82 -59 -18 -8 39 17 -42 99 51 -100 -1 41 -100 -68 -60 31 -38 -33 -92 -91 -24 35 -20 89 -48 -41 -27 12 -56 31 -96 -47 -75 81 -66 71 60 -94 -21 -56 -91 99 66 -80 37 -38 17 -15
-94 42 49 33 87 19 -34 19 -61 3 3 -29 -2 -10 -69 4 55 30 -19 -89 -52 9 -33 -60 -56 -85 95 -13 27 -31 6 -31 59 -66 78 44 -79 -70 -77 -3 -1 51 -73 -24 88 -2 92 38 91 6 -14 63 68 88 99 -91 67 13 -70 41 51 53 -2 -33 19 -62 -26 3 25 -9 78 -55 -90 -52 70 -65 42 24 -92 47 -95 -77 31 -2 64 69 16 88 -48 -11 36 -12 25 -70 -42 -95 36 -10 -95 -34
34 28 -61 -20 -49 -96 -20 46 26 60 -35 76 -57 63 97 38 66 11 58 -31 54 86 -89 -92 -96 27 76 98 83 -45 -21 98 37 67 64 12 65 -18 -56 -92 9 -15 56 -25 -18 -23 -70 75 -84 14 -12 -5 -80 51 78 48 -61 62 -100 68 -27 48 49 48 27 -36 -49 39 -7 80 17 -3 9 -14 -68 99 84 72 63 -8 63 74 98 76 -80 -89 80 51 -28 27 65 -83 -41 -62 -25 -28 29 -60 8 -81
10 83 -35 -62 -8 -43 6 -92 22 21 -55 -44 -40 52 93 64 65 -37 0 22 -83 -61 81 -22 -22 86 37 33 -43 -81 -35 -44 38 -87 -5 -99 72 48 -95 16 60 27 79 7 23 0 -71 27 26 58 6 -86 70 -48 9 -16 -84 13 -96 28 29 46 -52 46 62 57 14 65 -57 46 -32 -6 -67 25 -87 -28 -57 -11 56 -66 -97 -66 -26 -83 16 37 -26 -27 3 -35 -5 -18 83 14 -66 -43 -36 -57 68 -88
-52 81 70 66 28 -30 -89 96 46 68 33 -67 -34 79 -95 2 -93 -99 58 13 46 -83 -50 -96 73 36 -64 -18 37 -89 -96 -27 -98 44 -1 34 -27 -45 0 25 94 -17 -7 3 -17 -66 8 -85 14 88 -23 -3 -82 99 96 -44 43 31 -8 82 42 -81 -4 -72 -67 70 -80 -16 68 99 -55 95 -29 -34 -59 -42 76 39 79 -79 -9 -15 11 42 -18 35 39 -10 98 60 -82 58 29 64 -74 44 40 -40 24 -1
-29 49 38 -64 80 -96 19 62 82 90 55 74 -82 -36 -77 38 -1 -70 -94 39 36 -6 -65 -90 -93 42 -94 -2 42 -30 -5 -79 72 6 40 -100 96 -76 19 -44 60 -23 -24 69 22 -51 86 96 -54 35 24 9 -10 -73 -65 55 29 12 -24 57 32 -96 -15 -39 -97 66 -88 11 -82 -27 -56 -5 -25 -20 72 -28 64 -51 24 58 -63 17 49 89 -84 -83 -65 -90 61 1 -63 -70 -84 30 4 -56 -81 -17 25 -58
60 44 -99 52 -54 -95 36 93 24 -58 50 -32 -60 -34 -38 23 -75 -57 11 53 -24 94 90 7 99 59 -31 -54 54 55 -70 -31 -9 49 38 -58 -42 71 20 -75 -57 89 -16 -27 -73 44 -50 16 27 76 -67 -64 89 -73 -31 8 49 -64 97 34 -98 -12 -50 58 -52 58 22 97 66 37 -24 -98 49 -84 41 80 -35 -22 10 -75 -29 -75 -64 -59 -28 -31 -17 21 64 -23 -3 -54 -79 15 43 -46 65 46 -59 -79
44 95 40 -37 -51 -32 -40 -70 -29 11 -20 -81 9 93 -56 -99 5 -96 29 -52 -94 50 72 56 14 91 -54 58 -26 25 -5 70 -40 -80 -82 -3 -16 83 -77 -9 42 -36 -91 71 50 35 -33 -19 80 -7 26 53 33 -65 69 -39 -58 70 -92 40 14 -79 89 39 28 -74 -72 -39 -3 -4 24 -9 31 80 54 -44 -9 -34 -18 -21 61 60 89 -34 69 -96 17 52 -28 28 -51 12 -55 51 35 -75 90 -96 -64 -88
-17 -78 -96 14 53 52 -30 96 92 2 17 42 -53 -80 -72 -6 39 59 26 -44 -99 63 0 -65 6 0 26 4 -13 -53 93 -68 -62 9 64 -7 -30 48 61 7 9 -64 -53 -23 -91 -91 16 -72 -20 40 89 77 24 -36 -43 -4 90 -11 40 86 4 10 -78 -67 19 32 -15 28 87 -14 -10 -48 -33 -55 34 1 -74 56 -6 -69 -77 43 -56 55 57 37 -44 -35 84 -91 9 51 68 -26 3 30 -1 27 44 -27
-34 58 94 -92 -5 1 10 -84 48 29 -53 -3 7 13 -23 -58 82 43 42 8 -34 -63 53 -97 38 60 82 -87 78 -3 -80 37 55 27 15 5 60 45 -25 -44 45 72 19 -8 -60 2 33 11 -29 78 43 -27 -98 -17 48 -22 52 -69 72 38 38 51 16 -84 19 -73 -17 87 -5 -45 43 73 -48 81 6 -81 -67 -79 99 42 -18 8 32 93 95 95 48 80 5 63 -34 23 -41 -24 -53 74 77 -56 -42 71
32 -24 -71 -6 21 3 65 -35 -30 42 -27 14 24 -14 -84 -90 29 -10 47 12 22 -18 52 -72 67 10 -79 22 -32 61 -56 19 -35 -66 51 53 87 -56 85 98 31 19 -79 84 83 88 43 9 -99 -79 69 -97 43 21 -10 74 45 -99 -79 24 -70 21 -10 28 -77 33 -29 72 95 20 25 43 -28 -24 -4 -90 99 -44 -98 74 -33 69 74 69 20 86 -23 -51 53 -13 -7 61 -100 -2 60 -23 92 52 28 66
-54 -56 -89 -3 53 -85 78 -4 9 -70 -46 8 55 -54 -49 35 -2 -44 82 -83 -31 -26 -65 -48 -97 25 -80 75 28 -66 92 28 24 39 -54 63 -49 -46 -46 -12 -79 84 -86 -99 0 33 59 -76 -96 19 77 -26 47 61 88 37 -51 17 4 -52 23 4 -37 -67 59 8 -63 -5 -91 70 98 90 -53 -33 47 65 -46 -17 -90 -15 -39 -94 -30 84 -23 -97 -90 -67 27 -1 -51 -100 -49 8 36 74 98 22 37 58
-72 -53 -17 -10 -67 -81 -17 29 11 75 -86 72 25 86 -98 62 -19 14 53 62 -96 16 -37 91 55 70 -23 -66 -2 -74 -45 3 1 -80 90 -27 -26 -56 23 -61 -91 2 13 22 21 53 18 -33 -87 -99 -72 62 9 -76 -75 -42 -98 -30 90 72 -44 -98 77 -97 -64 -70 34 -41 -34 15 19 -38 46 -25 45 96 -29 27 -73 -93 72 -96 -36 -76 64 13 -93 -90 40 87 96 19 -7 -31 46 -82 9 57 43 17
-79 7 13 -10 47 -95 -82 8 -36 -11 -7 15 90 71 79 -72 -77 23 84 32 79 -96 -48 51 -3 -55 -7 -91 -75 95 17 91 55 -24 83 59 -5 -9 54 -14 -51 -58 23 -95 -41 55 -84 35 23 -60 79 -32 -54 -51 -51 77 -45 -7 95 -97 30 -92 -24 0 39 17 36 27 7 -57 1 61 -92 76 15 -19 20 -51 -86 -81 -57 -77 36 77 -25 -10 -3 87 -69 87 34 72 -40 1 -95 -58 -92 99 -39 84
25 -97 0 -47 50 -92 -89 29 -67 16 -18 71 34 -1 -55 -87 -27 -12 -59 50 -20 -30 12 -27 -55 -6 -72 -100 -74 80 -25 -14 -43 25 27 -5 86 4 59 -2 32 62 -16 -37 -85 91 87 96 -81 -22 33 -16 36 91 -56 72 24 -22 26 -61 77 78 -12 -99 68 -49 57 -7 -95 -37 -17 -96 32 0 -1 -44 28 -7 -30 -37 67 -84 -21 -41 87 38 -57 -80 31 36 8 -14 20 -85 91 2 -83 59 82 -44
1 99 66 91 97 83 -27 -54 -92 -91 27 17 -75 50 -50 -1 -83 -68 64 -5 -17 -63 42 -94 65 74 -96 84 -22 -69 -27 39 -87 6 87 -34 18 3 70 -100 -50 2 -77 -8 -93 -41 -21 13 -48 -10 14 8 -17 -56 17 38 -35 -40 81 -54 81 22 23 42 46 -4 -4 92 -59 77 -41 -12 57 84 64 13 21 -36 67 -52 -63 -63 97 94 -93 -54 -30 -11 84 -22 74 77 -20 -46 99 52 14 -48 -67 -65
-80 81 -95 35 -64 63 7 81 21 -38 -83 89 24 -18 95 32 12 -85 -69 -71 71 -25 99 -56 11 28 -19 43 -50 20 -9 -57 -82 -40 16 81 -80 16 -8 52 -51 68 28 -42 -37 9 -98 77 -93 46 -33 28 83 97 61 -32 44 -28 -67 -31 -50 60 62 -90 -27 38 -81 -88 -36 91 -1 -63 68 24 11 53 -88 66 22 -82 -31 -39 -93 53 -55 -93 -83 -8 -9 75 -15 -85 -35 81 -39 25 -13 94 5 61
40 -67 66 86 -74 -90 -93 73 -18 54 82 11 -31 -2 21 14 -78 71 -61 -88 88 73 -41 -51 1 65 -24 42 -59 -82 70 37 -67 -42 1 28 -80 68 5 -37 -51 -1 25 44 12 -62 -64 56 64 -53 -8 -7 2 48 -2 -96 10 -42 -17 76 16 52 -71 -86 91 -87 14 -25 -10 -49 -2 47 -57 25 98 -65 -59 2 -11 -60 -60 49 7 -1 -59 -77 -97 21 23 39 74 -73 18 -78 -9 -53 55 71 45 -12
-4 -69 -93 -92 -66 70 -4 36 -44 -70 -72 34 -99 32 -67 -9 -4 -26 85 60 73 -9 -7 84 32 27 -75 65 -20 -72 -56 35 -8 97 -38 -56 39 20 -59 -27 -53 -45 18 -14 -100 -43 -68 71 -42 -22 -66 -45 69 -84 -8 -12 20 0 -88 13 63 46 -81 23 -99 38 9 48 -49 -3 -92 80 28 52 -43 -16 -23 -82 -48 73 -41 45 3 -78 73 -52 3 -37 -87 83 12 80 -57 50 53 85 -5 75 -5 -44
-97 72 22 68 10 -5 57 -11 92 33 91 -27 90 20 -44 70 -15 -44 41 48 -19 44 91 -85 -25 18 -69 1 -47 9 -32 4 -49 76 -47 -100 89 -18 -9 -96 -90 -78 19 -87 55 -66 -10 -58 62 -56 79 76 22 -70 48 65 -36 94 -19 94 43 32 -6 19 96 77 24 -72 41 -1 24 22 -66 -89 79 3 -40 -71 -72 -91 3 -33 3 3 45 -94 -34 41 -2 97 40 -26 -71 0 -20 -96 80 -99 89 96
86 86 38 -8 -1 -68 -8 33 -88 16 -42 -91 93 93 29 -21 89 -21 -75 -99 -89 -39 -60 81 -59 43 -29 81 60 49 13 -22 -62 -94 6 -37 -29 11 -90 -11 -98 9 44 5 -31 -53 -39 -26 63 -39 0 57 -25 -68 86 55 9 -26 -59 -94 90 -39 -15 80 -7 72 32 -93 -83 -7 -100 38 9 -31 -54 -3 -1 9 -1 -34 45 -38 -48 -80 -76 39 16 46 -28 -63 -48 74 -45 7 -98 12 -86 32 -38 -46
43 -41 49 46 -58 18 91 15 79 -55 -8 27 -97 -2 -48 24 16 1 -82 22 78 -78 38 -7 -42 91 60 15 22 -41 75 -35 -96 -99 50 -21 -11 -65 43 78 37 19 -84 -88 -90 -32 -34 31 46 -88 -88 95 -58 71 23 -37 17 -31 -29 47 -18 99 -97 -50 -6 2 63 -86 -49 68 69 9 -67 5 61 -84 27 37 -39 46 -61 -81 34 28 34 -27 8 26 39 62 -94 89 -41 -58 67 0 55 -26 63 20
45 52 16 81 98 -62 20 -32 53 -26 -23 24 94 -12 -22 91 -97 72 95 70 2 -18 -24 65 5 19 -95 -68 42 -49 37 -81 91 89 6 -59 -70 -53 47 -88 -99 -27 64 -40 85 18 3 -21 -21 -21 -89 -77 23 81 -3 7 -65 0 52 74 -44 54 -69 -88 29 77 -75 -22 -37 37 -90 95 -4 50 21 -31 75 -94 -41 -8 70 -60 85 3 -46 -72 79 17 68 -88 79 87 -16 -70 -36 -46 -50 -31 -46 75
-97 -74 49 -8 -71 11 31 -95 -33 -50 26 7 40 84 -75 84 90 65 -12 -36 4 4 -95 -28 23 -32 -6 -6 -81 20 -19 95 -16 67 62 -98 74 28 -24 -29 -36 -86 -4 26 35 42 -46 -9 -71 -26 20 -64 10 11 96 73 -56 76 -83 -89 89 -60 -54 11 14 -96 -22 87 -31 33 29 31 -23 96 -15 -70 -14 -55 -98 95 26 -41 84 -41 -57 56 38 64 -40 -64 55 -55 24 -74 -37 -41 33 12 -15 17
25 -21 90 -3 -9 -95 -60 -74 -49 63 -17 -44 53 -76 -79 92 -85 23 5 6 5 -19 14 82 89 88 74 33 -14 42 0 91 -27 -1 -69 -16 55 -54 -66 87 11 30 -49 98 -52 79 89 -22 -51 22 69 83 75 64 -99 99 -17 55 16 49 -94 34 78 68 -24 -46 53 -71 63 92 77 60 92 35 53 -5 -69 60 -20 50 -16 5 74 -77 94 -75 -6 5 -51 -49 67 66 72 -79 -17 -29 43 -56 31 -63
