-40 47 63 -21 96 -27 42 -31 -32 84 -73 -61 -76 87 -70 19 29 -42 -53 -76 -71 -63 69 -27 -24 41 33 43 48 57 41 2 -32 -5 52 -69 34 75 -59 83 45 66 78 -40 -79 -94 84 -99 -45 54 65 32 -78 -72 -71 46 91 -83 74 31 31 92 -64 84 84 47 50 -4 -78 -44 52 -73 -63 -51 -9 -77 -73 71 62 -91 0 -23 -95 -59 -73 -70 97 -61 41 -88 79 50 34 -94 88 -77 77 -82 58 -94
43 -81 40 39 -14 40 -19 -12 -71 40 -10 -30 -74 53 -64 84 -28 -38 -57 24 38 86 -3 96 45 59 58 14 91 -76 -40 12 -29 34 -81 -10 -30 -52 -53 -74 96 -93 24 -26 -55 -59 -78 62 -75 -10 -87 42 39 -56 -69 42 27 -28 -33 66 -62 -28 39 -22 -63 11 -96 16 28 71 -90 -97 33 -14 96 81 -50 90 -45 32 88 94 -39 48 -47 57 -88 -15 43 -20 62 92 -37 -5 -38 -76 -58 19 85 91
-2 -66 -2 58 -14 -96 51 29 31 -13 55 93 57 -24 3 70 -92 45 -2 71 -53 -14 -60 17 -31 98 67 -24 -20 25 36 95 78 -60 -58 -84 -100 56 13 72 49 80 65 97 36 26 -20 74 -74 7 66 -29 93 -99 63 58 83 92 33 49 79 -41 -71 -94 46 42 -15 79 2 -74 -1 77 68 -38 -10 38 -85 -91 91 69 24 93 46 64 32 27 66 72 -77 86 74 -73 17 -26 -47 -23 -5 -22 51 41
35 -83 71 16 -52 -38 22 62 61 -63 -68 40 -79 -74 99 53 79 85 -7 -7 -58 -87 74 -35 -59 -86 61 48 65 27 -88 32 -56 73 -66 65 92 77 87 -26 12 93 24 57 -62 78 -29 78 69 24 -21 -36 -31 40 99 80 33 -63 -38 99 -14 83 85 32 -80 -81 -50 48 31 -10 87 -21 -79 85 7 38 51 -11 -39 50 -11 76 29 -92 -30 57 93 80 -46 -27 30 53 42 -67 30 -65 77 42 -77 90
-30 89 -11 -50 -98 -47 21 37 -55 -15 -45 -26 8 -50 -24 -19 -36 90 18 28 -1 71 38 39 30 86 -90 -87 -65 -36 33 13 9 -94 63 -15 66 -43 -2 -61 91 12 -47 40 -98 73 -26 93 -78 -50 21 73 98 67 -18 -23 22 -44 -56 19 -33 -89 64 88 -74 -6 -50 61 -72 -74 -80 -36 -59 -10 -75 37 -29 -64 68 -100 34 57 -3 -18 89 -9 -42 -99 52 -12 -5 58 -56 30 -83 67 -58 18 -22 -43
-78 26 88 -95 -32 31 0 -74 -33 -82 32 63 -8 -53 97 60 73 -3 33 -94 -27 -53 -44 -54 -99 -96 -62 -48 -69 -3 3 -22 -65 9 -12 47 -93 -52 18 55 -12 -22 52 68 -95 88 -19 -32 -78 -94 83 76 90 94 -65 8 -87 -63 80 87 -69 0 -60 13 -62 73 60 -10 -86 66 -7 37 -92 -72 -36 -62 -98 8 24 -87 -39 85 -23 -73 97 29 64 17 73 -11 -38 -60 -86 38 -41 45 -47 17 59 -18
92 19 50 44 85 -47 -38 91 -62 -25 -6 -65 94 94 -97 94 45 66 56 96 88 88 -13 83 -68 -81 97 -38 56 13 -95 18 -20 34 -4 -72 -55 -92 26 63 -91 57 -87 -12 30 -60 47 93 -62 -69 55 90 51 4 59 -54 -49 15 -32 6 -14 57 45 -59 -39 92 -75 -27 -56 61 81 91 -25 -88 2 -57 12 52 70 -74 41 26 -53 24 -72 48 29 -77 64 67 -24 48 -23 -69 -53 43 -1 -80 17 -61
73 -57 42 78 97 -58 71 -43 -32 -74 -4 -93 -90 -49 -57 -50 -43 65 -39 65 -91 86 76 50 -10 -56 -81 -55 -17 21 13 -9 -48 33 14 -66 69 -71 71 -70 -92 -85 15 11 1 -74 27 -77 16 -90 -48 -63 -27 -78 -91 -6 -74 -53 39 -49 18 43 -61 2 69 -98 19 -35 -86 91 -26 50 -89 22 39 28 -53 29 -42 95 83 -51 83 76 99 65 -88 -26 -7 -19 20 47 -77 5 -30 11 42 52 -67 8
-63 -8 -71 97 9 8 -59 -71 70 24 -44 74 -76 70 -84 67 90 -95 66 60 -57 27 63 -37 -89 -16 -36 14 -1 39 91 11 89 -53 25 -17 -22 71 -99 28 -34 67 75 79 51 73 -25 -25 18 -26 16 -40 -26 -56 20 -35 47 -17 -22 -81 -54 -56 71 11 -3 9 -35 68 91 80 -32 -75 54 -97 -64 -88 14 63 12 -94 -59 -37 36 -25 -48 35 -38 -13 -4 64 30 -66 -2 -90 -56 -25 -86 -52 19 82
-36 -76 -55 58 34 48 -17 -34 -87 34 19 40 -41 49 -62 -60 -69 -15 59 57 73 19 79 12 90 -11 83 -23 20 34 -42 -88 33 -5 -8 -73 -100 7 87 -32 3 -24 42 16 -33 95 -68 -7 -79 79 -56 -35 -88 61 -24 -78 64 -31 38 77 -38 -71 -25 -68 -82 51 86 -91 -19 -17 19 79 89 -79 -48 59 68 -64 -30 71 -47 -2 -85 -83 2 -80 -12 87 -41 37 -91 -83 67 14 -43 -95 -68 -22 56 -42
-15 -80 27 -23 -83 43 -90 -94 -30 44 -36 -71 -29 -89 5 86 -88 79 -42 -58 85 -45 -54 -20 -82 0 61 16 -29 20 17 96 -83 -91 -24 -54 74 -54 -13 29 44 81 26 -18 41 88 71 41 -64 78 45 33 71 22 -32 -90 -10 -18 74 19 20 25 0 -17 90 -76 5 87 -44 65 -8 44 -18 67 -89 -1 -44 28 -46 -65 0 20 -90 18 -11 83 -54 -68 33 6 -15 -44 4 76 -79 67 32 67 -80 31
72 -49 -97 30 -16 44 62 72 88 23 76 -82 33 -50 49 -12 81 -32 -99 46 -75 -11 0 -76 46 -10 -85 -1 -18 -24 -20 -50 -50 3 67 52 -10 1 22 95 88 89 62 -34 -25 -46 -37 -10 63 29 52 51 -28 -70 -70 -61 99 -1 -66 -97 26 83 13 -17 -18 -81 -72 30 81 -51 73 -63 51 64 -32 45 47 8 -40 -58 2 97 -44 84 -79 -95 37 77 38 -4 58 60 -98 -3 41 -65 -20 -61 52 19
-92 -66 76 58 72 -21 -87 -56 97 34 75 -10 75 31 47 89 -51 -93 -46 -5 -3 58 9 40 7 4 36 -100 27 65 -87 84 -98 61 21 -40 -6 32 13 -70 -40 55 19 57 79 -22 7 -76 -76 20 -17 13 83 15 47 75 -62 66 -11 45 13 -14 68 31 -35 78 -35 27 64 15 -27 61 12 96 -2 62 34 -14 72 61 57 -45 72 97 84 7 73 68 16 23 -29 98 65 -18 -96 17 25 -10 33 -78
37 7 -3 -58 -95 59 9 -86 -23 -10 -33 63 74 -96 -16 42 -96 -90 79 30 -73 1 -19 -30 78 88 -70 -35 -83 -40 58 0 -65 64 47 42 63 74 33 -38 -89 87 25 -32 -67 -33 84 64 98 -69 -30 -38 -8 -86 -43 90 10 -48 -46 -30 28 -10 82 49 -63 42 -20 46 -85 68 61 2 36 -42 75 -34 -86 -45 41 12 -73 0 25 -19 36 -1 65 73 20 88 26 10 -33 -18 54 98 -23 -21 34 87
-61 30 -23 -92 44 -12 -35 44 68 -72 -41 81 -47 18 -20 41 77 -30 73 -33 52 60 82 43 -10 -65 0 -19 -81 39 -75 62 -5 -43 45 -26 45 -68 32 -25 94 38 -53 -76 -81 41 -34 86 -15 -82 -91 -4 -6 68 -22 14 93 49 -97 77 -38 -72 -43 74 24 -42 -89 -3 46 -62 99 65 15 -37 82 38 28 58 4 -86 -92 91 74 73 22 -39 -89 -80 -41 -3 -3 54 -1 -8 29 -14 -67 70 28 60
-64 -39 -81 -63 -78 1 86 66 -91 39 -64 -63 61 26 10 -15 -6 26 -7 -64 59 -30 57 -37 -37 64 23 12 14 -2 72 31 91 -4 9 69 -44 -59 28 97 66 72 52 3 -73 13 -80 26 -84 -55 37 19 -93 -48 -61 83 -50 28 30 36 -2 23 23 -10 -23 -30 99 -9 21 -48 -50 -60 49 -1 46 49 -68 35 -4 67 30 -12 -61 53 46 -85 -14 30 -28 40 96 59 -27 13 -46 59 -57 -79 -46 -6
33 16 -57 -96 4 -74 76 7 40 27 -85 48 -40 71 56 50 -82 -32 -16 -86 49 15 -89 30 8 65 -72 99 88 -7 66 81 -48 15 4 -14 -49 3 51 86 -49 -81 -62 -27 10 20 -9 89 82 64 -96 -91 -27 -39 46 72 89 55 -50 -45 -20 -79 -3 -40 -43 -52 -18 -62 65 -55 -45 -46 -67 -26 -41 -3 54 7 -59 91 58 85 31 10 -90 -47 59 -5 32 -98 15 -32 64 38 -53 26 -1 48 87 -82
-61 -30 45 -43 2 76 -22 76 -75 88 -63 -2 -75 42 -57 34 42 -69 -41 72 -98 -65 -52 90 -71 -86 -27 -55 68 -85 -1 -28 45 89 -50 -53 -31 -30 -71 -29 -5 -49 -92 -46 12 -24 17 -29 -3 48 48 25 -10 27 51 -34 68 -13 -82 56 -93 2 55 -80 46 96 -36 86 19 34 -50 98 70 -54 -63 -76 -57 -26 -32 -47 -63 -5 61 -48 -34 -65 34 -67 39 18 86 93 -91 -67 -48 -51 -45 47 -49 66
-83 -15 -59 57 -83 -16 -61 7 -53 59 -86 54 65 -43 95 82 -90 -45 13 -88 -36 54 35 -13 -83 -30 -27 -99 33 -22 12 -88 -34 -67 -4 55 26 -21 -11 86 83 97 -71 75 87 37 5 6 -26 -67 -97 90 40 -20 70 -29 -44 32 59 -93 -59 16 70 -89 -42 -50 -26 13 88 69 -73 -60 46 -86 25 -49 -27 91 12 -70 1 65 -7 -73 -59 44 -17 -70 -68 -24 -30 87 -88 -49 68 44 -51 -45 -89 -35
-11 -17 38 18 -62 56 56 28 -100 27 -48 -60 46 -65 -48 -23 45 -39 -4 22 -56 -81 -30 94 99 35 90 32 24 49 94 -87 -54 -50 -33 84 1 -70 59 -15 -80 8 20 64 -46 -26 49 59 71 -18 -10 -96 66 55 -89 -47 -24 -96 30 34 34 -18 75 82 90 3 -92 99 -77 88 58 86 59 11 -53 -62 79 87 8 -72 -36 -94 -63 22 -70 -51 -27 7 -92 54 -5 -49 -81 -51 51 -99 14 3 -6 8
-36 -65 68 17 79 75 23 69 19 12 -10 15 69 71 2 -75 83 -15 -1 82 54 -40 20 56 8 -71 28 35 -12 50 -28 81 55 18 91 -83 -34 -96 -63 -15 76 -39 83 -1 21 38 70 -82 56 50 78 -58 3 -62 -82 -20 57 -49 -60 5 -100 94 69 45 -77 74 54 13 -99 7 -58 -60 -8 -20 -92 -27 35 -7 -69 48 38 38 -15 -52 -63 6 54 93 -3 -39 -48 84 -5 31 -100 60 -6 13 96 37
-80 -7 74 -81 22 74 31 71 -13 -18 -29 -86 79 58 2 57 -37 31 -85 18 45 89 61 -55 -65 15 77 -83 -83 82 -62 -30 -70 -40 -40 -74 36 -12 -2 -2 -100 -93 -64 -99 78 63 16 -80 37 3 74 -52 47 -93 5 -32 -37 -19 91 -10 73 -57 90 9 -30 -34 -100 -87 -96 -27 -52 27 -51 -78 87 -65 16 58 -98 -69 5 62 -35 -28 -5 11 40 61 -30 -71 -1 51 -19 -40 87 44 49 42 40 -73
60 15 -34 -30 72 -98 -33 16 55 56 50 -27 -34 28 -59 -31 71 -52 36 -87 -91 86 39 -76 -16 -14 -69 -22 -10 96 -11 7 4 -1 97 -68 -2 64 -65 -85 95 -26 -99 -21 2 -23 -95 1 9 31 -79 25 77 -61 72 -90 35 19 -12 40 -25 87 -14 -72 90 75 -28 79 82 -88 5 -29 -71 89 7 -5 52 -69 -31 -3 65 -41 89 -20 65 58 -96 8 -81 -4 -49 29 73 48 -15 89 -52 -18 40 83
-59 81 13 76 53 65 -53 -42 -97 64 -27 20 75 79 41 -70 95 82 -93 -36 -8 -66 -32 -3 22 52 1 73 1 65 89 14 -13 59 98 -47 72 -59 95 -76 -79 -14 -52 -53 0 36 60 -82 24 -36 12 27 -6 43 47 64 83 16 -22 59 5 64 92 93 48 61 -88 19 64 -17 54 -95 76 99 -11 58 -71 -28 -79 -96 44 -1 -9 -79 -72 -74 98 52 83 -55 -26 -96 61 11 -17 -73 -92 8 57 67
9 1 -22 20 11 18 21 49 -24 78 91 91 -77 -17 -66 -43 -86 6 -48 -58 -98 -82 -96 -100 -34 91 37 -40 -81 69 7 -99 -11 -4 -31 -10 3 -49 89 46 -86 12 -6 -57 -24 -27 -95 -29 -21 56 -32 5 52 46 -72 0 42 -18 -58 51 -77 -44 66 -81 -32 -92 65 82 91 34 38 80 -54 -50 53 20 -54 39 63 62 6 -96 -91 90 -95 44 45 29 -8 -43 -75 -50 34 -95 -73 -14 62 61 90 -17
-48 -39 77 57 -79 -74 -47 -38 -53 72 -63 68 -81 -52 80 -57 88 -80 -1 91 -5 74 47 99 -6 -60 -96 59 -31 39 8 53 20 -15 62 32 37 -34 86 99 -63 40 -53 16 -69 -18 -27 -96 4 -28 12 -94 57 -4 -10 89 40 -73 -44 -93 -65 -25 -73 30 -17 24 -97 31 -17 43 -6 -48 12 -60 -74 25 84 -29 60 94 -66 -77 -11 -70 6 -73 -84 -17 -70 54 -8 -32 76 -19 76 -36 94 83 13 10
-51 67 23 78 -81 -74 51 70 -88 -46 56 55 86 -81 21 -66 -68 48 80 -3 -41 21 -40 10 92 -86 96 -17 96 66 -12 40 -10 77 -94 73 23 -7 20 74 37 18 -47 -87 91 -73 -2 -46 89 92 22 -22 -19 -53 30 87 -92 26 30 57 85 -69 -16 11 74 79 49 -46 -6 67 -33 59 34 31 -27 77 -58 71 -69 91 37 -10 -34 -8 81 -45 77 -72 -78 -15 -75 20 72 19 49 9 25 -23 -27 -22
90 97 11 -7 54 21 -22 39 -81 97 -64 -7 55 -35 -20 34 -76 -3 -86 86 16 -61 26 63 72 -43 73 2 -41 96 10 -29 -9 -56 -26 54 7 94 -79 -26 -39 -80 12 15 50 -72 76 28 -22 -38 31 -96 85 3 -43 -43 11 34 -85 -30 82 63 -11 28 -8 -53 79 85 22 60 48 76 89 -24 -43 81 -11 48 -61 -87 -67 -16 -26 16 -83 21 86 -50 24 78 -26 -25 -19 15 -18 -10 -24 2 -70 28
53 49 42 -26 3 -51 -64 18 42 61 -95 -83 8 87 76 -29 16 -32 96 24 77 -36 -11 -93 -80 50 69 -86 40 -28 42 -41 -29 -93 58 70 69 -80 87 58 -33 62 -12 -62 16 81 58 73 36 77 70 15 35 -18 87 21 -1 -36 53 -44 -11 16 89 -70 -44 7 19 -99 -87 57 -68 -38 90 -8 62 -54 12 75 9 -49 -56 -89 -100 94 -87 84 65 -27 37 21 59 -2 98 -48 4 -33 -52 -64 57 -90
69 -92 -38 62 17 -48 -32 25 1 21 -82 -98 -54 -95 12 -28 85 -68 -71 -80 -40 -31 42 18 61 2 7 -54 -74 -88 36 -69 89 -72 21 27 -9 -38 -60 -76 6 -18 64 -59 -41 -39 -100 -90 0 -28 -50 -42 -42 -45 -66 -73 68 21 -24 -72 -87 30 -61 -60 94 -98 0 -25 24 77 71 -19 6 -19 8 78 -44 -11 -96 -31 69 48 5 -34 21 87 54 2 -71 -77 -31 37 -9 34 -41 15 -17 -99 55 52
-17 -7 -95 -85 52 67 45 -80 16 -81 53 -36 -54 62 6 -87 -17 48 38 -26 58 -55 -28 -100 -37 -71 95 -87 -79 -59 77 92 -9 -75 27 -85 -29 69 20 53 73 66 31 67 65 -50 -99 -78 38 -22 92 0 99 -56 31 -5 -84 -85 -25 -28 16 67 9 -8 48 16 -29 -54 -51 -97 -92 40 -26 97 -73 55 39 35 -52 -19 -94 -27 -45 33 36 68 79 -39 26 91 13 -34 91 -75 89 -38 62 -11 -71 75
-60 -27 -78 -97 -48 28 64 -54 23 -78 -23 -19 -25 -81 67 -29 27 14 13 -93 -64 -30 14 69 81 58 20 -79 74 -66 76 -51 30 -97 -98 -53 97 17 -13 31 -15 -34 74 36 -28 56 -18 -77 51 39 53 16 -52 -82 15 45 -93 -46 -80 7 6 38 -23 70 6 -5 29 -47 -98 93 52 38 -80 -71 97 -88 -22 24 -35 -43 68 -100 49 -9 -53 -64 68 93 -42 -49 23 -10 77 46 -45 0 -42 -30 28 -31
-76 -76 68 47 -58 48 52 -22 49 25 -38 -37 97 29 -66 23 12 7 -54 16 -63 -11 -80 -86 -55 -85 57 -30 3 55 -37 -44 -18 88 -56 17 94 92 49 58 78 -48 66 -27 -18 -48 51 94 66 -14 76 -39 94 -77 -34 -76 -48 -34 -9 66 -68 -18 70 95 23 -43 94 9 18 -17 74 -81 -6 74 21 -24 -29 27 49 -60 25 75 67 -63 52 46 84 45 61 -14 45 88 61 -3 44 -86 -20 -55 -5 -92
-21 -5 25 73 -58 -29 3 -41 47 -9 3 27 -61 -91 -57 68 -100 -74 62 39 -57 -8 25 -50 -71 1 -43 -51 22 -8 -9 -70 44 -56 -69 26 -52 93 -96 28 75 -69 21 50 82 -30 11 71 -5 -34 -82 44 -32 26 -25 -9 33 31 45 -98 46 36 -97 49 -19 -64 -24 43 -79 33 16 -22 -58 -57 84 -96 80 -33 28 15 84 75 5 -21 -8 66 55 44 8 51 83 -75 70 94 -97 99 -9 -97 -97 -27
37 -18 33 -65 55 -59 30 95 -23 -9 92 -95 21 43 35 88 -61 9 20 -21 -100 -40 -46 -77 -75 73 -91 -46 -43 18 20 11 -63 -21 -46 13 93 -51 34 31 55 75 -79 65 -67 -92 -49 71 54 -76 20 -42 -99 -69 -96 -47 -24 79 59 -13 -58 -27 -62 -45 -5 -100 -85 17 87 21 22 90 -60 -67 53 53 -34 81 -77 21 6 -56 30 73 -22 86 91 10 73 61 88 -4 54 -42 4 -100 32 -85 -83 -70
-51 -100 -15 -20 -65 47 68 54 -81 -34 -97 22 86 -88 -67 78 -58 -20 -8 -93 87 86 66 -66 46 -98 92 59 -39 35 -23 -45 62 4 -24 64 -44 -90 98 -38 -74 -22 -88 -34 19 -34 -71 -95 -58 16 -78 33 -85 -86 -49 -70 -28 68 33 -54 -4 -4 65 48 -88 28 89 6 -36 57 77 -52 -73 9 -39 -66 -9 78 -9 12 33 29 -100 -32 -80 15 -15 -73 -48 3 16 16 -94 -72 -65 -81 37 20 17 31
-96 63 -15 -68 -13 96 15 -69 79 -5 -83 -28 -9 10 10 -25 -24 69 69 99 6 -77 -50 83 -15 89 28 -80 -94 10 19 19 -47 80 49 50 72 37 67 79 77 -75 -56 -85 -75 65 40 28 19 -37 -66 39 -36 39 -55 -7 -58 -37 -65 -16 -67 -23 -43 23 -74 -97 40 -16 23 75 69 -37 -46 67 -4 20 -77 45 6 -19 -21 14 -97 -37 -97 -44 -75 -6 96 -2 -46 24 -49 -16 48 59 15 55 -87 37
67 -7 -82 26 70 4 79 -50 -98 80 64 -4 5 29 -89 -6 30 64 -30 90 20 6 87 -36 -48 3 11 -88 43 37 -68 54 -61 -53 -63 32 -21 -99 -3 17 -24 3 -86 -52 45 -95 39 35 22 -84 59 12 28 -99 31 35 -9 36 -81 -53 -46 87 43 -41 11 -90 2 47 -70 84 7 8 76 61 2 -74 49 -88 29 -52 55 -10 -98 -39 58 -10 42 37 -20 68 -12 56 61 -41 54 8 64 -66 -67 67
-46 -21 81 -36 -64 -3 93 32 -55 -17 44 -19 -33 -23 65 3 -2 -42 -66 -50 -42 -62 -95 -68 -21 50 64 -15 97 74 3 -37 12 54 69 -77 -46 -78 84 -18 -46 -80 17 77 25 -69 55 -28 -24 -2 60 38 -30 -84 -59 -70 -1 -15 55 -30 64 24 -76 -88 -36 30 -56 40 25 81 -85 65 -96 59 -94 98 -91 69 72 -22 74 -58 -82 27 79 -51 15 30 98 10 60 40 5 37 -50 73 -48 -58 34 -100
-10 28 86 27 3 56 -34 -89 61 -98 23 -21 -8 -19 -60 15 88 -74 -32 -3 -38 -92 -70 77 -23 42 8 -49 99 -96 54 -31 44 -63 66 -12 -22 -89 -28 -57 -2 48 46 52 14 -66 -39 19 -92 23 0 30 -67 86 -64 -1 -36 75 -41 33 16 19 34 -57 65 -58 -4 77 -53 88 52 10 -92 -12 -16 -12 1 11 -46 -27 48 -55 16 -49 88 68 16 94 -100 -45 -82 62 52 -11 -71 -79 87 -61 2 44
29 90 57 36 -68 -14 3 -14 -81 -73 -35 -6 -9 32 -82 -20 48 60 -44 23 10 -36 -89 -44 3 -36 5 2 -99 -82 1 42 -57 22 58 41 55 -91 39 -49 -28 38 14 92 -68 17 73 -12 10 6 66 85 61 -17 28 55 -63 -20 62 79 51 -11 -84 -60 -41 87 -53 14 -18 99 1 -60 -100 -72 88 82 -51 23 99 -7 -21 -39 -85 43 88 30 -67 -36 -46 49 -87 -7 59 60 15 60 -79 82 -11 -39
-38 16 -65 -92 -38 -17 -21 50 22 -2 -55 -97 0 -17 -21 -4 -70 88 -33 59 48 -66 1 -45 -62 48 -43 32 64 -72 -45 69 -7 88 9 68 -12 -81 -86 59 -86 -69 2 -90 61 67 94 -81 -99 -85 -85 4 39 64 -63 -21 -69 97 2 55 -39 -31 47 84 -77 5 33 83 -83 14 49 53 -91 -45 -25 -55 -97 -59 -65 98 59 -10 85 17 -10 -36 -44 -23 74 55 15 -98 -94 -12 60 3 -63 37 92 -93
-7 -40 73 -71 -12 6 78 22 59 -60 89 -78 -59 84 94 25 -13 17 -30 -30 -58 12 81 20 79 45 -18 -30 74 74 59 32 -30 76 -88 46 -3 6 -82 -54 9 -40 34 99 21 -63 -35 35 62 96 -3 -44 89 -86 -31 -81 62 6 13 -32 -34 7 59 -52 53 2 -73 12 13 85 -36 37 -86 63 -43 42 -90 -2 24 79 77 -100 66 -45 47 -23 -17 -56 -47 -97 61 -47 -95 -25 -67 26 39 -88 -21 -68
42 63 99 16 -43 27 3 -36 -53 53 -50 98 20 63 -95 -61 68 37 39 67 -4 -47 97 13 -64 -59 87 -49 86 65 -41 -23 65 86 85 78 99 -78 37 6 -88 61 66 -96 75 -99 -65 68 -80 -91 67 61 89 -12 97 -54 -9 -60 -20 -99 -49 -61 70 13 -71 -41 51 45 43 -58 -18 85 -85 97 -2 87 76 92 -67 -89 51 90 -31 0 -21 57 16 -28 87 59 29 -16 57 88 97 -8 -26 -86 78 64
64 -43 74 93 74 -50 32 -30 -60 -30 -61 -88 46 -52 -91 -86 20 -95 31 13 -8 -35 3 13 -24 -71 48 -49 45 0 65 78 55 -94 -65 -49 10 -46 -34 85 3 -80 -96 -50 49 -79 68 43 -2 -15 -83 -94 -41 69 38 8 -99 -27 4 -93 79 -74 85 -34 -73 -90 -89 8 94 16 0 -42 71 -29 -98 73 86 7 -58 -63 -64 -100 -98 9 22 22 -64 -57 -97 30 -33 35 -38 30 -34 -83 18 -38 32 -100
82 -65 24 34 -42 -60 47 -100 93 -69 -51 -43 -98 48 -76 -95 -1 59 30 84 -36 24 78 73 -27 -40 -38 46 -27 85 66 59 60 89 -79 -72 29 -6 15 20 -42 -31 -74 -16 -51 24 23 35 -38 -19 7 16 -85 50 -21 -93 -63 -29 34 2 98 -58 51 -45 9 -50 53 95 18 -46 82 55 69 -72 77 44 35 -81 -46 67 82 58 -65 -33 69 60 79 -56 -13 -24 8 43 -78 -22 47 6 71 64 86 -64
-42 -88 -37 38 -35 -22 -13 67 -46 -31 26 -12 60 72 21 99 -61 -77 -41 73 -79 6 -68 42 66 -78 76 -6 2 -59 -86 80 53 -70 -46 -53 9 59 -39 19 71 91 -79 -99 -32 -90 -53 -5 -82 -19 -72 -41 -55 -19 -14 -9 80 -56 -56 7 42 -50 -12 -33 10 25 -57 99 76 -58 -11 -9 -30 14 -42 53 -9 -74 -39 31 -36 -79 -97 31 -19 -9 7 89 35 86 93 70 95 -65 -45 -58 -12 62 -81 -45
-67 -54 -96 7 -92 -99 11 43 88 72 68 85 16 -41 82 -62 10 -54 27 -41 -4 -35 9 40 47 -79 -64 -17 -91 -15 -63 29 72 25 6 -67 -63 -97 58 26 3 1 52 48 -45 50 33 -49 54 -1 -11 4 83 72 -97 -35 -23 88 -4 25 -6 78 78 80 -80 -62 65 49 53 -38 63 -1 -94 24 -37 -41 81 7 83 -28 82 -84 44 -83 82 -34 -67 -13 64 49 47 -69 42 61 -65 33 45 -8 -15 -33
76 28 -44 -23 81 88 -9 -71 -7 68 -69 0 10 47 -8 -9 7 11 -2 -77 35 63 -66 73 79 -8 -100 -99 -80 -45 39 98 20 -95 71 -64 67 -97 -10 -90 -15 -13 5 33 -66 -21 -11 7 -24 71 -12 60 86 -59 -97 -1 -54 82 -67 -25 -100 0 10 -78 92 37 79 30 -98 48 15 -21 -40 -83 67 43 -36 -76 30 21 11 82 81 17 -96 65 -9 56 -27 82 -37 42 37 -6 -30 37 62 75 43 54
-87 -99 -72 44 38 -60 -55 57 -90 -67 -1 75 63 -66 -34 -56 36 88 20 -98 -68 -51 -23 11 70 14 16 77 -47 90 24 64 -12 32 -52 -28 -77 -96 -87 -99 77 -78 36 -47 -74 -15 55 57 -75 -77 -9 71 -77 -61 -98 24 45 64 -17 -35 78 81 -56 -72 -75 -42 -75 19 74 -26 21 89 6 -37 67 -73 -70 42 76 -5 36 51 81 27 11 53 -46 -48 52 -100 -1 8 -10 -91 54 0 24 89 85 -25
-57 69 85 95 99 57 35 93 91 -28 -10 59 -56 69 -40 -79 85 -37 -98 -64 -16 92 5 59 86 -46 1 33 57 -2 -63 -12 -70 92 68 -87 -57 -73 -65 -49 93 30 70 -66 -10 -11 -3 20 25 67 38 -67 41 21 -21 -49 -25 69 -9 54 -93 -70 -11 31 -45 -18 41 45 -15 -51 73 -63 -40 -66 -36 -85 43 -55 -88 -85 -30 -27 -3 35 55 74 5 -97 75 45 -36 -83 -36 30 -73 16 90 9 -16 24
-90 46 -16 -14 94 37 -50 17 90 91 36 93 -8 79 10 14 -27 44 -31 21 -67 -54 26 -49 -34 -13 -61 -8 7 95 30 78 74 84 94 38 90 58 -95 -45 -30 -4 84 -20 -81 17 -91 -26 69 -21 33 82 82 -55 -59 84 53 62 78 -95 -93 -48 72 35 -75 40 -58 -59 11 -65 -37 -39 -52 57 -53 67 54 -47 -12 -64 27 -34 -84 -39 62 67 73 -6 -20 60 28 82 92 -79 -17 -28 28 -91 26 81
-42 -53 -9 -17 99 5 -18 35 -92 -30 -55 -16 93 73 85 55 -13 88 51 -29 36 30 -90 22 -61 -26 16 -96 5 6 -13 -24 52 -72 -77 -65 -87 -8 79 -47 -37 -82 11 -35 -68 -94 -98 30 44 -95 36 84 -74 -64 93 -10 49 27 9 79 -48 -9 75 -88 57 -21 57 74 -41 28 55 49 57 90 -26 -75 91 85 -12 -37 -76 -90 77 -74 26 -57 43 -29 -96 -30 53 66 87 -64 -49 -82 -22 -62 -63 -52
5 76 -45 -12 69 -7 -65 -70 95 63 33 -70 -13 45 47 94 -36 57 -99 19 60 -78 75 -48 4 -94 -21 -35 76 -46 33 31 99 -54 80 7 -98 82 -76 29 56 -17 84 17 19 95 85 -37 52 -22 26 -32 -25 -83 -81 -72 -44 88 -9 -79 -10 80 86 49 11 91 -23 -26 17 33 52 -43 -2 4 -47 78 39 -33 -66 67 47 98 17 -50 4 -94 12 -25 60 51 -93 43 -51 58 -78 -70 -95 29 18 63
-34 -21 61 8 74 -72 59 -71 54 -88 58 -84 -69 -90 9 -55 84 30 -86 46 39 83 28 68 -41 -1 93 70 73 22 -80 65 61 -86 97 21 10 -77 57 56 -2 92 -77 -38 -18 66 -36 12 -27 36 -68 97 -45 -75 -88 -40 -93 17 -21 89 -90 -25 -10 37 -17 -18 20 29 12 -75 -90 48 21 -20 -24 -25 26 49 -94 -30 20 -38 41 -11 20 44 -94 90 -74 -61 -77 96 51 -9 -8 -25 63 7 -89 13
15 -72 95 -89 -100 -61 42 -53 4 26 -94 13 77 16 -60 -28 33 -16 -89 0 -3 32 56 -35 -20 74 38 33 14 -70 70 -26 12 48 -65 -93 58 -86 -66 -8 34 -70 26 -78 -29 -2 48 89 87 -1 -27 98 -83 -33 -40 90 86 52 -94 58 64 -35 -45 54 96 -47 -62 96 -88 -90 -50 -24 79 67 -86 -30 2 -63 -14 16 52 -16 -68 -80 -55 90 25 -39 -79 -37 65 -27 67 28 -19 34 -62 3 -51 -85
-52 -47 3 60 -29 -65 -34 -56 53 73 -54 -82 8 -37 88 -1 -85 -53 5 -86 -33 12 79 -61 -45 -58 -61 -80 96 -59 55 7 82 22 -18 -40 2 -5 -11 -91 -47 -55 52 -77 -36 -100 87 -89 -60 44 18 31 -80 -46 66 -34 51 -94 62 -53 95 -24 -91 97 36 20 -85 -41 70 -100 -6 24 -57 38 -47 73 -43 -44 -39 34 69 -35 39 -41 77 -45 24 21 75 -44 94 22 12 -5 -97 -83 -62 -23 22 38
81 95 24 31 75 -15 -60 -20 60 -88 56 -8 -66 46 -83 3 -67 -3 52 38 81 -92 14 -47 -64 24 69 5 -52 -68 -32 -28 17 -42 -9 -17 -52 -54 13 96 -19 -11 84 59 -68 44 -16 -5 -63 -67 -29 69 -17 46 -90 -96 70 -4 90 71 -36 59 52 57 24 43 -57 -98 -77 97 -33 38 -44 -19 -15 7 76 -62 30 -91 88 16 69 -79 19 68 -5 68 2 54 25 -14 69 18 -44 73 96 38 70 98
81 -12 -89 -71 -39 -36 74 -13 -90 -81 -7 -21 -87 88 70 48 61 -61 -65 -22 -92 87 75 -20 -25 -38 -90 18 18 -28 81 39 -30 -61 -41 49 -80 81 14 82 99 80 -47 35 -68 92 -72 98 -58 -28 -51 -86 39 57 -26 -21 -56 80 58 15 -14 -96 -20 35 -4 -5 28 -8 -7 -18 51 -100 -65 -1 -32 42 14 19 -91 6 -16 -73 -74 -63 -12 26 55 11 -35 -72 14 29 -84 3 46 -1 16 -4 -1 67
17 -29 -74 -82 -72 -1 -87 -19 3 87 -6 -68 -7 2 -92 9 -55 82 -22 48 -84 90 -29 -89 -36 20 -77 21 46 76 -87 31 82 99 -52 -67 -97 -2 72 16 -40 -1 -59 -100 -29 -45 -72 88 62 50 -9 15 -38 -19 -58 -6 28 62 30 18 -28 -48 -90 40 -99 34 -61 -78 -33 19 -31 -98 99 95 96 90 25 -90 -39 -91 10 80 12 -52 -78 -62 88 68 -99 90 16 -29 66 50 -35 -49 -37 39 -86 -78
51 86 3 58 -52 36 98 -42 -39 71 -77 -59 -92 19 -58 -16 92 -34 -73 -76 -8 77 3 41 43 -42 25 -91 -90 -94 57 -16 17 -8 7 -15 5 82 -90 15 77 -78 -98 48 79 24 -75 48 -93 -1 -85 -63 62 68 -7 -98 -100 71 23 -22 -69 -100 20 81 95 -80 8 -58 -36 72 -75 -81 21 32 -16 14 -63 -24 -52 -51 -59 86 84 31 -64 3 51 89 98 47 75 77 -63 -60 85 6 7 -27 36 13
-34 -80 -81 71 94 -39 12 37 -64 -99 25 81 83 23 -51 20 85 -23 98 6 -92 81 89 -90 12 -60 88 63 -70 -80 47 1 -91 39 -11 -21 94 88 -20 33 -99 -41 10 3 -76 53 -72 68 14 -46 -38 -81 -49 -15 -66 34 26 46 -66 -5 49 -43 -78 -78 24 -36 -17 49 3 5 -3 -94 16 6 47 60 -69 -63 -13 50 76 -31 -63 -49 -5 -54 56 3 -45 69 -12 20 76 -90 98 1 -94 -98 60 37
94 76 -40 -69 -32 37 -18 -75 89 45 -40 52 63 39 -93 -64 -25 63 -7 -48 -36 37 44 26 21 11 -80 77 14 -96 53 52 -47 3 -54 61 38 15 2 -52 13 -46 -93 -73 -62 -14 5 -19 3 47 -54 -69 80 -80 -19 -33 -36 -39 -68 -4 -99 12 76 38 65 -80 26 -70 88 31 -99 -31 -18 -73 3 -92 -88 16 -34 -97 63 76 23 -25 -95 82 35 52 7 -77 79 9 25 47 97 12 88 -23 66 -22
53 -23 -96 -54 -78 40 -4 73 -15 -17 -99 99 92 -46 -74 28 87 -85 -17 20 53 -34 13 -99 -22 77 -24 -6 18 -26 -66 -98 -68 -22 -46 -61 79 46 -6 -66 46 -22 -71 -12 -63 -3 -27 98 -8 -49 -12 11 0 -64 -74 52 -87 57 17 80 -65 -60 -57 79 10 24 52 -63 52 -6 4 -59 37 -42 77 34 80 -60 -28 47 -51 -15 -26 30 93 -19 68 -68 69 -90 7 -18 -24 30 -17 43 98 18 72 89
-87 -54 67 26 43 79 -32 97 67 -93 32 10 -81 -4 -38 70 -74 94 -23 89 -88 56 63 -32 85 -58 -83 17 -95 -15 -8 29 -98 40 67 -46 -73 86 -49 54 35 -84 -73 99 -96 56 -36 -57 -70 22 8 -6 -48 96 -99 -59 -13 51 -18 59 -92 -31 10 -82 -85 -45 -43 -34 -65 -74 47 54 -24 -89 17 23 -26 91 78 -48 -84 -19 9 16 45 -64 20 73 -57 -22 -29 41 1 -39 -33 -60 -27 -62 68 37
-83 70 88 -86 45 42 -25 -72 -25 22 21 -6 31 21 24 81 -71 56 -73 49 99 -50 -40 -100 15 -55 -68 -74 -3 -77 56 -95 -25 36 74 -30 11 88 17 -93 10 -47 34 -94 80 64 66 -26 86 -44 87 -25 49 89 66 -28 -16 83 2 18 35 -54 -77 -70 -72 60 -37 88 -74 65 -11 -49 67 61 43 -46 -84 58 37 83 -76 -6 -3 -27 -59 45 -80 26 -17 94 7 -11 58 -36 23 -65 61 -37 82 4
53 -35 12 -81 13 -65 -31 52 -34 3 88 -16 -40 -89 88 24 85 -4 5 27 48 -10 24 -54 -26 -92 -16 38 72 77 -49 63 -65 53 45 99 -74 -57 90 70 53 -14 70 -62 26 -95 -17 -46 -2 56 -64 84 19 1 -87 -45 -98 -43 8 30 83 -42 -13 -98 87 -75 -74 -93 -79 30 38 62 -55 -82 79 34 -85 99 -2 -44 27 56 31 -66 46 -43 -7 89 -11 -32 90 -14 45 96 -81 27 -13 -60 -37 44
43 26 2 -72 28 93 -68 93 -74 76 41 81 91 29 -51 -10 73 26 53 40 51 68 35 -16 -64 -54 -64 -19 -63 -40 -34 -95 21 44 25 -27 49 -13 77 71 66 -96 79 -71 -67 18 -51 -42 -85 98 47 -45 22 -23 -68 -11 65 -39 -25 -29 66 85 23 57 -94 25 41 73 59 -40 -45 -32 99 37 -5 -43 -94 -76 -81 -65 -14 14 12 -24 50 91 8 2 74 61 -42 -99 78 -43 -47 -48 -15 48 -10 -61
-93 -42 51 -25 86 -7 -95 65 -67 49 59 -82 -91 44 -60 78 24 -1 -21 92 5 87 -49 30 21 85 -93 -15 67 -29 41 14 51 -1 -14 -17 -58 48 -46 52 80 62 79 -38 22 8 -29 96 51 -76 -72 45 89 89 -62 71 -88 -42 25 -37 59 -5 18 -98 -78 -48 62 69 -85 -20 70 -1 11 19 -33 6 62 -15 38 49 82 -33 75 -89 -59 -77 -57 44 74 7 46 85 -65 64 -25 -80 -19 81 -49 -22
40 -97 -72 -23 -92 83 -22 -21 81 47 -94 94 92 -40 -36 40 69 -9 60 14 -11 -87 89 63 92 66 3 -19 50 92 78 49 -5 -56 96 97 -23 -6 -29 58 25 38 37 7 61 -67 11 96 -89 52 59 -78 -82 -80 60 -3 4 -98 24 -12 -37 -41 -4 -32 -35 75 2 -20 -96 49 77 57 67 -100 72 -57 8 70 39 -29 82 97 79 26 -5 -14 48 -30 85 -95 14 75 27 -72 -13 95 58 17 29 -73
-51 -73 69 -29 14 16 4 64 48 56 61 35 29 13 84 38 93 -70 49 7 -79 82 7 -36 82 85 43 -33 -2 27 46 -98 90 51 66 -26 -54 -86 -67 -28 47 -88 45 -51 71 14 -15 -22 13 95 -26 -10 8 -78 23 -23 -29 77 -98 26 -15 62 -67 -13 -15 -56 -77 33 74 -81 43 88 61 -29 12 5 42 -71 57 3 -12 -87 41 -94 -7 54 -1 87 -59 79 -99 31 20 41 -91 51 -68 -68 1 -33
21 -53 9 -91 -98 66 39 70 86 92 47 25 6 -82 -54 -76 56 71 -63 15 -17 -16 -34 -47 70 -54 -45 68 64 -46 -29 39 52 96 -7 -40 6 10 74 39 -40 14 -80 -34 56 -77 52 -20 -99 -93 -24 68 21 -35 -76 -44 35 -92 32 3 -90 -42 -73 78 -3 -59 -58 -22 7 -99 -32 79 -26 -61 41 40 63 -55 -30 61 -68 -56 3 -62 90 -97 -75 36 -59 48 92 20 26 -18 17 -1 53 4 -84 57
26 10 -10 26 2 29 -78 -41 -65 -97 21 23 47 -85 59 -96 27 -91 -11 -8 29 13 21 81 -52 59 20 22 -28 81 -19 39 11 -69 46 76 -65 -6 -37 -80 79 50 -61 11 29 -71 -46 62 44 86 82 -6 -24 -98 36 79 1 11 98 35 86 71 65 -70 68 -12 -100 70 -85 -49 -34 20 -6 58 32 -19 -4 -80 12 -92 67 4 69 35 -80 -64 73 13 93 -60 -15 55 26 74 87 -45 -75 27 -90 -88
-47 8 -5 -78 19 11 -77 -38 -48 22 -10 -87 57 45 78 2 -75 6 54 -8 -53 -67 -9 86 -50 -89 -21 -14 10 -96 59 -86 -48 -72 78 -10 58 -16 54 -3 15 -81 -85 -83 1 24 6 -52 -77 -9 57 89 88 -16 -53 -95 48 70 10 86 -90 -81 66 -97 -52 22 51 -78 46 -30 -43 -15 -57 25 -29 -16 -2 52 -56 -7 43 25 82 51 -69 -27 93 -68 27 -2 58 -48 54 0 -32 58 59 1 -75 -87
83 -61 98 74 13 -57 -73 -69 -42 18 29 -37 -35 -33 22 -100 11 9 52 4 22 -5 -74 -82 -28 -95 30 -36 -21 -64 -39 -94 88 87 52 -76 5 83 -53 6 -38 59 28 -61 -22 7 98 55 40 53 -94 49 -6 -6 35 68 -42 15 45 48 56 17 -15 -4 8 4 66 28 19 -36 -45 21 47 44 -21 56 2 56 -57 21 -86 9 11 65 98 78 61 -67 -99 63 98 -72 -13 66 -51 61 62 -84 33 -19
13 84 29 85 37 83 -46 -95 25 -77 -93 -33 -29 -52 -97 14 -60 -75 -78 97 -36 63 -38 -17 85 61 68 -25 98 -6 11 -97 -69 47 -14 60 -72 -64 57 62 28 -32 -82 91 -37 -79 66 -17 -97 -23 -84 96 -69 47 51 -55 9 67 56 -70 20 25 -54 -16 -86 -81 -55 75 -29 -87 -31 61 56 23 91 -66 -2 42 -27 20 -10 -99 15 66 -86 -9 27 -13 87 24 -85 -3 -66 33 -46 -13 -64 33 -60 33
-76 43 36 -37 -67 36 -28 48 -82 84 -94 8 34 -55 16 96 60 -98 43 40 37 -67 49 -45 -89 -52 38 67 -21 76 96 91 88 66 77 -27 73 -44 12 3 65 41 -38 -95 69 -73 44 63 -100 -51 37 -69 -62 -68 -12 47 -98 44 -13 -87 68 -61 78 -1 21 67 -59 8 -58 43 4 -60 -6 -35 -63 72 -3 89 -18 -71 87 68 -53 -18 49 11 -15 -35 19 -36 -91 -79 -45 -86 37 -38 45 8 97 -29
-39 80 49 98 60 37 94 -78 -31 20 -3 -34 36 -33 -63 56 -3 -88 82 39 74 -37 29 -12 55 8 60 -74 -76 -76 -58 -4 -29 69 75 87 31 -52 -23 -53 20 47 -14 67 55 35 -98 16 86 -8 37 9 67 78 -10 40 89 76 64 4 -39 -84 97 49 20 31 44 60 -100 -30 -65 97 -41 56 0 79 54 4 -51 63 42 86 79 63 -45 0 -95 -60 -36 -26 15 -2 -57 55 23 91 -50 2 10 83
21 -92 49 33 -14 42 39 17 91 74 -56 -57 33 -70 -22 -64 -1 45 99 19 87 71 14 95 95 34 -71 -89 -32 -35 -61 24 39 59 -53 79 -16 -74 -15 36 25 90 62 64 53 -98 59 79 -33 -44 -1 43 -45 48 0 -83 -33 17 -52 -79 46 -84 -19 -59 97 42 97 71 -35 22 34 65 -16 39 -94 42 88 -46 -35 -17 11 -97 -90 96 42 -5 49 -65 -63 -60 46 37 -90 -40 49 -71 -6 0 65 52
-22 58 88 -35 -68 2 -94 -13 13 -40 98 75 -58 61 -43 98 63 -69 -9 -53 -14 81 92 89 -83 94 83 62 1 71 76 55 76 30 -22 39 -72 -83 -84 10 19 23 53 16 52 -22 71 93 98 -4 1 74 95 -43 99 64 -29 -48 99 89 -74 -36 97 -83 -55 -77 18 -86 13 -12 -98 -85 -74 -29 52 -21 -100 52 57 27 -55 -35 67 40 -39 -28 69 -84 -35 -10 2 21 5 -95 83 -62 46 26 -17 98
-69 25 -59 -77 -26 8 -26 35 1 -82 -51 10 -64 -21 24 -40 76 95 82 37 -67 -87 73 57 -58 88 85 23 -4 -96 4 29 -89 -71 82 63 67 57 29 33 -48 -18 0 39 76 -20 39 -17 -21 45 -24 -84 -12 -44 89 -49 2 -83 60 -37 58 -35 94 -13 75 20 32 38 -54 33 79 -84 -51 -30 47 -19 -5 -80 -91 78 39 35 -14 27 -33 -98 -99 -25 -72 38 87 30 -98 3 98 7 -15 -60 -28 -47
84 67 -39 -7 -33 -79 24 4 -47 24 42 12 96 72 -34 51 -62 38 99 -31 17 -33 42 -45 98 -52 -72 -2 -82 20 0 91 20 14 -4 -88 -19 22 -100 -89 -34 82 -71 83 -2 31 15 -87 61 38 99 6 -10 36 58 78 61 -81 -75 84 -64 0 -56 -8 -35 -33 9 13 49 66 -55 99 45 50 -13 22 20 -88 70 -40 47 67 -55 -64 68 -80 58 -64 -81 -52 63 22 -77 -41 -85 60 8 56 99 -33
-6 -84 -96 -63 24 95 53 -9 84 -39 -7 12 9 -62 -39 -63 -90 32 41 68 36 62 -52 7 79 -48 34 84 68 -3 -75 67 -99 87 -52 -40 -80 -76 -93 81 -9 -18 -5 35 -74 18 90 -2 -82 -22 61 27 -24 -38 -13 -97 -56 43 95 -19 72 -58 19 32 -8 -72 -54 44 18 64 98 -58 -24 -81 30 -40 30 83 18 22 76 -100 11 16 -99 24 39 -48 -28 91 95 79 -68 2 27 73 95 73 65 3
-38 -93 74 -2 30 43 39 -78 73 2 -82 15 95 -11 -14 -18 -91 -85 84 28 21 -46 -72 -77 -26 -1 52 -70 71 -20 -31 62 6 55 42 -77 -68 -84 51 -88 74 79 -70 -41 23 38 -87 -78 89 10 -48 82 51 -69 -21 -54 -44 -41 -72 -1 -26 -26 -42 28 -86 -6 -37 -55 -37 -21 -31 22 96 -100 73 36 80 11 -78 -56 14 -37 57 26 90 35 -16 70 -36 65 -68 -38 66 -74 24 -9 -42 2 52 -3
-31 80 7 87 -33 83 -39 37 -40 -43 15 29 12 -88 62 59 -75 33 94 -100 -90 -99 26 20 -2 9 67 -22 68 -68 -60 96 90 69 16 -82 -83 95 87 30 62 -85 96 75 -66 49 -24 -84 30 -50 -92 -25 -92 45 63 -99 -39 -28 -35 -49 -42 89 88 -12 33 -4 -24 57 -52 -65 88 -43 75 96 -15 -75 -50 7 2 31 89 56 32 -80 82 -28 -80 73 22 -45 38 -81 -59 3 -9 -83 -46 96 -76 82
-18 -59 80 17 -49 -40 -24 61 -65 -92 -66 82 -51 7 -43 -52 45 -18 44 -95 24 25 57 54 13 99 -72 11 -20 8 54 53 -16 -83 68 19 -55 -98 -77 71 -44 -18 -18 -42 28 -32 7 49 24 87 -57 -7 -66 20 -79 97 -62 -54 -56 51 4 34 6 47 -63 -60 -44 39 -98 -7 -61 -7 -80 70 -86 14 -14 92 -84 42 -15 -34 8 -81 50 1 -62 4 3 13 50 22 -19 88 25 20 -60 -9 -27 25
5 17 58 95 -71 -11 86 76 11 13 71 75 -44 -50 -15 -54 -100 -89 49 31 41 -32 -89 66 16 -1 63 51 -50 2 -10 88 65 -9 49 -38 11 32 92 40 -98 41 -83 45 -26 37 -50 98 2 -9 -44 -97 -43 38 73 68 -87 32 62 79 -9 -1 -16 -49 -29 91 -51 52 7 48 41 90 12 4 93 16 82 1 -80 -44 -80 -85 -97 19 -34 -32 -63 -81 27 69 -50 -68 44 43 -61 -13 47 -73 88 -7
-75 -8 -76 -5 -36 -74 -76 50 -34 -83 -71 49 63 52 72 95 99 13 -73 -73 33 -91 22 -69 3 -88 12 -49 74 -84 -100 -22 -49 40 94 -42 -53 -34 -62 -54 -90 52 -84 -90 -83 -78 83 66 90 -16 -60 -87 42 63 -45 12 -89 -6 -24 74 -13 -69 -79 -92 -94 5 83 60 11 -91 10 -30 -82 63 -54 -99 -37 -96 -2 38 41 -93 -43 -80 35 -5 -69 -24 21 42 -39 20 -62 -48 50 -72 -61 -49 51 55
49 29 -1 13 20 6 50 61 71 -23 -29 3 -59 -16 16 -34 34 -49 -89 20 -32 30 1 -96 72 -15 -57 8 98 85 52 97 -43 18 -11 40 -100 33 -36 -40 -81 -86 63 -66 -77 82 51 67 -52 -96 -99 -50 80 91 -60 44 11 60 -61 25 -69 -60 -91 99 72 17 22 86 52 14 20 78 35 19 -21 24 -16 -7 -99 60 -84 -89 41 76 52 95 3 84 0 45 -14 75 -98 -50 42 -17 -39 -14 41 66
58 -60 -70 -93 -81 -40 30 74 -70 29 -76 21 0 34 -49 59 67 73 -14 -23 89 37 -30 -47 26 -97 -34 -2 -88 10 45 -76 -71 -25 71 56 -22 11 34 23 27 22 -18 -57 42 41 23 -70 57 -30 -85 -56 20 1 -95 -99 56 46 -80 24 -81 1 -26 89 -33 73 -53 50 -5 30 28 -69 -53 -54 82 51 -85 62 1 93 -88 -30 -20 -62 -70 -97 61 30 -70 84 53 50 -88 -77 -45 76 96 -43 7 29
-76 57 -28 -41 89 70 75 96 32 -28 -3 45 -37 45 86 7 29 -9 -54 48 -78 12 72 -16 71 -1 -47 69 92 71 -14 -74 91 2 90 -86 -75 52 -30 -92 68 -22 89 -52 -57 99 74 -69 39 55 4 11 93 -23 -18 -33 89 6 4 80 76 -65 39 -34 75 1 -57 1 -56 -1 46 -29 -92 2 -7 97 45 -59 4 50 53 2 -25 29 90 -94 21 -35 -72 -33 -3 77 80 71 -73 -93 -55 44 41 -86
-100 -18 -76 -83 -38 -48 -12 73 32 -91 81 -16 -50 -4 79 89 -44 96 -44 -17 5 -52 46 -16 -32 -43 27 -24 -38 -12 -62 -18 82 -40 28 74 -8 42 62 -79 82 -57 64 62 -84 11 98 -29 13 -96 52 81 -61 26 49 92 68 -74 23 -66 -86 23 -48 42 -79 24 -34 -6 97 -45 -73 -4 -64 15 -97 -8 -53 -100 58 -21 -71 -26 -3 -14 -89 74 68 -30 -55 -31 -26 -49 37 10 95 -86 -15 -33 12 91
-61 -4 -45 -9 55 37 62 39 -24 22 -65 -30 51 39 79 55 -32 -8 -67 -60 -23 -9 49 80 38 -68 -82 -29 24 30 -72 83 -95 21 -93 -40 -90 -99 5 -92 9 37 -69 -24 -39 -72 58 -68 91 -93 9 34 29 29 -9 -17 -85 72 -96 84 -62 -56 69 72 12 37 -55 25 -40 -10 52 -89 66 25 -29 -9 0 82 -67 -6 -38 -79 -78 -39 -46 -71 -35 49 -19 28 19 38 48 -47 -21 -74 82 -83 42 43
-68 59 14 -99 -57 24 -38 -73 -25 -54 -96 -50 7 44 -71 -36 -7 -25 34 -30 -22 -16 -88 50 57 43 34 -34 78 -75 73 -77 -69 -40 3 -98 78 9 -26 89 61 90 27 28 11 -86 46 93 66 12 -18 -76 -21 76 33 6 57 -39 12 -45 14 92 -30 -68 -98 60 17 -97 -27 -32 98 3 91 -94 75 50 32 69 -45 -77 2 72 83 -84 -29 65 -88 78 59 -43 -78 -7 -85 90 -61 33 31 32 37 25
-95 7 88 -79 73 83 -80 -25 39 24 -60 -37 -16 25 -77 -61 -59 -35 69 -16 13 76 -85 -92 18 -80 -52 -6 14 45 -100 -21 -91 12 90 21 97 -89 -15 67 -20 39 17 70 -86 89 -85 60 -68 -69 -63 50 -44 7 -93 60 -40 -44 -77 69 -58 -9 14 -96 39 -2 61 86 68 32 52 3 8 -15 -88 -50 11 0 16 -62 13 -4 85 68 -7 70 84 21 4 -51 -76 42 -69 46 -79 63 89 -41 -70 -17
22 -31 -35 67 37 -51 -21 70 -59 22 31 93 -8 59 -57 -92 -31 -89 41 54 -37 88 42 55 97 17 -51 90 -57 -75 7 32 24 -74 -57 -48 -80 2 37 -7 -17 42 88 95 8 -24 99 -39 29 -59 66 -51 64 66 -71 12 -53 -40 -42 74 95 17 -83 31 -9 24 -63 -21 37 -10 -22 -87 -2 -4 -75 -57 -40 -52 -91 -82 90 98 87 -65 -61 -14 -40 -72 -60 51 32 59 31 -55 -19 76 84 -37 88 68
-19 -90 92 -97 39 -22 0 98 82 -49 -100 29 85 -8 40 71 12 -62 20 18 -57 35 -32 -89 -6 -6 66 -64 38 -62 -7 -85 56 -86 18 4 81 71 -68 -40 -89 17 37 -46 -73 81 92 -64 19 -63 51 38 -7 60 -79 84 -27 -57 -72 -26 -26 52 43 87 20 -82 33 79 36 0 -1 -76 -92 14 69 61 68 -86 34 65 74 18 75 -40 80 41 26 20 74 42 -39 -16 -54 39 -70 -37 95 87 18 -28
-50 6 -62 -72 40 -11 7 75 76 66 -96 29 96 92 13 8 -49 37 64 33 42 36 27 -44 -58 33 -26 -79 -14 -21 -16 -54 13 -7 8 65 -37 62 -45 -7 29 57 59 -24 -60 -11 -99 27 41 52 88 -68 11 -81 -26 90 -2 -1 74 87 78 -25 -51 -34 97 91 85 64 67 75 16 91 64 6 92 -13 71 -90 -62 13 37 62 79 27 21 -8 -16 -74 17 79 95 14 -44 88 -86 -57 99 16 -86 42
14 -87 -51 -68 -24 -78 59 5 -89 0 83 17 -67 -53 -18 -23 96 75 -26 24 -7 -85 86 -17 -1 -25 28 -6 -3 -56 -89 65 -19 -41 7 5 67 97 98 -87 -66 55 68 96 -44 -49 -54 89 -76 -16 -32 23 29 90 96 -85 15 -81 82 -34 26 -87 79 -100 -86 -97 -9 -83 40 -12 26 -27 80 -97 73 -48 -68 68 86 76 27 -39 -31 11 -27 74 0 -7 45 -50 -21 -39 11 -45 -36 -36 86 -17 65 24
-16 -86 97 -68 -34 32 30 -22 67 27 -18 -14 -31 -11 -100 2 21 -13 13 -100 -50 -56 -12 56 11 64 -12 90 23 -17 -8 -32 42 -70 -22 -40 -52 25 33 69 69 99 -23 -92 3 -5 53 11 -16 -63 20 68 -43 -63 -37 -93 92 86 98 9 6 -24 -74 -71 -62 -23 85 -57 0 85 -38 93 -22 47 -82 -92 -2 64 61 11 -70 66 -7 30 65 63 9 57 48 -17 16 -4 60 -21 19 -82 34 72 -13 -26
