-9 -61 -39 85 -96 17 -4 36 95 87 76 -28 -70 -81 -71 -97 -8 -9 -99 -62 -31 82 -3 -78 -96 -33 73 28 -91 4 -1 82 -52 46 38 -14 13 -33 22 89 -27 -75 -100 -70 55 -97 -61 46 26 99 -69 -14 63 -41 32 21 -85 40 -71 79 81 73 91 -5 77 -97 68 -39 88 -49 -81 -97 -79 77 34 87 -70 86 2 -21 73 62 7 -13 -33 24 93 90 92 48 20 32 80 -85 -100 60 -23 -81 -53 -17
-95 59 -7 36 41 37 43 -88 89 -83 -13 23 -21 -61 73 -35 73 -100 -88 99 33 -71 -51 -2 60 -85 -26 -78 -71 26 87 -95 76 -100 4 39 -95 -68 53 59 -56 91 -43 -5 -99 62 -68 21 60 -53 -19 35 -80 25 -25 -13 -61 -54 90 -85 -33 -57 78 -58 -71 48 55 -98 -76 -47 35 -39 -6 30 99 49 1 -8 65 96 -86 -73 38 -22 91 -69 18 -48 -58 -71 67 48 58 -43 -97 98 -47 -66 -89 -93
-87 -43 -15 70 31 29 -82 -82 -26 25 -74 -8 8 30 -60 -89 87 89 -10 35 -17 37 -64 81 -6 51 52 -33 -8 43 62 -11 52 -88 6 50 23 33 -5 96 -53 -11 -12 -55 -9 85 -24 54 67 4 -64 58 -32 -20 47 -78 62 62 -74 -82 -18 65 -58 -41 -57 21 0 33 -42 20 -83 83 24 -43 -10 82 -34 60 -9 35 98 32 98 -95 -79 4 -11 -78 22 28 36 -31 77 3 77 60 50 57 67 29
-26 -5 30 68 -92 59 -86 -92 -59 59 -2 56 -41 99 -40 72 79 -66 -6 -78 -77 -90 -11 -57 64 55 12 -11 47 -87 -53 -10 55 -63 23 -88 -8 -31 92 -45 -33 26 34 14 -43 -64 33 28 8 -90 -31 -28 57 -48 82 -47 73 27 -98 42 15 75 -29 -10 40 51 -75 -99 -85 -72 33 -80 2 74 -35 -53 -78 -52 -29 -74 97 -3 -20 -18 -69 -74 23 -51 -8 -4 -48 62 -70 -1 -82 33 47 -9 32 -44
61 -80 -5 -59 38 -24 18 -97 -28 86 -89 -59 82 31 96 25 39 -83 29 23 37 10 -68 -11 -43 21 4 -45 -60 -56 -58 -3 69 -28 20 -21 -12 40 4 -93 36 42 49 7 84 85 -63 31 8 27 50 -35 -43 -78 -40 -70 73 63 38 -5 0 -22 31 -64 -51 29 -84 8 -89 32 2 -45 53 -81 -2 30 -40 -72 47 -6 -51 60 93 -40 -53 -12 -40 -85 25 -76 7 -40 44 81 -90 48 49 38 15 6
-46 -93 30 73 -79 -42 -45 -97 -33 -44 -64 30 -67 -39 79 -87 11 -28 36 65 51 47 96 -35 41 -7 3 46 27 13 -3 -51 -35 -18 -61 51 4 18 8 -37 31 -41 -38 -61 -10 -99 34 -48 54 63 70 -83 88 0 42 -55 1 24 10 98 47 55 37 -7 22 31 -50 39 74 24 -74 -75 -89 56 -68 -86 59 65 -33 -46 -88 5 94 -32 26 -71 39 -33 -36 -44 -56 -76 -85 -6 98 -75 3 -84 -63 56
-93 -20 -38 73 23 -15 -92 -4 -32 97 -86 -44 84 66 9 -74 96 -21 69 -55 59 -73 44 -29 -91 -46 -48 60 75 -69 -54 66 21 95 -95 77 -78 -68 -41 60 45 -32 54 40 -93 -98 35 24 99 87 18 18 3 -29 16 54 -32 -53 96 53 16 84 -63 -75 27 7 -99 -10 -60 -91 41 12 -15 87 -42 -29 -69 5 52 80 -85 9 -68 -56 -22 -71 -11 -80 -5 75 -84 77 -41 -53 -75 -90 63 -61 -50 10
-37 -100 -7 -49 18 -64 -44 11 66 -23 -13 -70 69 95 56 -33 -1 10 -23 -62 -36 -62 -20 24 0 -7 -29 -79 -100 81 -28 32 -61 99 -69 -85 22 34 18 29 -71 47 50 68 -70 -49 91 -76 -79 -2 -23 50 -68 80 50 -77 62 -93 22 -51 -9 63 33 -59 -16 22 -11 -27 2 74 71 97 61 71 73 -98 43 7 73 92 -92 45 40 -73 -48 73 40 -55 -36 0 -69 -95 54 -55 32 -40 88 -13 86 -97
-70 72 19 -66 -18 -20 62 69 -4 -69 85 39 -27 -100 -29 33 76 57 10 48 -91 5 -38 56 24 89 -13 -70 -12 -8 -22 21 -51 -47 -90 -95 82 72 -8 77 -44 -59 -27 56 48 -21 47 77 -78 -40 16 -9 -99 -54 15 -98 -39 -98 -13 4 27 59 56 -78 -48 -78 28 -45 -57 52 70 21 -19 -91 -66 -87 37 31 -45 43 -49 62 -31 -49 -59 -64 33 -56 9 -63 45 53 34 25 -67 -11 -14 72 -80 -25
32 42 -35 86 35 -60 56 -18 75 49 -12 -86 -93 -31 -43 18 9 -7 54 -48 -45 38 75 -99 15 -5 94 -16 67 73 -38 -100 -43 -8 -83 -43 -43 86 76 43 61 -87 7 30 64 -98 -95 67 64 -90 -35 -38 -43 0 -26 -32 13 -96 -69 -85 57 -97 29 -79 31 -15 34 11 -77 23 92 -39 -64 98 85 77 37 -22 52 -99 -74 -40 31 -43 -38 -63 1 87 17 68 58 -95 -32 98 -32 -72 35 -46 15 -48
2 70 -27 -21 64 -54 -1 68 -22 54 -55 14 -20 58 46 6 0 37 8 -98 37 -94 68 -21 38 -97 18 99 40 -74 1 45 48 -85 -66 15 94 84 77 -19 -5 -64 29 8 -55 -99 3 65 -5 -14 7 50 -20 10 -16 -17 40 -67 -85 92 67 -56 -84 -34 -74 13 13 87 -70 60 8 -79 -14 53 -96 50 9 67 -26 7 38 28 0 10 -71 54 -14 53 -21 -89 56 58 90 23 -58 67 -96 70 -68 40
22 17 65 -2 67 -39 -95 21 -90 26 15 10 97 97 79 -44 -95 45 -25 69 42 -12 75 97 17 -33 -45 25 21 -13 -52 -75 84 -83 -14 56 -67 -3 61 -15 -57 22 39 52 97 23 -3 1 28 5 -65 -39 63 83 -78 42 -91 -28 90 -20 -58 30 -54 -14 -45 30 93 -96 -74 -46 11 -31 79 -64 -59 62 -84 61 -27 66 11 52 -49 40 65 -68 -25 -52 -44 -38 23 11 39 24 -98 -80 25 -88 11 -47
-26 88 24 68 -25 -24 -61 -96 48 -7 -4 -48 -99 -74 -45 29 -14 88 -22 53 54 48 -41 52 20 -99 97 95 79 96 79 -40 17 -49 16 39 -98 24 10 -59 -98 -79 64 -69 -31 -49 -14 26 7 18 94 -59 -9 -6 -2 -30 28 24 -60 -44 87 54 34 60 -65 -40 -47 56 9 -34 70 -18 -77 38 -60 -12 55 78 26 -48 -28 -32 79 -64 -2 -16 45 61 99 98 85 -46 -78 25 -71 -86 99 -23 -39 -23
-64 54 83 -76 -82 -52 -60 90 86 12 -36 -87 -73 -53 -91 68 -27 51 94 2 3 -42 -10 -87 83 87 63 -14 64 21 -33 -89 25 94 -48 -69 -83 -4 27 1 29 68 -75 41 62 49 -55 -22 71 49 90 36 -91 -73 -52 -57 25 -86 97 -12 -38 59 -39 -39 41 -78 19 53 52 33 69 37 -19 16 5 -95 -12 -54 -27 58 -31 -99 81 -76 -16 27 -91 11 58 -14 16 -15 -36 -35 -45 -17 -43 -90 9 58
-72 -90 36 -98 21 22 -91 -93 -23 -31 -2 12 7 -57 -68 -2 -26 92 65 33 64 24 59 -32 63 69 -82 78 38 -75 -79 94 13 44 -34 -41 39 32 20 -79 18 3 82 57 -89 -33 -95 -90 45 5 -40 -18 57 -89 -69 -42 -100 81 75 -72 -28 -35 -34 -83 -43 -100 -49 -45 11 96 -95 9 28 -34 89 53 83 -90 48 9 -81 -6 -55 -95 -8 -73 -61 -77 76 -93 -61 -38 23 91 0 -41 76 -97 75 -90
-28 -75 -91 90 85 -71 -73 69 6 -88 43 -2 -92 -87 24 -82 -30 -65 -41 80 52 -24 44 52 -57 69 6 -65 -81 19 -57 -11 -63 -63 18 78 -9 -97 -16 -37 -77 83 53 -38 27 41 18 68 -5 32 -6 40 97 -15 75 68 -82 15 -32 -46 -56 62 -18 57 34 -31 -21 -4 97 -38 62 90 14 -5 15 67 92 67 70 63 92 50 19 14 25 -62 -40 -38 47 17 -11 -1 7 -49 31 -44 92 49 41 -82
54 65 58 43 -24 -31 -61 -44 -24 34 81 3 -64 -5 -77 8 16 82 -36 13 -3 -27 38 61 -4 85 -58 -90 -27 -38 60 -1 58 82 31 97 29 72 78 -59 44 -37 -52 -56 56 -58 70 89 -36 13 8 83 51 42 -43 87 -31 89 82 42 -49 94 88 58 -21 75 -87 -18 9 36 -53 -91 74 -81 -9 51 72 -70 -84 -70 -73 -6 -5 77 50 -53 -27 28 10 -98 87 83 23 -48 45 22 -55 52 5 -95
-19 -55 5 -22 10 76 -68 82 4 45 -33 84 -88 -48 59 -85 -83 64 -20 22 -63 -17 -51 19 -43 -50 20 -17 -5 94 -88 88 -28 83 -19 -76 -44 -95 32 4 81 74 32 59 97 -80 -6 24 19 92 -86 -40 -56 40 69 -68 96 -18 -52 40 -71 3 82 59 -50 47 50 -95 -7 23 83 94 40 -6 61 -53 33 71 -69 -6 -22 68 -25 53 71 89 -80 79 13 3 86 -52 0 -65 71 94 -86 -41 -72 38
-58 -24 18 42 58 -6 -56 75 -75 20 85 -55 56 60 89 -72 -60 -82 -61 -56 93 -54 93 -29 1 -33 -89 58 -69 -79 40 15 -30 -68 65 -4 -76 35 -47 -30 -72 51 -4 -52 43 -65 -83 84 35 62 -85 -76 -2 -4 29 86 75 10 17 48 -99 33 -59 -66 61 38 1 91 71 -87 -55 42 67 73 -32 -72 -30 45 -15 -84 42 39 22 -19 -7 94 -54 78 -52 -48 8 23 49 76 -6 -75 47 49 -35 19
77 -95 -36 -68 -64 -22 -17 -11 99 51 -9 94 -15 60 -55 36 -97 84 83 80 39 28 38 -20 88 -16 37 -96 -26 32 -51 -17 24 57 8 5 -68 -59 -2 -78 -90 -22 40 11 -92 -20 88 47 -69 39 -98 -81 89 73 -41 81 32 6 15 92 -10 72 67 -9 -16 57 -7 57 90 -3 -96 -92 60 -9 -55 2 23 92 62 -31 -1 -85 11 -42 -18 20 10 58 34 40 -47 -12 80 -63 38 6 -18 46 11 24
-79 -3 52 -50 48 77 38 19 25 -51 20 87 53 -64 73 -89 34 74 59 -54 -36 -27 34 30 95 11 32 14 11 -53 -28 -47 80 -54 43 64 -42 -62 23 61 -9 -34 -89 39 56 -2 -53 -41 43 10 -85 -50 30 -25 32 82 -51 -65 -29 -27 14 14 78 -52 63 -44 81 -81 96 -3 -36 -9 26 -16 -43 -24 -16 -97 57 -95 45 -86 76 69 -77 51 -7 8 10 -40 59 59 45 -3 9 -30 80 86 96 11
73 -13 30 89 72 14 10 -77 -60 8 -25 -89 77 51 21 -54 -73 -8 -71 58 1 -13 7 49 -18 -13 -42 23 92 -19 -67 -40 -43 -93 -9 1 -68 -60 31 -3 -38 -88 13 52 15 54 64 -2 98 -89 58 4 33 -48 -16 -55 -78 -44 66 49 33 81 60 8 -5 -24 23 -65 85 7 -46 -93 86 -23 64 58 -66 -18 -83 38 -60 -81 9 -51 -31 68 0 -82 95 -15 -43 -91 13 -45 96 45 -100 -66 34 -99
57 -9 32 37 99 -14 72 -19 -61 -73 0 49 48 -93 75 -38 3 39 -56 90 -17 64 -76 99 -43 74 53 33 53 67 -100 -70 63 -40 36 -90 -65 8 40 75 -49 22 13 62 28 -95 -66 27 88 37 -95 -15 -13 11 25 8 49 4 -66 21 -64 -84 91 95 69 61 -6 -98 6 85 -81 -95 3 85 -1 40 47 -60 -63 93 33 31 -22 -97 -19 5 -35 -46 -43 67 31 32 19 -90 -99 -66 93 -63 55 -78
-87 45 5 -95 -71 -22 -4 56 68 71 28 -32 63 -68 24 -82 -74 -65 -9 48 2 -52 -68 -84 59 11 -99 -58 48 -68 -27 64 -83 50 -73 -52 -30 28 -41 -19 34 58 66 -19 -71 -83 81 88 31 56 -86 -14 -21 24 -98 93 41 29 61 -94 -86 -46 87 35 37 16 47 -11 -20 38 -21 -11 63 -61 -31 29 -8 12 82 -37 28 -66 55 50 -41 -11 75 -78 54 5 84 57 -85 -31 14 68 98 72 -15 13
2 81 76 -68 28 -78 30 -8 -38 91 39 26 -68 41 0 55 45 64 -58 64 28 16 -10 -100 5 -42 -91 96 32 0 62 17 -69 -19 -91 85 -57 -14 -33 1 26 80 -21 -59 -9 -55 51 80 8 33 -61 24 -2 40 92 -19 4 -12 -72 -25 19 -72 -59 88 73 87 -17 26 22 -31 -12 30 72 -93 -19 -18 -21 -36 -62 60 -67 -3 47 91 -37 -3 -62 87 0 54 -77 -4 -92 -25 -78 -15 -67 12 -82 -76
-18 11 12 -56 0 55 0 -27 -21 -80 -88 -79 60 -13 15 26 -69 11 -80 -93 -20 89 46 -82 76 -40 40 93 72 99 -32 -13 -4 74 -83 -33 -34 -93 -62 41 80 86 -89 -96 43 7 -83 17 -26 -21 -25 -14 -90 36 -69 30 83 -89 11 -45 -45 51 -98 83 33 19 73 -63 -41 -29 -83 20 96 -54 -73 39 16 21 -68 76 64 -83 82 -81 -60 29 75 51 -71 -54 60 -84 73 66 -58 -55 64 17 30 -42
-89 -37 -48 -4 -12 18 55 78 10 4 -26 -57 -55 1 14 -7 -49 22 -27 -14 72 53 9 82 -16 -10 -8 53 -36 -55 37 -68 -3 53 81 95 16 85 93 71 71 61 -22 -88 16 -35 -43 40 35 -48 -30 -80 56 -52 -99 68 -40 -99 -85 34 -79 97 46 -49 16 -12 -13 62 -79 90 2 83 83 76 45 -22 44 84 -70 17 68 86 -98 -18 28 19 -33 -38 -64 22 37 61 -56 92 13 15 -73 -88 -70 7
-81 33 -89 -92 76 -38 -77 85 -78 6 -22 -18 -100 51 8 -75 -88 -7 -22 29 59 50 -50 -75 25 -5 -51 -39 -74 -63 15 -100 35 -13 -46 -62 24 -83 -54 -82 32 78 -60 -37 -97 74 91 -90 -28 39 -18 71 74 3 -91 56 94 -96 48 -37 13 -36 97 -7 62 34 89 -98 -20 46 -17 15 -36 42 3 56 -56 48 -76 75 -82 61 -60 4 -94 -88 -3 62 71 -75 -84 -61 62 -46 -66 71 47 -46 -52 21
-70 -68 76 -61 -24 30 39 -11 -15 -22 36 -75 3 56 68 -66 6 -45 -44 6 35 17 -92 -90 76 -28 -49 57 1 55 37 -5 69 51 63 -36 -38 16 11 -55 68 10 42 -43 -92 -90 36 77 41 -60 -11 59 -11 63 -83 95 84 26 31 -16 -4 96 -61 75 -58 -66 77 45 3 -29 -50 -13 34 48 -93 17 -90 38 19 -27 62 46 2 96 35 89 -94 38 2 -100 65 59 -11 -63 -6 -68 -39 27 83 29
91 -82 -20 -85 76 1 82 78 90 88 88 82 49 19 -47 -53 24 75 -73 36 43 81 -12 -11 72 49 -99 -22 -37 85 36 -14 61 98 -65 -34 48 98 -47 25 72 -21 20 -34 56 74 75 33 -2 1 -100 -82 -62 30 -87 71 -18 85 -42 -99 26 -23 -76 40 -73 68 -67 33 -100 3 -82 88 45 -99 -47 57 10 49 70 3 20 -1 -100 -25 -20 41 -65 64 -48 -53 36 37 -50 75 64 -59 -8 92 -20 85
-8 59 88 52 -21 35 -74 41 24 -100 -69 49 -41 29 -89 76 0 29 -20 98 28 -54 31 8 -31 3 -37 58 -89 -45 -25 -10 -68 -85 -100 -31 -61 21 40 91 94 -40 -61 90 -78 -87 12 31 42 -65 1 -17 75 49 -27 26 -53 56 18 -36 -54 -23 84 57 -86 12 -62 -75 -36 -4 56 96 73 -21 -85 75 71 -23 -63 93 57 -7 72 -81 -66 68 78 93 72 -17 14 -5 84 -71 -18 9 -21 -89 96 25
81 64 38 -89 91 -53 50 42 -94 14 77 -11 73 -59 63 -33 -76 10 -40 -61 -51 -14 1 -5 -77 57 -57 28 33 60 52 -76 -86 11 -47 90 -10 86 -73 49 26 58 54 -60 -98 -80 57 11 -21 -85 90 89 -88 -3 -72 -56 74 -58 -13 -1 95 1 -9 19 73 -23 69 -90 -63 -34 66 99 99 66 30 -28 2 36 48 -9 -56 64 -28 -17 64 -100 -99 -97 -65 34 -66 40 -85 -66 -52 72 -17 -13 -6 92
-22 -44 -48 62 -49 -84 9 -7 84 -12 95 -46 -39 -33 -5 21 -52 -96 -82 -92 85 -26 24 -12 82 -50 -23 25 -21 52 -55 -23 -100 44 86 -78 75 -23 -24 36 5 27 -9 -84 81 19 -51 78 17 -1 58 56 -40 14 52 66 -98 -30 89 8 49 44 92 -47 99 -88 5 53 -97 -12 12 -68 -41 -45 -49 88 15 31 90 82 87 -75 48 82 27 99 48 -8 84 34 43 -87 53 -31 7 61 16 34 -9 85
47 55 -38 42 53 -35 -79 29 42 -33 87 -82 -30 -74 17 69 -84 -30 -63 -1 59 -57 -61 20 -97 -9 23 38 97 -11 69 -78 -16 -72 -21 -52 19 95 -43 -98 28 50 -34 -35 -80 -20 18 6 -86 96 -3 91 -27 5 61 36 61 68 -2 -88 37 -62 -63 19 -38 -15 -75 -39 -43 -77 -59 -90 -82 -61 20 42 85 39 81 39 0 -73 47 -19 -2 36 -30 -74 69 -11 37 40 7 49 -37 -83 45 18 33 -5
-37 -31 -13 -21 -64 7 -50 79 12 -97 -94 87 -16 -16 90 -41 32 25 58 -39 -38 9 -86 30 99 -54 29 62 30 -49 -24 -85 -82 -44 -42 -85 -24 -35 90 55 -48 -30 -43 43 -45 51 -89 63 24 -49 -10 76 -11 -95 -87 -45 -56 -52 43 22 -81 70 28 90 -22 28 58 54 -71 -13 -3 -78 -30 67 -50 10 16 49 -51 -75 -22 -65 -11 0 99 11 92 15 -79 -86 -67 -38 40 6 52 -23 4 -14 24 22
-28 82 19 67 -59 -68 -75 -42 -49 -77 -70 59 -57 71 1 41 65 -5 -91 70 38 56 90 -61 -53 -73 61 -36 -41 -24 -39 24 -57 -76 -5 -6 -19 -25 48 -21 -78 -71 81 -45 79 39 -58 -45 -95 -93 61 -14 -70 34 55 -39 43 86 7 -20 -17 23 -88 -61 1 60 -10 5 -79 3 57 -10 -39 91 -66 -97 -54 -9 93 -52 -57 83 34 0 5 -29 -72 43 -88 -28 73 -88 43 -86 -84 75 18 -73 14 60
84 -54 -77 85 -94 -86 -93 73 42 37 -27 95 67 42 61 -40 -70 -88 33 -10 -16 49 22 22 -9 6 -41 16 81 -88 38 92 42 97 43 26 -76 -55 24 -25 20 -56 -10 -41 88 20 -8 5 90 68 51 -94 24 -41 68 76 -44 -55 95 -94 44 15 -49 7 -94 -83 -37 -1 24 25 79 -93 37 -27 36 -48 77 -83 86 86 -75 -9 17 57 -30 72 86 -14 65 -43 59 15 -44 -12 -2 -1 42 -79 -24 -39
-61 52 88 -8 77 56 -42 -99 -89 98 8 29 -22 3 4 12 -51 -85 98 -26 -12 61 -30 -60 56 -84 39 -22 87 -47 98 -66 -88 53 -34 -45 -54 -76 -75 73 79 -23 55 -17 10 -68 -37 46 -76 22 -57 38 47 26 23 -55 37 -20 -90 98 38 -3 -1 -91 99 -4 7 84 47 -48 24 0 -24 -38 45 5 -71 30 40 78 23 -71 -65 -13 -82 -86 4 -34 34 85 -5 -47 1 83 69 -39 -45 52 72 28
-64 -31 89 -51 89 -6 -77 -15 -56 44 -67 -60 -26 -40 -79 -82 -89 36 -100 35 -57 59 -17 -100 -69 72 -65 6 -64 84 82 17 -42 -28 -45 -100 -69 -58 -17 71 85 24 -82 -93 89 -27 -32 -76 61 -63 -53 72 85 -63 -83 -7 -40 -35 5 -30 44 -6 -76 -10 -15 76 63 -82 -32 -77 -17 98 77 -92 -77 46 41 49 85 -44 66 61 90 -95 -49 -4 -97 -97 -5 -21 -23 -29 -7 30 -6 -61 -67 31 -40 -69
30 -57 -60 -73 -2 -51 -45 92 -12 -81 -39 34 -33 -72 -82 -68 -88 15 -53 79 -44 49 -20 77 48 -92 15 -7 19 -64 41 31 96 14 -4 -57 39 16 -30 71 -62 -72 -3 35 -47 -48 -97 81 -45 64 20 -28 46 -42 -11 -44 -52 -65 57 -84 67 14 84 -99 -34 -38 1 5 -93 70 83 46 -33 60 -84 99 -27 7 -90 -93 -22 -55 -10 -53 -77 40 -99 -44 10 7 18 87 -65 -26 -9 -73 -49 -41 -5 10
-89 -78 -21 -2 3 51 89 29 -84 -63 36 93 51 32 -51 96 99 3 85 13 43 0 8 78 -47 80 4 -74 31 -28 40 54 -77 74 39 89 -58 84 71 -89 64 71 -66 46 2 -37 67 13 -42 14 -53 -83 55 -37 83 25 17 62 93 74 -39 2 -7 29 -31 27 97 -61 -41 -44 -54 85 -38 75 92 67 71 -54 33 25 -87 65 28 -41 -81 -52 86 -41 22 -63 15 -65 -15 -33 22 32 67 78 -45 87
94 -6 13 -62 -28 -79 -95 -49 54 26 0 -63 47 42 28 17 44 16 -41 61 -57 12 93 88 -95 82 -79 71 99 26 -68 33 17 15 -57 72 15 43 -47 -62 -37 98 74 97 -20 -93 65 -75 47 -21 -30 -30 -47 -71 94 19 75 85 -97 -74 39 -76 95 -95 -77 55 -83 91 -98 90 54 -98 -17 92 91 53 -29 -45 1 39 -98 -71 73 -11 -39 -30 -23 21 -24 66 -64 -94 17 52 94 39 -45 -16 -35 23
-2 -32 41 90 41 -61 -3 56 20 -71 -65 30 -68 -59 78 -67 -27 57 63 95 29 31 -13 -22 -29 -79 -40 -21 -78 56 -3 -6 65 -79 -3 99 -21 -58 28 -6 35 -72 20 -92 -36 -100 39 -67 31 57 -15 77 -28 80 47 -70 -11 -32 80 -92 86 -13 63 -90 -21 -90 -79 -30 9 -9 -92 -98 58 42 72 -83 -62 94 -29 -100 -61 87 81 27 10 -29 52 51 -38 39 -20 -55 -2 63 -27 -30 -73 -69 -14 -35
-2 -43 -90 -83 -54 -71 -56 65 27 37 -78 47 31 38 -9 -68 -8 -14 -67 35 34 -73 25 48 8 -68 -24 99 20 -20 46 -76 14 -13 -75 -77 -43 81 86 -33 -14 -62 -96 -5 -11 39 -49 -67 4 37 17 -42 49 28 -84 -80 -100 -76 61 14 -56 -6 -16 -40 -98 50 26 8 30 82 -90 73 94 18 -96 -3 -68 -68 28 36 -28 54 -72 83 -37 75 -5 17 -26 -40 32 95 85 -53 -85 83 58 26 68 -87
7 -5 60 -82 40 -87 -42 -94 37 50 90 97 8 45 42 -68 -48 47 -94 34 -37 -3 90 -74 74 3 -74 -13 24 -97 -83 -42 -66 -76 31 35 -93 25 -17 68 84 31 -26 -90 30 26 93 54 -67 37 -85 10 -17 48 -45 75 -56 62 61 -38 -9 -63 -93 37 -69 82 46 -39 77 82 55 -63 16 -55 31 -52 57 4 49 -88 22 92 -68 -8 -89 -94 -69 -22 -80 -37 -73 6 13 -69 -76 -89 24 95 51 -33
-44 23 39 79 67 49 69 -79 -61 41 40 94 -5 5 -62 42 -94 34 7 -81 -87 -65 74 47 99 -57 9 -20 7 -41 -72 -7 -90 43 17 66 92 41 94 -4 4 0 -24 57 34 73 97 15 -81 43 93 -87 55 -43 -45 -70 -16 -39 -21 10 -86 82 44 76 -57 -32 72 -97 -75 -31 28 72 -89 -52 47 -49 66 -73 2 65 -35 50 87 81 34 42 63 -12 91 74 91 -32 -95 -65 42 32 43 47 77 -59
48 -11 -99 -40 66 59 6 67 48 -85 -19 -66 -39 -44 -29 -94 70 -31 50 73 -47 -49 30 -87 -1 -88 33 -94 -40 89 -52 29 -77 55 40 -31 53 -87 75 84 -65 -1 -77 -74 60 68 22 83 89 83 -7 -88 23 -97 64 93 -70 60 -58 -21 76 91 -28 -22 78 -78 -24 56 85 54 -13 -64 -29 39 47 10 66 22 65 31 77 33 63 -79 74 77 -38 47 10 85 -45 -21 71 92 38 -75 54 -35 -3 27
-26 -60 -39 -51 43 -86 -20 -44 -79 74 1 -97 -52 93 6 -13 -23 79 -62 49 6 -59 71 -12 78 21 -30 55 -18 -98 -86 -78 -18 7 -97 14 35 0 46 -71 94 -34 16 -23 18 82 47 48 63 19 -10 35 30 -57 92 33 66 35 40 25 7 -86 -24 34 -7 22 -36 8 99 44 46 -90 43 47 62 -74 -27 -43 -80 -60 44 81 -7 39 -25 48 -91 -30 63 75 -38 36 -84 30 40 -34 51 78 43 48
-52 -99 38 48 -34 31 91 36 97 -89 84 -16 75 -83 -47 -31 -43 -31 -74 -35 -26 20 -41 -76 -18 -87 12 46 -33 -89 -6 -7 37 -76 47 -15 81 5 66 -95 77 -9 33 -60 34 -51 -5 -92 62 62 -26 -47 11 -8 89 39 60 -94 69 80 -93 70 26 22 -58 64 -60 79 -31 -20 -69 78 -11 71 62 24 4 18 -17 0 1 86 -15 -75 26 19 51 -42 -37 -12 8 -27 -96 -26 -76 3 39 -83 -94 -55
-69 89 90 6 -91 90 -73 -30 -10 86 -11 30 38 87 -27 44 -50 -13 -30 19 49 -85 21 -92 -60 -38 15 -48 71 42 -54 -68 37 -99 -41 -15 -60 74 -80 72 -34 -89 -42 34 94 96 52 -8 -6 -17 -23 15 76 50 -97 -71 48 -22 29 43 -78 -56 -26 -2 -10 14 -84 58 26 -74 -48 -72 68 -17 68 81 -58 -23 12 -37 -32 67 81 34 86 -56 -29 99 27 49 -65 9 -76 12 22 93 99 22 96 55
-6 -73 -85 -91 28 24 -26 -49 93 19 43 -97 64 87 -29 75 -12 9 -4 -67 23 99 -91 23 21 -23 -6 20 15 -28 -7 40 -34 67 66 72 -91 -20 -65 -49 -36 -15 -98 72 -86 79 -96 -4 19 92 -50 9 50 89 25 -52 -36 91 -70 -24 71 -69 12 80 81 -59 87 -31 62 35 23 3 42 -40 79 -69 -2 68 -14 89 -23 -36 12 29 -100 67 31 74 94 -45 -42 -8 91 -61 -3 36 -57 76 -45 16
-75 -10 -42 -23 53 -55 92 14 -94 -77 20 65 62 64 -17 -37 -32 -60 43 73 84 -81 96 91 0 0 79 -42 11 43 -24 3 36 14 -69 89 -5 51 35 -90 -75 -76 -89 86 -45 -79 -94 -71 -40 54 -53 -59 -79 21 -36 -63 46 -81 -81 -82 -13 -78 -61 57 -41 -2 -20 -22 98 18 60 28 -42 -74 -4 98 -50 42 68 -67 2 57 65 -50 59 23 61 -47 -96 48 -1 22 33 -1 -64 7 27 -60 -10 -76
79 -30 4 -53 81 89 -11 -61 -34 9 93 -74 80 81 34 -76 27 8 25 61 -64 91 -69 -75 -16 68 -88 9 1 -75 -35 69 62 -61 85 -23 24 14 -21 -98 95 18 37 90 88 -60 -29 -22 -26 90 27 53 72 72 45 -1 74 66 64 74 50 -84 -59 -44 -31 -3 -89 -45 -66 -20 50 32 54 13 -91 28 52 -43 -62 -29 -34 -97 -8 -84 -43 85 -26 -96 -57 78 42 -41 -72 -80 -21 -57 38 47 -100 32
-47 69 92 -27 -43 -20 -82 -80 86 -69 -43 -86 -100 -100 -9 97 -57 -90 -6 -66 -59 -52 35 -48 51 16 -83 57 49 76 -59 25 65 -80 98 -41 16 59 -2 -55 38 82 71 67 -10 -37 97 0 -4 -38 90 -34 12 71 -97 88 -46 -64 -88 80 -31 -49 -71 55 -27 -85 23 80 9 28 -47 -72 -48 -76 7 -83 -4 -24 -26 89 12 -22 -49 -55 87 -30 63 35 -41 -84 -47 86 -20 -72 56 21 -26 -78 -54 80
-94 -98 12 -5 33 -56 43 27 -74 -21 -76 -27 33 -11 -88 28 73 84 -18 63 42 81 -65 -92 -46 -68 51 70 17 -50 3 -81 1 -43 19 -87 -92 62 -91 91 -75 -52 95 1 -87 -1 -7 93 27 -52 54 -21 52 -8 -25 70 30 -23 10 8 -45 -95 -90 63 79 99 -32 22 -2 -5 -11 -13 94 76 8 5 -94 34 -19 -21 99 -93 -89 98 64 1 95 -19 36 -17 85 80 10 -40 8 -22 -83 -42 86 16
-80 96 -16 88 92 -94 83 -84 73 95 -1 87 60 -24 64 -63 62 88 -42 -95 -32 53 37 30 -70 74 -59 -83 78 -15 32 72 50 -35 62 -53 -50 86 -71 -64 -61 -69 75 -63 -50 7 -69 74 -71 -32 -67 -30 -19 51 66 -88 -81 -43 2 -81 -2 94 40 -1 -45 -40 39 61 -32 -98 22 -35 63 -39 12 -36 38 69 49 54 26 -95 -62 7 76 -15 -22 42 36 56 -21 99 -41 30 -87 -39 -23 1 -35 -77
-8 -13 -66 40 25 67 58 48 26 -48 -39 77 -96 -85 25 -93 -78 -24 63 64 5 -75 -51 -56 -89 -99 76 -57 -23 -13 -14 13 61 45 81 -15 -30 -75 -22 -77 -98 -87 -69 -14 83 -66 -99 -21 -68 1 7 10 -88 40 -7 80 -91 -28 -1 19 38 30 -63 -70 -44 -94 -16 -57 -88 -26 -2 -12 5 -49 -84 72 14 26 29 -27 -10 65 -13 98 31 -67 56 28 -59 39 74 28 63 -29 78 6 10 24 -66 75
44 71 21 -14 82 93 64 64 96 -76 -56 22 85 56 35 -63 -82 -32 51 -65 3 3 -61 81 -39 44 31 -16 39 73 -65 10 93 -65 -31 63 54 -100 -91 -56 -53 19 30 -23 -9 14 44 -29 -97 80 -59 -2 90 63 7 5 12 33 -10 -96 -39 -12 -83 -88 77 -85 91 84 -3 -74 -70 2 -55 -20 -75 -62 -69 -28 -97 96 -68 81 46 -76 61 57 -1 -100 94 19 -38 -40 38 -2 16 9 -71 25 -86 50
9 2 -86 81 -31 22 -96 -44 -56 52 64 -7 83 90 -16 -4 74 -25 32 3 -23 -93 -9 99 54 -14 67 -12 16 -90 -74 -76 -37 1 71 7 -45 79 32 77 83 9 93 -61 56 68 67 72 -5 -45 -59 -90 21 -89 10 7 -81 36 -76 -10 -48 -12 -62 26 -7 -14 77 -8 -1 70 -20 87 -55 3 79 -21 -61 86 58 -29 -5 -52 -68 88 -21 -15 -73 -4 16 16 -55 -4 14 72 -77 -83 98 46 -48 -14
54 -89 -90 7 -2 5 -85 5 99 -79 74 50 -58 -57 62 83 -93 62 -12 1 -4 -32 85 76 54 -88 47 -12 38 35 -100 36 40 -80 -75 -69 21 21 52 75 86 -42 67 -16 -60 37 75 36 -26 25 -10 4 23 93 91 44 -4 -62 -97 69 17 70 17 31 -12 3 -26 -28 99 0 3 19 20 1 82 -55 85 -77 2 38 61 -53 73 96 86 -27 67 -28 -23 19 -1 38 8 1 -61 -60 -21 -85 -10 90
74 26 33 59 24 1 -37 -85 17 -65 68 92 -19 -83 -1 -20 -22 -12 5 -33 -84 -46 -33 17 -76 65 12 10 -20 -16 -14 73 41 -13 11 -7 -53 -20 42 74 -95 -34 -48 98 42 29 48 -8 -92 -97 -36 59 -33 -61 55 -10 -44 38 -41 -94 -33 -85 -3 77 -100 -72 56 -39 -88 -58 -17 3 56 -70 -36 27 11 -31 -36 -41 -88 56 -50 -48 -97 -65 -18 70 -87 -34 19 61 -77 -73 -65 -59 -49 33 -42 -24
67 56 -15 -23 71 12 30 39 63 20 30 -81 45 -13 -80 70 -81 30 47 88 -25 20 -6 2 -40 24 -79 -23 2 16 84 70 -13 92 -58 -66 -2 27 -19 -49 4 62 -69 -53 64 12 89 -69 -73 -2 14 -63 -26 -54 12 -32 32 87 46 -24 68 -20 90 24 9 65 14 -73 33 -68 -44 39 -1 26 -28 -40 -17 -30 16 -32 57 77 82 -23 5 -84 89 2 59 55 33 31 -59 37 -82 -69 74 30 -57 -41
16 -25 -81 32 -97 31 91 -91 -25 90 40 -62 -66 62 64 -38 -97 74 -71 29 27 38 38 12 -86 -88 33 84 41 -30 -64 -33 0 -96 79 67 27 42 8 37 9 12 25 -18 79 71 -35 83 78 -70 -24 -53 -100 -79 22 99 81 56 18 -48 52 73 -70 51 12 59 46 -28 -70 -86 18 3 -27 17 -70 -12 -51 18 -15 -100 -8 24 84 -43 35 17 -70 14 -2 -48 -32 56 57 -71 -5 -59 -79 -65 49 -28
20 -18 48 -12 -62 92 19 91 -79 54 34 39 39 66 34 44 32 62 38 84 85 -55 -62 70 38 -77 76 -24 -27 -46 18 -68 -49 46 -96 -10 -91 14 23 -9 72 -66 88 -16 55 -4 -73 -98 -76 78 -75 -66 96 72 22 -77 -79 29 -38 -99 38 1 -58 81 82 -28 -81 48 -80 16 13 81 -91 21 52 68 93 -71 -59 71 -15 -43 22 3 66 -82 62 -61 -13 22 -33 -80 8 -92 18 22 -31 29 -80 93
-81 -79 54 -88 23 -50 82 -68 -95 -58 -66 15 86 -63 96 -40 53 -11 96 77 64 5 -7 65 -13 63 -31 95 83 -51 -52 76 60 98 1 65 -93 -71 -53 -91 -59 76 -65 -80 -75 66 -32 31 -60 -26 -57 29 -56 -42 84 89 6 16 -36 20 88 16 31 30 -98 43 37 -14 -50 -89 72 -71 -97 21 82 -52 59 -59 34 -10 61 24 -4 43 23 -11 60 -97 -33 49 -28 29 62 51 57 -31 0 -3 36 87
-71 30 82 29 13 -48 96 18 40 -65 -47 -25 -87 -33 -28 -92 50 44 79 67 -52 -15 -3 -65 37 -84 -94 -40 -36 76 15 -70 64 -54 -56 71 -78 93 -75 -8 92 -17 36 27 44 9 50 -27 46 9 -93 64 -99 -10 73 -88 8 -62 -17 69 -68 70 44 18 -13 -12 47 28 -56 96 82 -58 -35 -5 -20 12 -53 -48 12 46 82 70 -92 -73 67 91 18 12 80 66 -39 19 -28 -37 48 71 13 47 -90 35
99 44 -82 99 36 -24 92 75 34 14 -37 77 -37 29 -35 62 95 73 69 -83 -5 28 -56 83 -56 -91 -21 -15 69 -31 -60 -79 82 36 86 -62 23 -54 4 -73 77 31 -75 -5 16 70 -66 -92 -42 -85 23 -26 -31 2 -26 45 11 25 -68 -92 33 -71 43 -92 -12 50 -22 -19 78 55 -59 -8 22 -91 -4 98 97 23 -12 -14 2 -70 -86 41 54 56 -17 77 43 -51 -11 -92 -11 -12 41 32 -3 4 -23 -24
96 -28 -35 -61 0 60 40 -75 -33 -97 75 13 54 29 -81 30 -81 -74 -68 98 -22 46 97 -87 9 -42 -81 79 85 -7 39 43 -39 -24 -91 70 71 27 -70 74 61 -26 -27 0 -9 25 41 -5 -4 85 43 -40 37 23 23 -56 83 69 -94 8 60 -83 -73 62 42 63 -21 -53 -33 -72 32 44 5 27 -94 69 -26 -13 -17 76 46 7 -67 -62 -20 93 -74 65 74 -50 87 98 92 -39 20 23 62 -10 18 -95
-35 51 -30 30 -53 49 81 20 -37 91 6 74 85 52 -91 12 -65 -48 41 -36 42 -99 50 -55 -72 -99 23 12 -56 -28 25 -12 76 39 13 54 -29 55 -80 -68 -39 51 -72 -58 70 -47 75 73 15 -44 -54 28 89 61 -70 93 14 -96 38 -7 55 62 -22 82 -21 -56 -50 43 -6 13 -39 24 67 -68 24 13 78 75 -74 38 -41 32 -94 -42 -74 -37 -83 -85 -5 86 -43 -43 -43 -91 14 24 69 52 -51 -47
1 -88 -72 -89 17 -81 -34 92 -38 -69 70 58 35 -35 28 -61 14 -42 -15 -31 -16 -29 -36 -62 -88 64 18 68 28 -17 -32 -66 56 78 30 -83 -86 21 22 22 -35 -49 5 -52 88 89 -65 32 -19 9 99 14 60 -43 -9 -44 -70 -3 -83 -8 -49 -6 -26 -26 6 36 74 25 -31 -21 69 8 -37 13 -90 -15 85 54 -10 82 -5 64 53 -60 -3 33 -85 -38 -76 87 -53 -57 42 -47 -21 -30 22 26 -88 -96
-59 -85 -20 41 18 72 94 -4 15 6 -62 -89 -19 79 -30 -84 47 75 -5 -100 12 -85 -99 59 -99 77 -5 -81 60 6 72 -83 23 -7 -57 9 10 17 92 37 65 6 77 -5 57 17 -65 -11 8 73 -6 11 -86 -35 -97 82 -28 86 -31 66 88 -58 -2 18 -48 -41 39 -83 -28 -41 87 27 52 21 2 -51 -49 31 1 -53 26 -84 68 -23 50 22 -30 -62 73 83 -63 39 76 -6 -14 42 47 88 58 91
34 79 87 20 -88 78 92 -1 99 -13 -88 34 -6 41 71 40 74 17 52 -64 -93 -26 -17 89 -98 -89 33 -1 -70 -97 -26 -55 -86 -16 30 -31 4 10 -7 14 -74 43 -82 -17 85 18 19 -52 29 -20 -20 94 87 2 90 8 38 72 -79 -70 59 -41 99 -33 10 -46 -12 -33 -50 -25 60 92 83 -72 -3 -4 5 92 22 41 83 -90 81 31 85 69 -44 49 -9 43 72 -91 -66 -32 -99 -39 -95 -50 -98 -48
-47 84 35 57 -86 -83 19 -12 6 64 -67 11 70 31 79 45 -55 -63 -42 -2 73 3 16 1 83 -39 60 72 80 62 40 51 -100 -8 -89 56 28 -3 93 -19 92 -12 51 -53 -4 -74 92 48 -75 -16 60 65 -94 55 35 23 64 -60 61 0 -59 -19 30 -69 -100 -18 -93 86 27 98 -44 -31 -74 85 -85 -37 -26 -62 76 96 59 -9 91 27 71 -36 -54 -99 -38 18 -53 -56 55 86 82 38 18 -40 93 98
51 -49 27 86 -12 -49 88 22 -7 88 -14 8 92 71 40 -8 60 -82 52 -80 23 70 99 -29 -66 -33 98 -14 23 -53 -67 -55 87 50 -37 34 10 -41 -72 -56 -27 -99 -64 -23 -12 88 -42 -100 -9 -53 21 -71 10 33 39 -67 -27 49 -72 94 -82 24 -21 -95 19 63 55 14 35 41 46 -47 -58 -53 19 -83 -53 30 -24 -10 20 -29 -52 -42 83 80 -3 58 27 93 -65 -82 77 10 30 -82 93 -89 85 -92
-85 14 -76 -79 30 -31 10 70 -60 95 99 -47 84 10 -32 18 11 -5 -100 -81 -55 50 37 -81 46 -33 33 -9 -26 -65 -79 69 -4 83 10 10 75 -71 53 -17 -23 47 -32 61 -56 7 -11 -50 -72 43 43 86 -5 -95 92 -87 -11 77 -87 -53 78 30 17 -89 -1 -18 -8 81 23 -71 -95 56 -49 80 -91 69 59 78 30 33 29 -66 47 -62 -45 -87 84 -36 -1 -83 55 48 69 -11 -4 -93 61 29 38 45
60 48 70 7 -74 13 -83 -5 90 -92 73 3 -56 -81 -72 0 -98 -31 83 -60 23 55 -90 93 2 -62 -54 62 -74 -31 -4 -85 74 -34 -57 5 12 -80 -15 73 12 63 76 -39 26 -51 0 -4 -7 24 35 64 34 -3 7 -16 1 72 87 55 7 99 -4 26 -1 25 -28 -91 53 86 -37 -30 31 96 48 81 -5 39 92 -22 -5 10 -38 25 26 -75 -100 -100 13 57 49 -23 -14 -4 9 -54 -85 -71 -77 99
85 14 -80 1 16 -54 -88 51 84 25 7 -51 -97 -91 -66 -43 97 -65 82 -56 -94 39 -53 27 -2 -15 -46 -9 5 -82 -16 75 47 15 -46 -73 -10 5 -90 -72 64 21 4 55 82 -34 -51 16 76 -18 -63 -85 -49 68 -32 12 -68 -9 75 -98 67 -48 -82 88 -13 77 -43 -37 42 78 37 -25 -61 -94 28 95 10 59 68 91 15 78 -5 33 8 -94 -99 -21 49 14 -54 80 96 -38 20 -7 60 10 9 61
-28 46 8 -20 82 -88 -24 81 -27 -92 90 51 48 -2 95 -47 -67 -26 15 15 -10 62 -62 -59 72 63 -1 -72 18 26 -48 75 71 -67 -44 -69 -49 -14 -86 99 75 62 -55 -25 19 -46 -97 -49 -4 4 29 -33 -5 78 14 -28 10 22 -22 54 11 23 74 -84 -80 -78 52 -37 -9 -65 22 92 20 -1 -91 -79 -11 -91 78 62 -43 -7 36 -32 -92 18 44 74 12 -53 46 98 -9 40 -57 86 -35 16 97 88
-48 -55 9 -7 -95 70 96 33 -23 75 -47 -11 -96 -9 52 -45 -7 -28 20 2 -73 43 -13 -86 6 -7 -63 -94 23 -11 93 40 99 -35 -95 16 88 68 1 -99 -64 62 -61 -6 17 78 67 -57 -40 -75 -16 9 73 89 -40 2 -10 -100 13 -55 43 24 50 33 34 -51 -96 99 -59 75 -96 55 92 -18 -87 12 -97 -81 -82 99 -48 -63 99 -95 -18 52 6 -29 -93 34 -23 -30 14 -16 -87 -58 -55 3 -73 33
-43 74 -8 -81 -3 26 44 -62 72 65 17 -9 -64 25 -4 -10 -89 6 -43 -21 90 -95 -39 87 18 20 56 -23 -79 -58 59 -86 -11 -56 77 52 16 16 -92 66 93 14 93 63 -62 11 93 60 -48 -70 -98 10 -68 73 -8 20 1 47 -4 -6 4 -23 38 -16 -45 11 -69 98 -54 36 35 -73 82 73 -38 7 50 -72 15 -14 30 65 -89 14 60 -73 -16 28 17 34 44 11 -78 68 85 -70 -57 27 53 -17
41 83 25 -77 7 98 -35 36 -76 -21 -72 -42 -80 -60 78 -96 45 -97 28 15 16 -34 96 -38 -6 47 62 -71 58 96 -46 -82 -76 79 -80 -51 -16 -10 -18 12 44 -73 -83 58 21 -55 68 11 80 -4 98 2 59 -17 -96 25 -14 58 -6 -97 -100 21 6 27 95 -78 -50 93 96 40 -35 48 5 27 30 -12 -79 11 -95 49 9 -64 91 -4 -38 52 6 -95 61 71 -84 -89 -70 98 33 98 21 -24 63 20
-53 70 62 -87 -99 -43 96 67 -22 -73 14 57 -99 39 -68 -66 -56 -68 62 73 70 -85 -78 -98 94 7 81 2 70 -36 56 87 -6 31 23 38 -24 81 -70 -36 -96 0 92 -9 31 66 17 9 13 94 -61 6 -86 -18 0 -11 64 36 38 -36 81 -22 -62 -35 -8 -9 -70 35 -25 -75 -18 64 -50 26 40 -58 -64 -2 65 40 22 34 96 1 -43 -99 27 -1 -16 70 -60 79 -71 4 -30 -80 57 23 82 48
42 -55 25 73 16 62 79 2 -63 -73 -75 64 -9 -4 -52 -68 -30 78 96 45 -92 66 25 52 38 -80 70 79 -46 -100 16 83 41 -40 -83 -53 44 -43 -39 69 96 -41 40 77 -39 92 -20 -32 66 -77 -26 -65 32 98 -10 -86 -59 38 -17 32 20 -2 -87 41 -33 -84 48 -24 -92 -32 84 53 -99 -97 2 -67 94 30 -77 -43 -3 52 -66 32 75 -72 73 -94 -41 -26 -44 -21 86 -48 16 -73 -53 -50 42 -52
-72 -14 24 39 -79 9 -51 -74 11 -100 -97 -37 -80 96 93 15 -46 -88 -30 68 -33 50 -4 4 -94 20 24 -9 45 -83 -35 32 -85 -26 16 30 -51 -100 -99 -52 94 -96 36 49 -91 -58 -64 19 -81 -75 -93 -38 67 71 -74 -18 73 -90 -44 -10 -85 42 13 41 -72 -93 72 9 84 78 84 19 85 82 70 -11 56 3 -25 94 -77 51 -44 42 55 72 67 -85 63 45 -53 -21 54 93 -42 -65 -38 -81 80 73
-91 -69 -99 40 79 29 -81 -19 -48 75 2 -86 91 -93 15 -98 72 -8 2 -14 17 23 -39 46 -70 -46 -43 84 -6 -55 13 -8 -67 18 -78 -97 -66 37 -46 -34 -29 -98 7 -73 -34 32 95 37 -63 -7 -13 -1 57 86 -14 -92 90 -31 -14 49 -67 -80 -91 48 41 96 21 4 20 78 82 -9 16 -84 -62 77 -76 26 94 64 12 -83 -43 -1 -3 72 22 -11 64 -41 22 60 82 -72 -2 19 52 -45 59 19
78 -39 -88 -38 -54 -7 -21 -76 -48 -84 52 34 -94 92 67 73 -28 -80 -10 37 83 26 -31 -46 -74 -15 -94 -82 76 25 -31 -62 77 -62 89 87 -13 -33 -78 73 -9 86 9 53 -7 -27 -31 -20 -8 61 43 -55 -16 -25 -58 62 15 90 -40 -67 -39 -50 81 12 84 -25 -61 -64 3 -33 -95 13 -9 64 -68 -41 86 -99 -12 -50 38 43 -76 31 -66 -66 83 63 -10 94 1 -3 -66 88 -91 46 20 -92 -52 21
-40 -87 42 63 15 90 -21 -40 88 -6 31 -90 -60 -40 88 34 -75 -84 64 95 25 -37 -19 66 11 84 23 54 -58 88 -16 -17 53 73 -22 51 49 -75 -59 -67 61 -86 23 54 98 -62 2 -56 64 29 -20 -20 30 39 28 35 20 90 98 52 -17 63 -21 16 67 24 8 91 49 76 -72 -88 -38 52 42 -18 -55 -54 4 -12 -22 -67 34 73 -95 -15 71 -100 87 -69 13 92 -89 95 9 -37 3 -14 -71 34
39 48 96 -5 19 -62 -23 25 -95 93 -45 14 -8 47 8 -66 36 -24 -74 97 -51 -62 66 -93 -75 -17 84 -93 46 65 -77 64 17 -95 -18 2 -15 -32 57 -95 -1 50 90 -63 19 53 28 86 -76 60 -18 62 68 -76 -20 63 11 -74 -63 54 -67 -31 77 98 27 96 50 92 52 77 -89 -62 20 58 64 -60 -29 -8 -59 78 77 41 16 -71 75 21 -11 18 12 68 -13 78 58 -5 -2 -83 -94 -77 -5 72
-71 -47 -68 12 -47 67 4 -54 -1 -98 12 93 21 -83 69 -74 51 11 66 -82 -92 68 -51 -81 -40 -48 -23 24 -99 62 43 -48 -35 -41 -70 64 79 40 -76 22 -27 81 31 79 -76 79 -36 88 48 -25 93 46 -72 35 -21 77 -6 -87 28 6 -80 9 85 69 94 -48 20 -89 -41 83 -47 -27 73 -41 17 -49 9 -97 83 -29 -6 -61 33 27 64 70 -38 68 32 -31 63 -61 -80 -28 50 23 22 56 55 98
0 -4 54 87 -71 -43 -53 -10 46 50 -33 26 30 -50 -77 -77 34 98 60 -30 -31 18 -73 7 19 -42 71 -58 -84 -71 41 7 -69 -95 34 -82 88 72 73 -85 81 -70 85 73 -43 44 39 -2 -93 -71 89 75 -77 31 76 41 -33 88 40 -8 33 -90 -81 59 -87 85 34 98 -11 -62 86 -63 -38 36 17 98 7 -53 5 46 -71 -38 29 35 85 -71 -52 -70 -37 -54 -3 2 -26 72 -94 -81 21 -89 39 74
-5 -57 85 -29 -84 -22 75 99 -64 -69 -54 35 25 73 84 83 -49 6 -88 -46 0 10 -19 37 -28 82 -16 -52 45 33 57 -27 36 26 -65 -79 -37 -47 -58 67 85 55 -89 81 54 -60 42 -72 -90 45 -11 98 -40 -47 -96 44 -34 62 85 -17 -17 -23 80 -85 12 68 31 -31 -68 23 -30 -82 27 44 33 14 45 28 -25 65 -5 -35 -69 86 -86 9 84 -78 -49 6 12 87 79 5 -74 -35 27 54 -19 -34
6 -99 75 63 -56 77 -50 -11 57 27 -53 -72 -89 36 97 -76 -39 -32 44 50 88 28 -27 -33 57 -80 9 92 -3 88 21 -75 -16 60 6 -7 3 -66 -66 40 -38 7 74 10 -45 83 -41 -73 9 8 41 35 41 -79 78 -63 -31 -38 67 -57 73 30 -29 20 -67 0 28 -39 -69 -73 83 -10 -30 24 29 63 89 29 -85 82 -11 86 -42 49 55 -17 -51 -8 -53 42 23 -32 36 -98 -23 -97 -80 77 -47 97
-39 -47 -72 -78 3 92 -43 9 -68 -78 -58 -94 -11 -27 55 -61 99 49 -85 53 17 -9 88 54 -16 81 -2 14 82 92 31 -89 6 98 41 56 17 82 -37 -43 78 93 -88 -93 0 30 58 37 10 -97 76 -28 59 -30 -76 -64 11 -82 64 -65 -2 -91 93 -49 -93 72 81 -87 -52 -89 -94 -11 -70 25 70 -85 -95 -13 -26 48 -14 28 -90 39 -24 66 60 76 11 -57 -52 10 -92 -12 76 -50 82 14 20 -22
25 12 69 99 51 41 -82 -90 11 -5 60 40 14 -34 -93 80 35 -15 57 -2 -19 -64 19 99 -38 -53 -100 39 97 -54 82 -58 5 -17 45 61 -86 74 -63 58 88 -55 -51 -37 -20 -4 -100 -42 -22 -83 -94 84 -2 14 46 -83 -21 -38 -47 -6 76 35 -87 -52 86 -7 35 -53 -67 15 37 -21 -89 92 -70 -100 87 -1 10 -88 5 -23 -24 8 24 -28 98 -7 13 42 55 10 87 -45 -15 50 -60 -95 75 91
38 21 59 -67 83 -74 51 -53 32 -4 36 82 -73 -13 -33 -41 95 -30 -40 43 -17 25 -72 -79 30 11 -90 46 85 34 36 52 8 4 69 -79 -51 -44 -55 -94 8 -5 -73 5 43 29 -47 3 78 1 -44 -98 -47 0 -42 13 58 -30 88 -34 -82 -2 32 53 -44 12 59 -73 40 -62 -67 7 -34 -69 -37 -1 -50 46 -50 -14 -38 4 61 66 -17 -6 -86 -21 -9 -47 -57 39 18 -28 -74 -24 -13 68 -98 26
-91 74 38 -30 5 70 -66 4 87 -49 -56 42 -36 43 23 -25 21 49 41 43 -45 -33 -87 -4 -89 -50 -57 19 -69 -35 -89 -26 -4 6 62 69 97 20 23 -66 -79 84 -46 -10 23 95 -98 14 17 -43 31 -97 19 80 94 -75 -77 32 -72 -42 41 7 6 31 23 43 73 -11 -15 97 31 17 68 85 39 -23 -25 71 -53 -29 39 13 98 -47 -36 -70 14 -69 -20 72 -99 60 -31 84 57 35 45 -16 -74 -75
-39 -78 -94 -98 -15 -14 53 90 27 58 83 -26 63 57 -15 30 25 -71 92 67 -99 98 11 -50 63 51 -68 -92 6 14 93 87 58 -55 -59 46 8 -89 62 27 72 46 36 -5 31 -19 -1 90 12 63 -99 -96 68 -12 39 -96 -4 -37 -79 -47 -88 3 13 -74 8 97 -56 82 -60 -55 4 -50 -16 14 17 -97 68 85 -33 88 26 -84 73 -13 56 39 -39 -50 -80 -90 73 28 96 -25 7 -15 -97 -32 1 48
56 -76 96 37 47 -95 -47 54 8 -4 25 -55 96 -21 -26 26 68 -99 -92 86 62 47 6 97 -94 -83 78 64 63 -45 -82 76 -26 -19 -39 37 -35 -45 -21 -41 44 -21 -57 58 39 -91 -49 10 28 23 23 5 38 -63 37 -1 -31 91 76 48 56 91 1 67 -4 74 96 86 -20 -40 -68 -82 15 78 -84 71 -29 51 21 -76 -75 23 -95 2 -92 -47 43 -32 -87 41 -52 -22 -30 62 75 -22 92 65 71 -96
-41 -84 43 -37 71 -19 4 66 97 0 -30 -45 34 91 84 -85 60 61 -58 -75 -39 -54 -2 97 -36 45 -49 -82 1 54 -98 -20 -54 -10 9 -74 83 -46 6 -84 -70 -31 -88 -87 24 52 -3 -46 93 -83 22 59 82 -95 -53 -39 55 36 -85 -75 -99 -19 -68 60 -47 -8 92 59 61 37 93 -70 -66 53 -83 16 33 -99 40 40 50 97 24 4 -25 -74 23 -63 1 -15 11 -9 90 -14 -24 94 -100 -100 -57 11
20 -13 44 62 0 -8 -87 -59 15 -90 23 -29 -71 -97 -25 -27 -94 -59 19 96 27 73 -39 40 -2 -79 64 45 -63 -53 -49 45 88 25 77 63 -27 -5 71 -14 -90 -97 -98 -53 73 -15 -66 -26 -86 -6 65 87 30 40 34 85 75 34 -67 -21 -55 -33 53 84 33 87 44 60 99 87 -56 -20 -22 -59 -74 -16 92 -98 70 -87 -49 71 60 -22 -69 26 81 10 27 -13 -43 -71 99 49 97 -62 -38 -12 90 77
