45 44 37 -20 51 41 -2 -56 -74 -54 -99 -87 77 -14 -97 57 -88 81 89 38 -52 32 -96 -66 -60 39 24 -33 37 -52 -51 14 67 50 65 17 38 -36 -94 -25 35 21 -21 -8 79 -50 -5 63 46 -98 19 57 -30 -18 -58 41 -8 -87 -25 -2 -40 19 -43 -66 58 59 -18 -17 -71 -99 18 -47 -78 -73 -38 -77 71 25 -67 38 42 -53 -3 8 -60 -4 -38 94 -68 78 30 -70 -33 -99 55 -9 -19 -74 81 16
-96 -89 -51 -81 61 -95 82 -20 -47 29 10 5 -51 90 36 -29 -99 66 93 0 85 23 49 -54 -82 -66 -95 -29 98 77 46 89 -4 -61 80 -55 -42 12 -84 88 -53 -28 -13 80 -97 -45 19 -86 24 -85 43 76 -52 63 67 43 33 57 -29 -36 74 -49 83 -21 -6 79 -91 -46 -57 89 33 -83 8 -88 99 29 -16 -80 60 -60 -100 -86 88 85 52 65 16 -44 -60 43 95 39 -47 30 -19 -23 30 -43 99 27
62 -3 -29 56 9 -51 -11 35 81 56 -50 -81 92 90 47 -72 40 87 -61 -19 9 -96 -33 -45 -29 6 -52 -60 30 -100 27 11 -10 -55 -21 -58 47 87 -32 -71 -27 2 12 -54 -2 -30 89 -66 72 -56 8 27 -86 50 -18 -87 89 -81 -4 -87 64 89 -36 -25 50 -22 -16 36 -89 29 7 68 -10 25 -73 -4 24 -90 -91 -67 -25 -73 35 -90 59 -32 -62 -6 -20 -94 63 2 23 16 -34 26 -34 13 50 -45
-33 -4 39 -37 93 90 -29 19 -29 90 -71 -24 -19 79 83 81 17 11 16 49 67 57 90 86 -26 20 -24 61 70 -76 2 -65 -6 -89 -26 -70 -50 6 -90 46 32 32 -89 95 60 54 -52 13 49 85 64 51 66 -23 21 12 -59 -71 -29 -81 -30 1 -52 33 -41 71 -14 -47 88 16 -82 25 -33 -71 -73 51 -84 46 1 98 -9 -62 17 -38 -10 -56 69 10 -81 -11 94 -6 -55 -49 -43 22 64 29 -59 -42
-64 -11 61 79 99 78 -72 43 -56 20 34 69 -46 -51 -2 -5 -9 -28 -28 -100 63 -62 -40 -21 88 13 -4 -65 -76 24 -31 61 -55 -42 86 72 -43 34 -18 -49 -61 -33 -80 60 64 -65 -39 24 -34 88 85 -74 46 30 72 -34 27 -47 15 85 -83 17 -87 -82 -8 83 7 -4 57 -9 85 -96 49 -22 -5 -76 -45 -94 -23 -23 -18 62 -96 -1 -59 -76 31 -40 21 52 78 -85 -55 -91 -78 -56 -47 53 -43 31
-1 -66 18 -76 -50 33 -83 99 -73 15 -97 24 22 69 92 -88 13 -40 92 20 36 53 -85 1 71 -59 92 4 6 -68 -56 -94 -73 10 -18 17 -12 -5 15 20 34 -44 -1 40 42 62 71 -24 -84 -28 -72 10 -25 -5 59 96 33 55 48 -27 -80 49 36 50 -43 -9 21 11 76 9 -75 -69 -28 -6 -70 -67 -41 33 63 -82 -36 -60 -64 23 45 69 54 76 31 81 15 -50 15 62 -97 52 -35 -39 -50 69
81 -75 2 28 53 47 -90 -25 -37 53 -58 37 -36 -37 -6 -96 38 58 0 52 55 -40 -3 -42 75 -39 96 -63 -67 16 -71 -16 78 63 -19 -90 62 73 -57 69 -24 -42 72 86 -19 31 -96 77 -51 -39 -10 56 25 5 22 50 -98 23 85 -42 -42 16 45 47 28 -36 -39 -4 74 -51 95 12 -70 -78 -88 -9 -39 -10 -20 -87 -26 -65 -26 -15 95 33 49 89 10 15 87 88 -56 -79 92 -80 -14 42 -26 -40
74 13 -54 86 -51 -47 -70 -92 -16 -36 63 53 -68 52 1 66 25 -98 -3 -24 -96 9 -10 97 -83 26 5 -86 69 20 -32 -88 44 36 39 -62 -35 -64 -35 -3 -62 -75 -43 75 71 86 44 -14 89 91 -11 63 15 -3 4 -47 -94 8 -21 97 -87 -78 -10 -34 79 -53 -11 54 -61 -89 13 -11 -66 -13 20 -13 -61 93 -68 29 7 -43 58 -13 -61 79 95 -53 67 -65 49 88 -70 -59 79 -49 89 71 97 26
28 25 -2 81 -34 -1 68 73 48 15 85 -32 -25 16 55 -85 51 34 -41 -66 -32 -69 51 20 83 12 -86 52 90 49 -32 12 -93 96 -97 92 68 11 78 88 -93 8 -10 31 -89 21 7 52 6 43 43 -64 -46 21 -26 49 98 31 -92 -42 -43 16 -67 83 -49 -86 96 -2 -67 -83 85 -48 83 73 11 86 -36 22 -61 -95 -55 -47 70 -42 63 10 -88 -8 63 -54 22 -29 -78 -18 96 80 33 -7 -80 6
94 80 5 -7 75 -49 90 -19 -81 -26 25 84 53 34 -65 74 13 23 81 68 65 -3 -9 16 73 -26 -62 -32 -38 92 61 -94 -14 93 76 91 -65 -92 -12 19 -100 45 34 20 -23 -53 99 -93 87 78 22 -68 -99 -66 -80 52 -56 95 -6 -23 78 78 -92 54 -64 1 -64 95 -34 77 25 92 -81 79 -25 8 4 -15 30 -95 -33 37 50 84 -50 10 6 -9 39 3 -95 -17 72 -96 52 75 -19 -14 -25 -31
33 77 -1 26 70 88 -71 -33 -98 14 52 -53 -68 -30 -72 -77 -16 -14 -54 99 90 55 4 -84 -89 61 60 -24 39 -31 -75 26 81 -26 -8 4 -27 -74 -9 45 53 94 11 -67 70 -71 30 91 33 -81 -75 -22 -69 -44 -58 -46 46 45 -29 61 -73 -6 35 70 -86 77 -32 18 -96 -54 -14 72 36 21 -76 28 -9 79 99 83 72 52 -35 -62 -39 -55 -57 55 -83 45 60 79 55 27 93 5 -100 -52 -22 -97
-64 35 -62 39 30 -36 -88 -6 64 -83 -43 70 7 3 45 86 -19 33 -77 69 35 -24 52 -55 -25 36 -58 -42 76 -67 12 1 86 -15 -69 27 -24 82 -71 83 -51 -90 -100 60 -68 -28 2 -9 -25 -57 99 -93 13 -57 -29 79 -8 13 -77 75 49 12 -80 77 91 -44 41 -27 76 -27 22 -83 80 -21 49 -90 -2 -68 74 56 -79 -74 13 -71 -3 47 -53 79 71 88 -17 67 -62 82 -73 8 -48 87 -44 58
-10 -6 -62 -18 61 55 41 3 4 18 15 53 74 55 -75 -90 32 -26 26 -64 -16 30 84 -85 -80 20 16 -67 18 41 -66 10 23 -33 38 38 -35 80 37 -33 77 -77 -57 -39 82 -1 87 -59 58 76 -21 -22 37 -11 -95 34 81 -86 -3 -83 86 95 94 12 -99 96 43 -77 79 56 -98 62 27 -72 -68 -18 18 62 -59 -58 90 -40 82 86 -25 83 -31 -71 3 -91 -95 -79 6 22 6 -86 -69 65 76 83
58 64 78 24 -31 96 3 -53 91 34 39 25 -96 -82 3 96 -44 -39 16 49 26 99 -41 -83 95 -1 -34 47 73 89 -48 -12 43 -7 -45 -24 -77 -75 7 -34 88 -60 -23 37 -20 -20 -89 -57 78 17 90 56 46 12 -24 39 0 -93 45 98 -13 57 -63 -45 -95 -64 -34 -50 -65 -19 -82 70 41 -81 -55 -9 -33 95 -18 98 57 29 -2 65 72 -40 38 -21 35 58 59 -42 -40 57 22 56 -87 8 -82 71
-98 -51 41 87 -75 25 -76 -56 81 63 88 36 -19 91 77 29 10 17 42 -4 -9 -87 -55 45 5 -63 -66 2 59 37 45 53 3 -52 2 -41 17 -3 -41 -53 38 -66 64 -68 94 -29 -90 8 -88 6 -32 -26 -3 29 -28 5 -85 62 14 24 -38 77 -9 77 61 52 72 -100 74 -56 13 -92 31 94 36 -29 30 66 -46 -87 65 24 5 -75 90 41 3 16 41 -63 -20 42 41 -65 -38 -19 -71 22 94 -33
-3 -78 -79 -90 52 11 -35 78 -77 22 14 -84 -55 -45 27 12 47 -9 -86 -48 -43 83 1 91 -69 52 -77 83 12 -95 96 19 -32 96 89 10 -82 -20 64 -6 -36 -43 85 47 89 -37 -79 71 -36 -72 -82 86 50 72 83 54 48 -42 69 30 47 70 -1 77 -35 56 8 11 9 -22 15 74 -99 48 57 -32 -20 64 -1 99 -79 13 74 91 -90 79 -63 8 -45 63 41 -46 -81 11 74 18 18 -72 4 -92
-45 95 20 98 93 -93 59 85 0 -35 -17 -18 75 37 87 -79 91 -7 84 72 -56 22 74 14 -95 41 80 -36 46 53 -99 -87 -74 -90 -84 -20 -50 15 -88 24 -41 95 -96 41 -37 83 -91 -2 -11 -75 18 33 93 -55 -31 55 29 69 -98 68 -29 -10 39 77 -2 -12 -13 48 -85 -8 -57 -69 70 -38 -21 56 9 -54 92 72 2 19 -45 -11 -1 51 -82 -18 25 -80 -15 -45 -67 -85 62 18 -71 -1 10 20
-47 26 46 -7 15 0 -8 -78 -30 -35 -86 70 -91 61 76 -86 -74 -98 -13 80 -47 27 -67 88 -16 -74 16 -44 -100 -23 97 62 -31 -49 50 69 -55 -31 20 94 -39 -28 -15 -61 74 43 16 -65 -79 50 21 -15 41 23 -72 34 -35 44 96 -60 -46 -64 -9 -89 -73 -63 -68 86 -45 92 -19 -8 24 25 42 -39 -91 -75 -67 48 -89 0 60 12 43 -38 -27 -87 11 -91 43 7 38 84 83 32 45 78 -46 -84
-94 -24 -6 -97 -88 -48 96 -32 -88 -29 69 -89 13 -16 -38 -92 46 -59 -58 20 78 90 23 -67 64 65 -26 73 -78 -5 -61 -43 -94 21 -59 25 0 -13 -93 88 -42 77 -89 -91 -26 97 46 58 -28 48 53 32 -23 -70 -81 3 -71 -6 -6 18 10 70 -24 87 -79 -44 14 58 -43 -82 -42 -87 64 -9 -56 72 -23 75 -86 -6 97 -55 -94 10 73 -88 36 -62 -94 23 -25 47 88 7 41 54 13 -44 -43 -97
43 -44 -58 -55 -86 -23 88 -94 3 41 28 35 92 -83 -57 -2 56 32 -80 -76 90 -65 -49 97 -36 -61 -36 -48 -87 -11 -36 -76 43 -65 -81 -99 72 26 65 -44 -57 -60 86 56 8 72 49 74 49 -57 -46 -52 -64 20 -30 -52 -49 -9 -96 50 -36 -95 52 -24 67 8 81 -55 53 -71 -14 -8 -46 6 -53 -84 93 94 -8 89 21 -74 26 21 -28 -6 -81 -54 -42 65 2 -23 54 49 -65 -58 -40 -70 -45 37
78 -42 -92 -89 36 41 89 -81 4 32 -35 45 -38 -65 -71 97 -76 -74 -1 -56 -39 49 66 -69 -32 96 88 7 36 -11 -73 37 43 -61 41 3 -89 33 80 42 17 93 98 72 48 -52 -51 -66 18 -15 -57 -28 83 90 -40 -41 21 8 -11 -80 -62 -46 49 -65 -93 46 -85 13 15 -92 -92 -83 89 7 -12 -23 25 -34 89 34 78 -80 57 13 -79 -42 -57 -78 76 -46 0 96 66 -68 -99 1 93 17 -2 -23
-71 -42 -89 7 56 -36 56 83 -59 17 -51 19 82 -89 84 43 15 -37 99 -63 39 25 98 2 -72 -98 72 81 69 65 95 19 21 19 35 77 -16 -80 -90 98 70 81 39 -70 2 -58 79 -52 -64 -26 -68 -77 -45 -30 -63 35 6 1 -5 24 76 -36 -32 97 85 6 15 -17 81 11 -74 -24 -2 59 -74 -81 36 -63 -76 -91 12 80 -75 -33 27 -19 -45 76 69 -23 88 46 -79 -83 92 -72 -8 -96 99 -31
-8 -88 -60 2 -42 -53 92 -19 83 -75 -82 -61 -22 53 -24 43 -62 -45 -69 -75 -67 21 -65 16 -65 -79 -9 45 -9 -73 25 7 -67 -13 42 92 50 -89 -85 55 -88 -67 26 -67 32 80 73 -97 -52 -41 -1 -33 61 34 -100 -18 61 -78 4 65 75 76 90 49 92 57 35 -62 -99 84 25 90 -5 55 27 66 38 82 -5 -83 -88 37 -4 -92 -57 -74 -45 -68 68 -55 32 6 -17 -37 -62 -58 -55 36 -82 44
37 76 28 -98 -57 46 57 -13 -48 51 -1 90 78 98 20 86 51 -27 -24 -38 -54 27 -43 93 -39 -79 73 82 -27 19 4 -34 -21 89 -59 -45 -14 26 25 10 28 11 47 84 -21 -45 -37 -38 -16 -59 -65 89 88 -10 -41 -85 89 56 29 40 -63 -7 -62 62 -21 41 20 -14 31 30 -52 -50 6 -19 45 55 41 42 15 74 -32 19 -98 -84 -60 -73 -29 -6 -61 29 91 -35 -40 -62 -3 10 61 -65 88 -56
-49 18 -34 -94 -95 15 3 4 -34 50 6 91 -11 18 -26 -40 62 -89 -100 -25 69 79 -32 21 81 -69 -61 87 14 87 -91 -48 32 -70 47 -92 -33 12 -76 -50 38 87 -8 -21 1 -10 -32 -58 -18 71 19 73 87 -14 -78 -12 -17 58 74 -25 48 -58 -4 99 -3 -50 6 -36 -90 95 70 91 -56 95 -25 50 -39 -30 68 12 -82 6 16 -91 36 -74 22 7 8 -84 9 86 98 0 61 -59 32 -74 -1 86
-51 61 -65 -17 -24 81 98 -45 68 87 31 29 -43 -69 14 21 -100 -50 1 88 73 60 19 18 22 37 -24 -65 -87 7 53 42 -41 23 -3 77 68 -87 28 98 41 45 53 69 -72 74 -14 -83 -29 66 83 0 -88 37 64 -2 -59 -40 -15 6 14 6 71 -24 -93 -30 -10 79 28 -23 36 -99 -69 36 -37 -92 -72 2 8 -5 -62 37 -28 -18 -10 -27 69 80 78 47 2 91 13 77 25 11 81 -91 -99 -38
-61 -36 11 52 54 -22 95 3 -24 -43 -68 -4 -55 92 -44 64 2 59 55 -80 22 -73 3 21 -86 -2 -82 60 -100 3 83 68 30 43 -24 -37 74 99 -59 -29 20 71 -3 50 -56 -30 86 -37 -88 17 8 -19 -65 -13 -39 85 28 0 -46 78 -81 93 -52 -34 76 -32 69 38 90 -58 -56 44 28 -11 -51 18 81 2 -29 -65 51 35 -88 88 -89 54 65 14 33 97 26 -26 -65 -60 87 52 76 -46 -73 15
76 -96 3 52 -81 -100 6 5 -48 45 -35 34 -73 92 -26 -82 -36 -18 89 15 20 -29 -32 9 90 66 -91 89 25 -3 10 -42 -4 -75 16 -43 -88 -23 7 -44 9 60 60 -60 58 86 -62 52 20 -62 24 -81 62 -82 -69 -99 24 86 -28 3 31 93 -20 -11 -26 6 89 98 -36 -71 -20 -84 -99 -67 -16 -68 73 33 44 98 29 79 38 -21 47 -25 -33 -22 -22 79 -39 54 -15 -40 -89 58 94 56 13 -56
32 -56 54 86 24 98 -9 27 53 -73 -64 -28 18 93 -9 -40 74 -79 91 -100 -11 -48 8 -16 28 68 83 95 -41 -75 -17 73 87 -39 -72 -20 -96 -9 -57 4 -70 67 63 80 72 48 91 -1 35 -15 -85 24 -25 4 0 -53 13 4 -14 -41 39 14 -89 78 -81 -78 28 26 12 64 88 -8 1 -17 36 -59 -22 17 16 73 -20 29 -30 -62 6 -39 96 70 -69 -18 86 79 40 79 -99 80 75 -65 99 -67
56 -32 -5 -92 -88 86 -63 56 -25 51 -43 -4 57 -9 90 64 68 21 -72 66 -76 -90 8 22 -74 -56 -66 -90 16 32 -60 29 73 12 12 70 -72 13 5 83 -1 -47 21 9 -84 7 -10 -81 -58 -68 -87 -58 72 -5 -26 33 28 24 -42 26 -31 20 1 45 66 -79 -82 -5 18 -22 32 78 97 48 -8 81 -78 41 79 -87 -95 43 -13 -18 85 -98 -29 25 3 62 76 -97 97 37 68 -78 84 80 -86 51
31 98 -48 -76 85 -23 27 -39 -86 -52 -63 -91 -97 48 29 61 -67 -70 99 -2 -19 68 78 14 11 55 93 98 94 93 -41 -47 42 24 60 -12 -99 50 66 85 91 -5 80 56 50 35 22 40 53 94 45 56 -62 31 0 -74 -92 82 64 14 42 -70 -7 36 66 48 93 28 -58 0 -94 -83 19 96 -45 24 -94 13 -28 27 -83 41 92 -89 70 -26 -14 -51 47 95 65 78 -87 99 36 97 55 -10 -82 84
47 48 62 58 14 35 -52 -55 -99 -17 -39 -37 78 53 0 41 8 33 -51 14 61 -48 71 2 98 -58 71 21 -18 -52 -35 -65 -21 -78 -39 73 -38 -9 -39 43 75 10 95 0 -32 37 1 -54 70 85 -40 -27 -98 -75 -14 4 -100 -53 30 -33 38 76 85 2 -32 -53 -63 58 -69 3 -38 -89 -44 -91 20 -2 -10 96 83 -30 99 -86 -11 -70 33 54 52 14 82 87 -61 -60 77 -35 38 8 52 88 -59 41
48 -69 -95 70 -82 -1 -54 24 17 -81 21 -73 -8 -36 24 20 12 -9 96 -50 -67 63 -77 44 -89 -47 -49 -42 99 2 87 0 -88 -61 -51 93 -3 33 45 -98 -98 80 -51 -59 -78 70 -31 53 -93 -66 -24 -30 -25 56 12 -68 88 36 84 -37 26 -79 99 53 -65 -37 -13 -23 49 -62 56 -6 -47 -14 -54 -31 66 -91 28 -17 -70 77 -55 -66 41 -45 19 -52 68 95 -11 30 -62 -71 34 32 58 65 -90 -35
80 -8 26 16 26 -65 -17 -2 91 -74 -43 -73 -28 10 20 -24 10 -66 -75 4 -86 -13 -90 -16 -7 58 -14 -7 85 -42 63 35 -54 -20 13 -25 57 25 92 -10 63 62 -14 43 51 56 90 -7 -5 49 75 56 -48 -90 -45 -64 98 -54 73 23 -45 -55 40 55 -47 73 -98 71 -57 -57 -97 91 -7 -3 -78 -42 63 -8 87 -50 76 55 39 14 -93 60 84 27 53 67 85 -96 -40 -29 -34 -71 98 7 33 57
11 -92 -78 -78 40 99 -19 96 -76 -93 -19 -3 3 -96 -1 -45 -99 27 -73 -85 -13 -2 -28 -79 78 -2 -52 84 -91 -42 51 24 -80 -100 39 86 -24 57 22 -87 12 -100 28 73 88 -79 77 -100 2 82 39 -61 33 33 7 31 -75 97 83 -75 -98 -21 -28 72 36 -1 24 -57 27 30 54 -8 -44 49 -30 86 -77 98 22 -52 -62 99 -70 -4 11 58 -64 24 -2 59 23 99 -47 -61 86 -18 -48 99 57 -59
-82 50 -19 -10 16 -9 -98 11 72 37 -66 -74 -42 40 -42 -73 -95 -34 29 5 -92 75 44 -24 85 -67 -17 74 15 -43 18 84 25 -25 -35 -14 80 24 -69 38 42 -43 -50 -9 64 -14 27 -90 -71 90 73 76 -99 -55 -80 -19 -38 -43 13 -69 3 79 -70 -15 37 71 -33 -18 -74 -69 97 -5 -54 63 -56 82 -26 -68 -19 -90 -65 -41 -22 -81 85 -34 17 -80 -58 10 62 -2 87 -83 -28 76 33 -63 -70 -45
76 28 -53 -32 13 -14 -32 48 2 66 -89 -42 26 49 -13 -98 -75 -87 -34 90 -77 -20 -71 -92 -100 30 -3 94 -78 -30 52 -77 34 25 0 52 11 46 21 -95 -81 -26 -93 -28 31 90 -85 62 -85 80 85 -87 -81 94 -6 -8 -78 81 29 -97 63 57 -59 -5 -90 -20 -45 -62 -9 -73 -3 -73 29 -75 48 -15 -69 -82 36 26 -4 -81 -37 74 76 -19 64 76 78 -35 42 -8 -69 10 79 -34 21 -84 -3 -18
1 38 -49 -44 63 70 28 38 73 77 66 -34 -90 16 -9 63 -42 -91 -72 -14 -46 -90 15 -46 56 84 64 -98 9 -18 92 -28 48 74 11 48 -84 82 94 -42 -53 96 -66 63 2 -3 -19 94 -82 -61 33 -30 69 38 -28 18 52 10 76 -67 -68 60 -11 -24 10 52 -23 99 93 -41 -68 -19 -72 34 -81 -32 65 -61 -40 -69 -42 -57 51 51 94 54 -17 74 14 -35 83 34 -94 -100 71 28 6 -44 23 26
-76 23 63 58 86 -76 -26 42 -28 -30 85 95 54 51 -86 4 -15 -28 78 -30 12 55 -78 79 -33 -92 -39 -83 -75 -70 -100 68 37 25 -55 65 -84 40 -64 -11 -96 81 -68 38 60 33 92 0 59 -39 76 -14 24 55 -99 87 -1 -60 -79 -19 -47 -2 -13 -54 -49 -73 45 -91 60 -82 -2 58 80 6 -82 68 -79 6 -18 22 66 -51 -79 60 -95 96 3 53 86 -69 2 13 -40 -78 85 49 43 -24 49 -47
2 96 -21 -34 94 64 80 7 58 70 -29 59 -39 -43 -51 -92 -99 84 86 15 -89 -16 30 2 45 47 53 47 -10 46 -51 31 -62 36 55 -89 -24 -17 6 -39 -64 1 -40 -5 -94 -31 40 39 -6 18 -5 -59 3 22 -81 -34 -36 -34 -32 -94 51 -57 -37 31 -2 22 -93 14 77 -53 68 43 -5 -75 -88 -13 -68 77 -62 -50 78 -98 -20 -38 -6 -31 -63 34 59 -47 -36 -12 64 -56 44 67 -24 -40 0 48
-77 -54 19 84 17 28 -36 -82 98 -52 49 83 -14 49 32 17 5 90 -53 28 89 93 -35 -91 23 -80 -63 14 -93 -88 33 -96 20 -94 -84 -64 -37 -52 8 -95 99 -31 -22 51 -100 23 -52 -68 -61 -68 69 -7 50 7 -61 -17 -3 -44 -70 -76 -2 -34 -9 -89 61 -92 -100 -35 47 -70 -84 -59 95 -2 52 -91 -100 55 -41 61 -59 -86 -17 69 -4 -34 -56 -14 69 8 -83 90 37 95 -61 16 12 7 95 67
-73 -58 -88 -10 -14 -67 -94 -85 59 83 42 19 -6 -61 95 77 -31 -66 -50 77 -77 6 -59 -68 24 62 -72 69 -54 -37 -82 -10 20 -26 -70 27 11 97 59 -23 51 -69 -9 98 85 76 28 -32 24 20 -40 -10 -35 -73 64 -43 -90 -84 -49 62 -99 -52 54 -4 14 95 88 -27 4 -64 -9 7 23 -44 70 -49 58 -43 56 -8 63 37 -99 58 -69 93 78 50 -80 67 -43 68 -96 84 95 -23 7 26 -62 93
-99 -7 -59 -91 2 2 1 16 93 -74 -73 -84 -78 -13 81 31 35 -31 95 8 -6 -93 -42 -22 -24 73 61 3 -90 67 -13 66 76 73 -26 -73 -92 76 89 -43 57 -60 10 50 -35 -54 -100 41 -23 -94 92 -31 60 32 -96 86 -20 -94 -85 -31 -96 64 -52 -78 -30 -74 44 40 66 -9 84 -73 -9 -64 -97 -54 36 -45 63 -89 -75 -30 -88 -51 -56 -76 65 11 -74 28 22 -79 -68 -86 12 -42 -5 -78 2 -59
-79 -35 -62 18 -78 39 -83 25 69 -93 47 -77 -67 -45 90 -52 13 -46 9 -76 -37 -36 -49 53 -22 5 -47 -49 -35 -58 -93 13 69 88 86 0 84 -77 -60 -27 -58 -20 39 -88 85 52 -78 6 -3 70 -81 62 11 42 38 77 -52 -22 -76 94 -81 46 25 -88 -13 58 -23 63 18 -29 45 -77 -1 -90 36 13 -39 -89 53 -50 -56 37 -34 -83 -6 -53 -81 -69 91 67 -38 -95 39 58 48 60 -75 -8 -67 98
74 -82 61 85 83 38 -49 -34 -68 83 -32 54 27 48 -38 -25 38 43 11 -34 -3 99 -16 98 -13 -5 -9 22 94 -31 10 -6 50 78 -75 -27 13 -36 22 -66 69 -34 41 91 -58 90 -27 58 -83 -75 51 -16 23 -95 27 35 -82 2 -87 10 -24 56 -6 -13 -34 69 -5 2 80 -66 3 -56 16 44 8 44 -31 11 32 -52 -18 -33 43 6 -61 -35 99 72 27 22 85 38 -36 -45 -22 -60 88 -71 -67 21
-43 7 34 -69 88 33 -26 -77 -62 -34 44 -71 84 -40 97 26 -57 60 96 -7 -15 -79 68 8 15 -100 0 -52 60 89 -19 -45 36 -6 -60 -29 1 50 6 -91 30 12 -37 -47 -45 -30 -29 -43 14 -15 -85 -24 25 51 -37 -76 -100 82 -52 -60 -40 -78 45 -35 -28 53 -45 -90 -82 7 -15 -24 75 -98 -11 83 -67 -58 -19 79 76 -13 41 15 -66 -22 -46 -15 50 -3 39 -67 -22 7 24 -35 -76 -26 -55 -86
35 -79 73 -76 80 -38 -95 -27 -15 3 -66 -61 -9 27 -77 81 85 -97 -28 -84 17 -40 -10 25 -36 -19 38 59 67 -14 80 -87 0 74 9 -41 24 -65 -16 4 1 99 -59 76 36 51 -65 -26 -17 -8 -75 -29 -45 -12 -85 -95 -31 36 63 -20 -10 69 62 -95 0 -7 89 35 36 -23 92 83 27 28 28 88 -4 -88 70 1 51 9 -56 -35 -68 -73 54 -47 84 -81 -85 -43 -97 63 66 62 94 -31 -9 -65
60 -55 10 30 82 -60 -58 91 -46 -93 -81 -55 76 39 -6 -35 50 74 74 -76 -63 -70 70 -34 -89 95 12 58 -26 73 54 85 85 73 -91 63 42 44 77 -32 47 50 19 -37 -17 54 70 87 -55 74 11 23 -71 90 41 46 -64 -70 10 -95 55 -31 86 -97 10 42 -66 -52 -12 0 34 81 -36 23 -42 34 18 22 -82 61 2 -35 -16 -12 -63 1 56 -75 5 -5 -55 31 -34 16 -23 -35 75 -70 -43 27
10 -63 2 -78 92 42 -73 76 -20 95 -41 30 -88 19 13 51 -62 -58 -97 16 79 9 -45 -30 98 -64 -83 -18 -62 32 78 -80 -86 91 21 56 3 -63 45 21 24 53 -68 92 57 -76 -85 -45 -88 -32 -50 -95 -41 -23 39 -70 -77 -63 -36 -15 75 -52 -29 -5 62 -80 -21 -7 -25 -71 -41 -45 -62 30 -41 -64 99 -15 -5 -40 -46 24 -41 34 24 67 -95 3 58 30 -26 -21 -58 56 71 -52 71 37 -5 94
99 88 -87 -46 59 22 93 59 10 58 45 74 -13 44 95 -85 -88 -88 -66 -66 -93 66 68 -9 -25 69 -98 -37 -89 -17 -33 1 -3 -79 -82 20 9 -86 -2 3 76 72 16 34 75 -95 29 -46 20 -99 53 59 61 27 76 99 2 67 57 -93 -82 10 -81 86 57 27 -57 -80 -24 18 -46 -93 -50 79 62 -46 7 93 83 82 69 41 -28 -80 21 36 39 23 27 -79 37 18 34 21 -65 -5 -82 -89 99 6
77 -53 57 36 47 96 17 79 -91 -82 -84 -13 32 29 -58 -41 24 63 -44 1 -60 -8 65 27 61 -63 -87 -73 -12 25 -57 1 -12 8 44 43 -46 -80 -66 18 -5 -59 -33 -21 2 -71 20 45 -12 54 86 -6 -90 -22 84 24 24 87 -30 -72 -35 17 97 -67 39 -33 -20 -61 9 -5 -44 -98 -37 78 -60 -62 35 94 -8 48 89 9 49 9 -42 93 -18 61 -22 -31 -32 -65 11 -50 -61 -7 -98 -68 90 -82
-52 -65 21 -55 -42 -74 -4 -13 -92 82 -37 -60 -34 43 18 -50 60 -20 24 43 11 -58 -76 5 89 2 67 -31 -11 21 -38 -32 -90 11 -72 -48 9 -51 -85 -47 -10 -22 74 -56 79 96 -6 36 -21 89 -51 -6 54 14 47 18 0 -42 -65 19 21 65 3 -58 94 64 -93 28 -35 -85 -98 -55 -73 -58 95 -68 99 93 56 -82 -13 -63 -65 -29 -94 -12 -44 -50 12 -81 58 -34 65 12 -41 -50 -44 -67 77 -39
37 -26 27 11 21 47 -68 35 66 12 -69 -39 5 5 -34 -11 68 -73 53 87 -54 -21 47 0 91 91 80 -34 40 80 -25 -43 -27 49 13 -10 -99 12 -85 -75 -2 -70 98 -20 -27 41 17 49 85 -57 22 17 -99 -83 75 -51 -91 -75 -39 -43 -97 -54 93 14 -9 14 27 -68 -89 71 -26 -63 -24 -77 14 -16 -25 -8 -61 66 -89 -47 80 93 -78 -86 -57 -58 -60 -54 56 27 -54 -87 -66 9 33 -2 37 4
87 -10 -30 50 -94 70 50 62 10 69 93 91 6 17 32 -28 5 92 -33 91 20 27 -54 30 28 -58 -88 -63 -1 -53 -44 -100 -41 -68 28 43 -87 83 -66 83 -42 88 -1 28 81 0 -29 -61 49 -76 58 -40 47 76 74 -52 -60 -66 -8 -70 -16 -32 82 -6 -17 -43 49 -55 67 -50 -22 54 -35 -62 63 -66 15 -28 -34 -84 -86 79 43 5 -29 32 -97 5 -67 -69 -83 -76 69 -70 -53 59 46 -37 -98 -93
-35 -46 -14 67 -66 73 -2 -51 13 49 -38 8 10 14 73 -60 69 -100 -98 -71 -71 -100 67 -43 48 49 -26 -82 80 -56 -55 -63 92 6 90 17 13 67 32 91 -73 -55 -1 21 61 -73 94 -78 -49 58 -70 41 42 -49 63 -75 25 97 -3 31 -90 95 -29 -55 -99 99 63 17 6 48 -59 -82 52 -74 25 76 -60 -6 23 73 12 96 -40 -69 -24 -13 -50 -95 72 -34 -99 -40 -5 -29 36 88 27 82 25 84
-26 -32 -82 -93 67 84 -47 7 92 -5 -13 -66 -29 -73 45 -87 -32 -82 34 -24 80 95 73 -51 -58 11 44 -73 19 66 8 -71 2 25 -82 -58 -79 -2 -80 -96 -52 -38 87 45 26 24 -83 -15 52 -73 57 -57 73 -98 -90 -70 -27 39 -8 60 8 32 -91 -38 -62 2 -21 -42 38 -72 -19 -16 -92 56 -68 0 77 -28 -39 99 96 95 -95 -75 -29 8 -19 -51 43 16 -47 68 -72 95 75 -83 92 -23 98 65
-32 -82 84 -89 75 80 -1 -63 -56 -18 76 -90 -19 -67 7 -12 -39 -54 -12 -86 29 -46 -29 70 66 14 -86 66 -32 -8 -68 96 85 42 -91 10 -28 -8 62 -96 82 85 83 -8 -89 -95 -91 45 -20 62 -56 5 -39 -33 98 -68 14 -75 58 -50 71 81 -11 -31 46 -76 -74 72 -87 -83 65 -55 70 8 30 21 86 24 -62 -16 23 3 46 46 -83 43 -17 -14 29 14 2 11 91 85 19 64 -69 -64 -64 39
99 7 -94 91 -17 -53 -6 -69 65 94 28 -7 98 -45 -78 97 1 -91 4 93 60 42 60 90 10 -63 29 0 82 61 -16 -55 -31 -6 81 -26 -44 3 -96 39 95 58 40 67 -85 -76 94 59 82 -92 -21 -17 17 53 -79 -87 31 78 -72 -57 -48 -79 56 -5 39 67 66 -95 27 -50 -24 -37 52 -56 -4 79 21 53 52 66 90 -34 -33 74 -20 10 1 -17 34 -9 50 95 48 41 -81 45 92 29 13 -38
33 88 23 39 77 -14 -74 -70 -67 38 -67 52 71 23 -11 -67 -95 0 32 -87 40 -76 64 -46 -85 -60 -12 -51 0 -24 -8 46 -52 -92 -23 63 -28 79 47 15 36 15 25 -38 79 40 30 24 -55 74 -14 -11 -56 -82 49 93 33 -76 -14 -7 36 -46 -11 -14 26 13 -39 30 -84 -19 80 -43 7 12 -37 10 19 -43 -9 34 -38 -16 75 -36 8 71 0 -45 74 -10 96 27 39 7 -88 76 57 64 -63 46
-100 50 71 14 25 68 -57 14 -91 97 -93 -99 -12 -8 -86 -91 30 3 -69 -4 24 -28 -66 -87 72 -76 -82 11 82 53 4 -48 20 -40 68 65 -16 -11 13 -89 -8 87 90 95 -25 29 -78 74 -26 -49 13 2 -22 71 6 42 24 43 -29 -60 25 31 -9 52 77 78 -50 -61 -27 61 69 -82 -38 78 -53 -21 -31 -99 67 29 31 -41 70 53 -89 -29 92 -61 85 9 74 -99 74 27 84 -5 68 -31 90 -69
60 -77 -67 -38 31 31 -98 60 -30 -43 -69 -74 35 -1 95 47 25 70 -7 -9 21 53 -63 -28 -62 43 33 10 31 -75 -49 40 7 14 -35 -57 -14 -54 -27 27 -56 30 -95 50 75 -13 65 -95 -11 48 -45 -74 -4 -99 -61 -60 -46 99 96 -54 -60 69 -2 88 -2 6 36 21 13 -78 -37 51 69 8 36 -49 -92 38 -81 -25 25 20 1 -11 -80 -27 -92 -32 -16 21 -10 22 69 73 -85 32 33 54 67 -94
7 -16 -5 50 -85 88 -61 44 32 -8 14 14 32 -64 30 -72 -88 -62 91 12 56 -80 -43 -92 45 83 -84 -34 85 -2 -97 19 -44 -27 -21 54 55 97 -65 61 -72 99 -30 -57 45 81 -94 16 -80 17 14 39 95 -84 66 13 73 55 -36 -11 88 -31 40 98 -2 85 5 -28 36 -92 -51 69 -78 85 -72 -88 -40 59 65 41 64 -55 -78 18 -80 65 57 -83 85 -75 -10 96 69 -50 37 52 -28 -60 -4 -95
-77 -98 98 -70 26 -47 86 -92 -90 24 -84 -78 55 -7 -32 -14 -72 -27 -91 -30 85 20 -98 -37 11 44 40 53 97 70 56 69 -11 95 96 -64 99 91 -88 -54 -33 -37 6 16 -22 13 14 56 9 22 25 54 7 40 -56 -38 -25 1 -97 -23 -87 -54 -70 -49 -89 92 32 41 13 -81 -17 -77 -60 74 -30 -46 54 92 64 85 -9 91 -18 71 -61 94 -38 -73 2 -87 89 -63 26 84 39 -72 32 48 -73 89
-31 12 14 84 70 -26 -52 89 4 -15 -82 -1 72 81 7 36 48 -60 -2 46 -79 96 31 -41 -82 77 52 -90 -50 -56 80 47 -6 -80 44 -19 39 33 -76 -78 60 3 94 -97 -47 -17 -79 61 -65 -41 -79 74 -91 -71 -55 95 19 -55 -80 16 -51 -86 14 -7 -15 -62 -17 -42 19 -62 -91 7 -36 -53 87 -76 -35 33 43 -45 75 -47 -30 -54 41 -35 80 -16 -73 56 -93 -2 -20 72 35 2 -61 2 6 63
-72 -77 89 -79 59 28 14 -49 -82 33 89 -54 -70 70 -99 27 0 71 -82 -98 -53 -46 80 58 -92 -16 60 39 -46 64 14 23 -64 17 -79 -45 -54 40 29 -21 29 -19 89 19 99 -41 55 -1 -28 60 -53 -32 74 21 -56 -94 -80 3 87 -79 -16 -4 -1 -85 14 85 27 -5 54 49 35 -84 -42 -98 2 74 40 -44 -60 -57 26 -76 -35 -99 28 87 -55 -76 70 -84 -69 -64 60 26 7 -42 -80 24 24 22
19 90 -63 4 19 48 -6 13 97 -54 -31 96 87 75 53 -98 -60 49 -31 77 13 3 -21 8 22 97 87 -22 37 -32 90 -95 -81 -45 56 -18 -17 32 -39 -24 76 53 33 4 -84 99 60 8 11 51 75 42 -63 -1 -2 11 66 28 5 83 40 -70 72 81 -10 -12 -85 26 -69 64 3 16 -24 51 94 39 98 -60 -12 18 65 77 18 87 81 -93 -20 93 -53 78 -86 42 7 -99 96 30 7 93 -9 48
25 -91 -34 -23 -28 -12 23 16 87 -31 22 68 -71 63 -47 55 -42 -45 -86 64 -56 -93 -82 36 76 76 -93 15 68 79 69 52 -9 -88 -11 82 24 30 88 73 -32 -48 90 50 16 -65 26 92 -13 25 -48 -77 -66 30 66 -42 46 93 -6 24 -90 72 -93 37 76 90 -88 83 -38 -20 -80 -27 -42 -70 38 92 -10 85 -91 -5 -86 -9 59 -61 56 -5 -7 -28 -33 66 30 55 -36 -47 76 -3 -50 -55 -17 -22
89 -12 -48 49 42 88 -86 23 -28 77 -68 -67 -31 63 43 66 -23 -41 81 32 52 58 -85 49 47 76 18 -29 -3 84 -50 40 79 -98 -12 -65 50 -30 -70 -8 -15 -17 -100 -45 -10 -30 8 -86 -6 -75 -68 41 3 73 -77 -48 -94 0 61 -66 18 6 73 12 -44 36 96 15 21 13 -7 -30 -74 -98 -41 -19 -84 -62 -4 85 -54 20 -9 46 26 -35 59 37 -63 -72 -81 56 -82 71 18 -11 -99 -90 40 85
-74 -78 -86 -87 -96 29 3 -19 -91 38 -100 53 89 69 -59 33 -73 -95 84 17 99 -68 63 45 27 -95 -47 -44 30 -55 -86 -8 18 45 -53 -42 -98 -74 -43 61 56 -18 59 -98 -37 89 42 -34 47 57 -68 -66 12 33 19 -70 12 81 74 -81 -9 -17 -24 -49 -38 -10 58 23 -18 -82 -45 44 -37 -13 -43 82 -16 54 -38 -92 -28 51 24 95 -26 -9 -75 39 -66 -40 55 -59 -46 -78 -39 18 -15 85 99 -21
54 3 -18 -60 -100 -13 9 71 81 60 4 77 36 13 -91 88 1 46 -94 3 33 51 14 84 47 -51 -93 -90 -2 -34 69 93 -24 -85 -28 -87 82 -74 5 -52 29 -61 76 80 -42 16 -31 44 64 -40 77 -77 61 17 -42 88 43 93 -52 -52 57 40 -60 53 -15 36 -22 2 -30 83 -55 -21 69 -21 37 -19 -28 -88 -8 81 -50 -35 47 77 98 -57 -35 83 -83 83 -89 73 52 59 -81 -78 -26 -95 68 27
95 -67 -86 -34 63 -32 86 -17 -69 -82 -3 -18 -77 -80 12 -70 -47 30 34 -100 -62 -54 8 21 65 68 -52 -48 23 -59 95 57 -23 -59 76 96 -13 70 -86 79 -29 93 55 30 -3 -68 11 -21 2 14 -80 -71 -11 -52 -31 85 53 -69 -1 13 -38 -83 28 69 95 3 97 -19 -90 42 -5 25 -11 7 15 -74 -57 41 -32 -43 99 -41 -99 44 30 -24 40 -75 13 97 18 2 -6 61 32 17 14 -93 -79 17
-40 -47 15 66 17 -85 24 36 -91 -4 50 -67 -15 -9 59 68 -37 64 -38 92 -60 -46 10 26 -89 -46 54 90 43 33 -94 61 5 -33 -1 -88 76 -26 -43 89 91 -12 32 57 99 -13 -88 57 -94 -66 -1 -87 68 -51 49 98 38 -3 25 29 6 30 37 14 -87 -23 -81 21 -31 -62 -41 44 76 -54 85 -2 -84 -13 53 -39 -72 30 84 60 -91 -54 8 59 95 -50 -35 58 3 12 -64 -40 33 15 -79 79
56 -56 -10 51 43 61 51 57 61 -2 -44 68 -47 -24 59 -99 -48 -74 60 -85 8 -55 19 10 -41 -6 37 -13 -29 -12 -50 51 -47 11 -12 32 30 -9 56 36 -44 10 8 65 -84 66 -62 63 -99 19 51 -81 75 31 14 28 -36 -26 -61 29 57 72 3 31 -67 52 5 15 -2 -86 -96 80 -30 81 84 -42 0 -16 -34 -96 -87 77 79 -80 67 -72 82 4 -71 32 28 53 -96 -47 75 83 -81 -57 99 -91
-38 14 -81 87 62 22 -60 -50 19 55 2 -60 -67 -36 77 86 -47 -28 55 89 -33 57 66 -45 72 -30 -38 87 -51 -62 -59 -66 -93 -18 -44 -37 -59 -13 65 39 31 -19 99 92 9 -11 25 -46 66 95 53 -64 -69 79 -17 -9 -47 44 -26 -63 -28 -21 99 -9 59 26 73 -35 25 46 68 9 37 28 -51 50 42 79 -80 33 82 -65 29 38 98 -97 -28 69 -3 -71 -84 9 -52 -9 -86 73 99 -56 49 -77
-23 -89 61 -37 -44 -53 -30 -93 -35 -56 -76 82 89 -81 -65 67 67 43 14 -73 25 -75 16 -50 -98 89 34 97 -56 33 68 43 68 40 -87 -31 28 1 42 -19 83 8 50 89 25 28 -33 94 -22 40 -13 32 45 87 69 57 24 -95 -80 66 27 83 -61 -83 -46 -37 -54 4 1 -37 -31 -27 -28 -43 70 -65 54 -8 -39 -57 21 40 63 31 52 -9 -2 5 -33 -36 -16 0 99 -60 61 -8 -13 81 -66 -95
56 -49 43 66 -90 -76 -1 -35 -85 31 -6 -5 71 -46 -29 72 86 -74 42 74 -41 87 -70 41 4 -82 -15 28 -77 6 21 9 54 -99 59 49 4 30 30 36 65 -22 -37 -6 -26 49 -86 25 36 -39 -80 -26 -18 -6 -9 46 83 -83 50 -56 -68 -74 64 -49 71 -72 12 -87 -69 23 17 50 -96 -23 23 36 66 -44 3 -60 -92 54 48 -78 -46 11 52 69 -16 88 99 70 99 98 -22 2 -65 39 73 -52
26 20 -76 -56 -9 -72 -10 -38 -17 -49 28 2 80 -48 13 -33 78 -97 -62 85 4 73 -17 -13 -1 -92 -3 55 -98 -38 -69 67 -47 71 -62 -31 -62 -23 -64 57 -11 -12 -68 -74 -37 -6 34 -45 -67 -83 11 83 -33 -84 -20 88 -65 -7 10 -11 3 -38 91 -94 -93 -63 -40 -57 -31 45 76 -86 83 29 15 59 64 31 96 82 -100 -71 -31 -56 28 -88 81 93 -9 -42 24 0 -12 64 -54 57 15 -3 90 41
-86 5 31 -62 38 -30 -65 -54 2 55 -19 -62 34 52 44 -54 -74 47 76 -15 93 12 -81 -53 46 29 90 -99 71 -25 -2 31 -86 -83 46 -80 -74 -90 69 -52 88 -60 69 -55 85 -27 -37 -82 -73 -68 28 3 -74 67 -63 75 -80 43 51 -29 13 11 -82 59 90 -78 -79 -37 -59 23 66 22 8 16 -38 -36 84 -36 62 -11 -13 -3 61 -50 37 39 47 -66 68 -9 30 -2 -29 33 -43 -37 42 11 8 88
67 30 6 -79 -55 21 87 -56 2 73 42 -13 57 -4 92 14 4 49 16 -49 -27 -30 22 -78 -85 81 8 -39 25 47 2 77 93 -66 98 -47 -45 87 -96 21 -70 -88 -57 67 -32 -44 43 -5 -81 7 91 -87 -61 76 46 46 -81 -91 90 -43 14 -23 -18 35 -27 -14 -65 -4 9 -80 34 26 16 76 -5 -81 55 -22 43 2 68 -42 -40 87 -29 -30 -90 -82 -56 70 52 1 -58 -56 -14 -52 88 19 5 11
45 63 -95 -92 69 52 -80 96 -88 81 -93 -25 -91 -82 -51 -94 -12 77 2 -99 -44 -81 -98 -37 92 51 -88 32 -9 -80 44 7 -57 22 -70 -1 -76 -71 -78 -22 -71 59 -11 -88 -47 -31 -34 -33 33 30 71 -61 -7 55 5 79 -50 -1 92 79 0 25 59 -34 -29 -82 46 2 -94 -90 72 -84 -27 2 8 -77 27 75 -22 -63 27 -40 8 -62 -86 92 16 -26 -24 1 -96 2 20 77 11 -39 -78 87 -80 33
7 -15 -61 67 -49 82 -29 -62 91 -5 47 -9 -17 6 -98 29 38 53 -49 90 97 -60 -69 -64 54 -79 -31 -46 -17 22 -90 75 80 31 -69 -97 29 53 7 48 -34 -46 -17 77 -55 -66 -68 -44 61 84 20 -59 -22 89 -39 53 -93 -63 -2 -71 -2 -18 -51 -76 83 -44 78 -59 74 -68 74 74 4 -61 -44 -84 73 93 13 -35 74 -72 -86 -24 27 -77 14 52 -80 -54 -10 69 -85 88 -31 -89 -90 -8 -89 -24
15 60 -51 -37 -77 73 7 -37 75 -29 27 -26 59 57 50 -32 3 35 -31 -13 35 53 -9 58 65 3 86 28 82 -9 -37 -70 -33 -86 86 34 42 -95 56 -63 71 44 -94 -56 -83 -51 -55 40 -82 87 -62 37 -56 28 37 -92 -87 64 -34 -94 -49 -43 -1 4 8 -50 -25 85 -35 -15 81 25 23 -75 -89 19 2 55 66 -67 -56 -35 -29 68 -2 26 -43 5 60 -63 -23 -57 -77 62 15 -55 -77 -11 84 61
52 -52 -56 -20 28 -77 -61 24 60 0 58 -72 93 84 -9 -84 2 17 -62 7 -52 -83 -48 -61 53 42 88 3 13 -85 16 36 10 55 -30 24 99 -32 43 -36 57 88 -24 -1 -90 60 -43 -24 29 -92 -92 -23 -73 -96 89 -51 4 -11 -49 71 55 -6 9 -17 58 -86 -22 44 74 82 1 37 48 48 -21 61 45 -99 -88 -94 -69 53 77 -92 19 80 86 25 -49 -73 92 -21 -25 -59 -69 -59 -74 -95 -8 46
1 -78 -84 -77 74 -36 20 -77 84 19 -100 73 -13 -33 58 -100 90 -6 -69 22 0 -29 9 22 -27 89 90 -55 49 -89 11 43 -63 -75 -64 -46 -8 -72 -28 -39 -69 -97 -17 -31 -24 -80 99 76 18 -87 45 1 -65 94 -17 -1 -95 75 -11 66 60 91 57 -52 -74 -80 -33 -67 59 68 -75 22 -19 40 -5 -19 -84 4 -43 -37 12 35 -91 12 -2 57 17 -20 -4 29 -5 -31 49 -94 42 12 -7 16 -81 48
-5 3 41 35 11 18 53 95 61 -1 -7 78 -4 51 49 49 52 74 -39 59 -64 -48 80 -74 -99 32 -84 2 -55 98 16 -31 1 92 -98 -51 -32 36 31 -45 61 -2 -97 -100 27 27 71 -15 30 51 -100 23 62 79 -14 16 68 53 -25 -40 2 75 -72 10 58 14 40 36 70 2 2 -30 -82 60 -34 -74 16 -66 -61 63 -13 7 12 -11 -67 12 64 27 -49 77 -24 17 42 -25 -69 -91 -33 33 -85 -92
-59 -98 92 -8 92 -71 -31 77 42 -39 44 86 -1 96 86 5 -56 -5 -50 79 -82 64 -98 -68 41 -25 -88 -13 94 82 -76 -77 -31 -89 -98 -89 51 -53 45 55 -44 -100 -26 14 71 -16 14 97 -22 20 -57 -32 30 3 -6 -96 29 -65 -71 -89 72 6 38 23 -92 59 -55 -39 97 -14 69 12 -85 97 -46 -57 -86 -66 87 -86 41 -29 -38 48 -77 58 96 32 -100 22 -45 74 -57 7 49 45 -17 15 -4 46
-66 82 93 -58 14 39 -54 87 82 -1 24 92 20 -54 62 71 34 20 8 40 79 64 -10 -61 94 58 -26 37 71 39 42 67 34 -20 96 -64 27 65 -4 83 -76 0 -14 78 91 73 83 17 24 -17 31 70 83 34 21 95 -41 43 21 82 -34 -80 -6 -34 -82 -78 99 75 51 32 22 -4 -58 73 29 13 69 76 78 -21 -65 -57 93 -100 17 -23 -82 -73 70 32 -10 -98 -14 -38 -26 -48 5 -37 -13 97
97 -80 -70 37 75 69 95 48 -90 -34 -42 53 84 -25 72 40 54 -95 -24 50 -15 16 -85 -14 89 91 68 42 -79 89 -19 89 -45 10 28 6 -84 95 -47 -84 -78 12 -62 97 40 -14 -87 -67 13 43 82 80 18 70 -75 27 -3 20 -35 -80 -91 -47 -85 -76 -58 94 80 98 -70 45 -30 -96 72 -10 99 96 -63 6 -52 31 -91 18 20 84 -45 -31 -25 -76 22 23 14 -55 76 -39 38 23 98 3 -3 49
-39 16 -43 2 91 -9 42 -24 58 -75 89 59 -29 92 -32 56 0 -15 37 79 6 -44 30 -56 -37 58 45 -18 -21 25 64 -16 80 -34 24 -41 -33 61 85 -8 -6 21 -24 35 -68 -8 3 -80 -41 -20 31 -48 38 -29 60 -32 26 85 16 -13 -100 39 83 3 -89 -87 39 27 63 62 -21 94 24 30 71 -23 65 92 88 77 -25 32 -69 -47 -41 -68 -15 15 37 -69 -75 -41 27 1 81 -81 -86 93 2 -83
-83 29 -76 7 -21 -48 -45 -19 -90 50 -5 -65 -97 -67 50 -97 86 16 -8 -18 -31 61 -66 80 -21 -68 14 69 59 58 -93 -53 14 15 -52 39 4 43 27 -39 22 -12 79 84 -63 -67 -63 -29 71 -16 79 73 1 -90 -37 -95 -59 48 57 -93 39 -26 30 37 86 -1 -27 15 24 21 -92 2 -14 4 82 -55 -54 16 -18 20 37 -47 -5 -17 -53 -91 -86 -62 -26 -38 37 -49 -85 40 80 2 75 36 57 -43
3 44 96 -7 44 44 22 77 4 -41 -7 92 70 -32 29 99 -67 82 -42 78 -73 1 89 23 -15 21 43 -81 32 -77 26 -8 17 4 -22 -34 85 32 -58 42 -25 -78 39 -43 -65 11 -83 -88 -47 12 -40 78 86 45 42 -73 5 58 83 -59 54 9 80 13 -63 71 84 66 80 -64 20 -90 30 47 20 -25 38 -74 85 -17 -88 -59 -53 -61 8 -77 -53 17 80 27 -99 -24 86 3 10 12 13 -84 50 18
52 34 -48 -8 91 -53 59 41 -88 35 68 47 -18 97 -73 47 -7 -91 0 -7 20 -30 -61 -81 37 63 -75 29 23 -44 25 13 91 -86 40 22 -71 -74 56 10 -3 -89 61 6 -25 82 -79 -22 51 -3 24 86 -32 82 1 -7 92 -43 -23 -58 88 -40 86 64 -98 39 -43 10 -16 -64 87 -68 -95 -53 97 34 -55 44 80 -64 39 -23 -85 49 -39 86 -31 17 96 -44 99 35 -95 -50 36 83 17 43 -31 -12
96 -90 -72 91 77 92 -97 -69 -16 26 80 -49 9 95 -38 -78 86 28 -23 -46 -12 83 -33 -56 -54 5 -5 81 -77 -30 33 9 -84 46 95 30 -24 -38 71 36 -48 -85 86 45 -14 7 37 95 -58 42 63 -61 18 -32 -98 -12 -9 85 96 84 -6 -89 70 63 79 36 -64 13 -90 -18 93 -24 69 -39 78 62 89 8 53 18 -63 0 -36 35 33 67 34 68 38 -72 1 -81 -23 74 -41 -21 85 34 59 -19
73 20 -4 1 91 71 26 28 -5 74 66 31 30 65 -63 -63 9 -50 14 82 -27 -61 -62 -38 37 -27 92 -6 -32 88 -25 54 -77 70 11 67 -54 -96 63 -71 -83 -33 -33 -76 26 77 74 -25 -44 -14 0 -51 55 -57 -79 82 38 -52 65 -24 -38 95 -92 58 -80 9 57 -21 -87 38 -93 -78 89 53 38 -18 46 -82 38 -89 -26 -64 65 -44 30 -67 49 20 -5 0 54 -28 93 -49 -98 -42 -24 89 69 24
-11 -100 81 -24 13 18 -74 77 20 67 57 62 65 -69 -46 36 -6 -90 10 -40 -37 9 -14 -16 -26 70 -22 24 67 57 92 15 99 51 -91 -22 -40 24 -4 -20 -72 81 84 31 72 -48 -93 57 37 -36 -42 43 -97 48 -97 -28 -41 33 31 47 -20 46 9 -40 -56 -12 -71 24 -87 3 -42 60 -34 -46 22 66 -76 -20 -57 52 -84 51 86 52 -19 88 2 -95 51 77 93 -14 -35 56 -30 3 -15 2 74 42
-34 38 -13 65 -50 25 -73 -60 -82 85 34 98 -37 -97 24 17 21 37 -38 -74 -6 -51 76 -93 -69 -30 -80 79 10 -15 61 4 23 -84 -75 64 -90 84 10 41 -59 -98 -11 -5 -80 -85 -8 53 -85 96 -65 88 41 -44 74 46 14 -39 -98 -32 -80 -48 39 41 -22 -7 54 9 -7 -87 -73 10 16 30 -63 19 90 35 -6 44 57 67 77 0 -13 50 -63 69 23 71 -11 99 59 -20 69 -94 29 -78 69 89
-16 -89 -27 44 -40 -85 -47 -56 3 -54 46 -5 -42 66 -74 -96 -37 28 64 17 -12 -84 -60 41 59 97 54 75 76 41 74 -11 -78 -66 5 39 12 92 -45 -69 -14 19 58 41 55 -5 -21 -88 10 4 -33 -89 93 -49 -5 -90 91 87 80 83 -17 -40 6 6 21 16 -8 -95 -77 -59 -16 6 -36 63 -84 -6 43 -32 24 -36 44 -97 18 -76 -28 32 1 -81 -66 23 -58 -50 -83 -3 -15 7 50 74 72 -54
47 9 44 -35 65 -88 -74 23 88 -54 -26 10 30 -87 -46 -39 18 35 -25 -95 -52 0 98 10 50 94 62 -88 58 77 41 -79 -95 -14 -16 88 20 64 68 -45 22 14 -10 -60 -10 -36 -89 -52 -74 -48 -34 24 -34 73 -60 78 -36 70 57 -27 -98 -17 -14 -36 65 -77 15 68 -66 53 35 95 3 -47 -84 -30 -52 -95 84 32 51 -70 -4 -65 35 57 -66 79 -81 30 -85 -95 40 -16 26 72 -75 28 -95 25
7 18 80 84 -61 12 54 56 -50 8 42 36 -45 -66 -85 -11 0 -59 75 -41 -93 -86 -40 -40 69 -19 77 59 32 91 62 -59 -79 21 90 14 97 47 52 14 83 -11 58 -55 -21 -65 -3 -12 -50 62 -11 59 98 -54 76 55 39 23 25 -37 72 16 -48 -38 11 -58 -94 -15 -42 -54 -51 -6 49 53 -89 -89 -87 -40 76 -76 -21 -100 -35 77 -92 13 -89 -46 76 5 83 31 -54 40 37 58 56 29 42 -12
28 97 99 59 34 8 98 -16 63 28 -17 21 99 -93 -93 -10 28 -91 97 -88 91 -53 -77 93 28 -43 28 45 -1 -37 22 14 82 0 17 -30 50 27 -54 78 19 38 -9 78 23 -12 7 -33 33 69 -19 -38 -80 -66 93 -44 64 -29 64 -4 -53 63 88 -68 -63 -31 89 2 87 25 27 44 54 -36 30 -33 79 17 36 -91 -1 32 0 20 -85 -17 21 86 30 -48 83 57 9 -98 24 -99 80 -80 -33 54
