29 -36 50 -20 -99 -59 72 57 65 30 52 96 50 -37 -14 -100 11 63 -54 69 -74 63 54 30 25 -31 -52 60 45 1 -36 -72 81 89 -68 -66 72 -41 77 -19 -16 37 26 25 -11 -56 -84 -100 53 42 -23 -69 -49 -80 -78 72 -31 -72 -68 91 -58 30 -73 -41 88 -84 34 91 50 -44 3 -22 81 96 66 -24 75 -47 -38 -37 -40 -94 -8 -34 -2 25 96 41 9 84 77 86 48 -43 -92 -54 51 76 -55 33
22 3 61 28 -40 -75 -74 57 54 -57 -73 -67 -75 -56 31 36 -99 -33 23 -13 66 -73 -63 29 -54 61 -64 76 62 2 -21 -9 14 -16 28 54 43 -30 -3 14 -85 37 -26 -22 -63 3 75 -7 -90 43 2 -64 8 49 36 -30 -92 30 -46 83 -33 77 21 -78 -90 14 -3 43 86 -99 -6 -27 -2 76 20 -43 -47 71 -12 -40 -32 74 -23 -29 -25 -71 21 -18 -62 -40 -75 -7 -57 36 56 45 29 25 30 27
15 22 1 -9 70 -94 47 43 -94 -81 -67 75 45 99 -35 63 -48 65 12 59 75 -44 68 88 63 70 -3 -42 -7 -22 -94 6 -1 -99 65 -19 -15 80 -14 -55 25 -98 87 17 -56 6 -87 -6 -92 36 -32 -19 -75 -75 -43 21 -93 66 -10 -29 7 -41 43 -82 -2 43 36 9 76 86 -69 25 -7 -54 -65 -46 -72 -37 -30 32 -67 35 65 -54 -7 58 60 60 87 99 -93 -9 -72 -54 2 83 94 -70 89 -49
-59 -16 -36 -100 52 77 -19 -32 18 -55 -67 -1 3 21 -56 38 -19 52 98 47 95 -37 -23 46 -77 99 -77 66 67 -65 -89 68 63 76 54 87 92 78 49 -81 -99 45 -40 -12 93 52 -38 58 -36 16 -12 75 -95 -29 92 -66 94 -38 54 -61 -61 70 -93 1 -95 -79 57 -80 -17 85 19 25 8 -20 4 -95 -72 70 50 -34 35 51 87 -44 -1 16 24 -4 -81 -21 59 92 -48 -48 -48 -5 59 -72 -77 -99
-22 2 -87 32 -100 -35 22 -65 27 -57 -98 66 -51 94 28 -67 -84 -64 12 16 -95 -96 58 -48 -85 71 23 18 -24 -67 -95 -43 44 -41 23 -41 -54 -46 42 6 97 12 -48 24 -77 14 5 52 -95 93 -52 -80 76 81 -78 75 -65 94 39 -55 -97 -12 41 11 87 45 -54 64 50 -34 -18 -7 -91 72 -2 -4 -1 49 -36 -36 -72 86 -2 -76 79 -95 -34 -7 71 47 93 -15 -51 29 76 -31 7 -93 84 55
-4 -63 -36 -12 68 -45 27 -65 46 52 -16 80 -68 -14 -31 -6 -43 77 -99 35 17 -9 26 40 -92 -74 24 -47 -1 0 68 47 -39 -23 -36 -20 -9 39 -61 70 -37 -66 -33 -71 -33 43 1 -12 -76 -14 -51 60 -62 -81 -22 -92 2 46 56 43 63 -91 63 17 -16 -4 88 -48 42 33 99 45 53 -74 -92 -44 95 1 81 -65 -71 17 36 43 48 -14 17 -96 10 96 -26 -95 -88 68 77 26 -57 -65 94 85
27 5 86 74 36 -55 44 -8 76 18 40 78 -74 -8 30 1 28 -47 59 -97 95 80 -34 -36 36 92 -32 -25 79 -76 10 -90 31 -59 20 -69 4 7 -96 59 34 70 2 66 91 20 0 -31 78 74 -25 82 21 74 44 -71 -38 17 3 -18 -27 67 91 -61 -7 -33 -54 45 18 16 90 30 52 -32 -9 27 -10 -47 -72 -41 18 -84 -59 -16 -6 -18 -27 43 -63 40 10 -21 -37 -42 4 14 -13 -67 -29 -12
-11 81 71 70 -26 93 -7 -20 89 -22 65 74 74 22 5 79 -98 15 -89 -96 -81 -79 67 -43 34 97 -50 58 92 -39 -22 -9 -82 95 -29 36 63 75 -54 -100 -87 -3 11 -94 -84 5 -39 98 79 88 -33 11 -20 62 -52 35 -40 36 -70 -83 -91 64 34 -23 -67 -37 32 29 -7 -82 -73 90 63 -20 11 -70 14 -1 -37 -35 -46 30 -48 65 8 -45 -54 -76 85 78 21 -94 24 -9 67 -55 -17 -32 47 -60
-69 -14 -94 35 -34 -60 -32 -2 53 -78 -46 -19 82 -89 65 -58 -17 55 15 45 -15 -78 -71 24 65 56 10 -79 -52 -33 32 60 -71 -81 -17 23 -92 51 70 -68 -3 -38 65 -1 5 66 17 71 -31 89 -93 -55 -45 -14 1 -15 -82 -89 -24 25 -62 74 -46 -84 -45 3 -74 -47 40 -3 -65 -97 -46 58 85 86 25 32 3 9 20 94 -7 13 82 1 -87 54 -70 39 95 -15 -90 86 24 99 65 17 -87 73
68 42 -52 -88 -99 46 -71 -44 83 55 -94 -52 -21 -49 -91 -46 -16 79 -13 -27 88 75 22 20 92 -57 -36 87 -18 85 -36 -61 86 -85 62 69 -38 10 27 79 -95 79 7 -89 -98 -84 -8 11 16 -22 -9 -87 -38 71 89 67 -25 78 -99 -49 91 -69 52 82 -15 -18 -74 30 -51 94 88 -49 -61 57 91 -62 -24 20 11 92 -65 -40 27 -60 72 -51 -32 -26 4 10 46 12 90 -87 3 94 20 -49 88 39
-33 70 -48 60 -73 -75 -86 7 -37 -16 -23 -26 -79 -91 82 87 -83 36 -59 76 6 29 -56 -98 -74 -36 3 57 96 35 -47 95 -100 10 15 -44 17 13 50 31 82 28 53 86 7 -55 -36 -52 -23 -20 88 77 -25 -39 83 21 30 -33 68 5 -23 91 -2 -74 -14 -14 -36 -61 -14 99 27 -44 -91 24 -99 -83 -72 34 97 50 -81 67 26 22 79 -2 -52 12 40 -1 53 -56 97 -83 56 -79 -72 -63 -89 41
-10 -47 -40 29 -38 88 -57 61 71 94 -29 -22 2 3 -1 -28 -52 -93 -52 -70 73 2 -64 81 -18 83 79 -39 -20 -6 -88 -35 -35 39 -88 6 -19 53 97 -22 46 -48 -90 -65 -81 85 -41 -95 23 97 58 7 -1 36 35 -92 -97 -71 43 -44 -2 40 12 20 -25 86 -83 82 -63 -4 31 -59 -43 74 -52 16 -77 -9 19 -64 76 -99 -96 58 -75 79 -23 74 75 57 73 -44 -49 88 29 -18 -36 -5 -24 -95
-62 10 -48 -37 22 -58 -83 24 18 41 -6 84 29 -62 65 -47 90 -29 -75 95 -5 67 -82 -67 -14 95 79 -22 -13 -17 27 -24 -48 -17 70 -25 65 -34 -79 81 74 58 51 -81 17 -24 98 -38 66 0 -76 70 14 24 -68 39 -92 48 60 -90 -15 -93 -75 -80 -71 -20 53 64 -15 -82 -15 -41 -8 -84 45 -70 -33 96 -20 -21 -88 80 -26 97 -79 44 41 87 -16 60 -24 5 33 -3 60 -98 43 -2 29 -3
-82 73 -65 56 -71 -87 -12 31 -64 -51 -22 20 -2 -2 29 59 -58 -84 5 -77 50 -18 -26 11 -11 -88 -77 99 17 -47 -77 76 85 -28 -21 -62 -78 8 12 64 29 2 46 55 37 27 -86 -57 98 -19 21 -25 -33 87 53 -76 -16 -50 12 76 -30 96 -37 -4 76 72 0 -77 -77 -97 12 66 -87 20 -70 4 -48 -83 35 2 -37 -99 93 30 -26 20 52 55 -17 -20 -92 74 -80 6 -35 18 74 -22 -2 -65
-94 -9 -44 -85 27 -14 -62 64 -79 81 9 -56 15 93 33 -68 -14 8 18 -68 -95 57 -29 -73 18 -37 0 -27 -92 -58 39 92 12 56 54 -93 20 -48 -26 42 34 -82 -3 91 -80 69 -29 4 4 58 44 -66 -11 55 61 -88 -48 15 -68 -37 -11 42 77 38 -16 -62 49 -85 -23 36 -40 57 73 25 -80 42 48 37 62 -19 35 -24 -13 -91 -87 -45 -15 27 -82 62 -86 28 -63 64 58 32 85 55 69 -82
-19 9 80 -28 35 6 90 9 -47 -13 97 -25 -82 -24 48 84 -72 35 -28 54 41 53 -11 87 -45 38 -38 -38 -76 28 77 -10 63 11 56 -18 94 6 -92 -24 -12 2 54 -2 -60 -66 -16 85 -54 3 85 -8 62 83 7 -13 -13 37 43 -59 -43 -31 -9 -32 7 -82 95 -99 -32 -60 -80 -6 -11 -31 -62 -13 -100 71 -20 -52 -2 44 -82 40 -97 -23 -41 61 39 -58 70 5 -89 34 61 -87 52 -5 10 55
-83 16 12 -77 -6 -1 94 52 -89 31 -47 17 -4 12 43 -10 28 81 82 36 84 40 -15 -73 39 -77 44 39 90 47 64 -75 -57 -1 6 50 -23 16 -21 41 -13 -13 80 -4 -65 35 30 -93 -95 8 -75 -99 -20 91 -46 50 -35 75 77 -14 57 49 76 -78 99 -81 -60 88 -83 52 -38 56 -30 -23 39 -83 -70 76 85 52 -89 5 -58 -94 93 4 -14 87 -50 -41 -27 -40 10 60 8 -99 67 -47 -76 -48
-61 39 -9 -15 -89 83 10 -17 -79 -57 -60 30 -79 79 87 -86 11 32 -56 -91 -44 80 -10 -76 25 -71 65 -15 83 -70 -33 70 41 14 -70 1 -27 9 76 60 -90 -48 -45 -77 -84 -30 17 70 -72 33 34 38 53 38 -16 41 20 -13 66 98 -80 78 25 59 47 -70 -81 23 -44 -31 -44 -69 -39 -16 99 3 54 -79 79 -100 5 -48 -47 -9 -87 -34 -65 49 19 59 -94 64 -53 -15 44 -2 -74 8 65 13
-55 63 -45 24 40 -68 -90 67 31 -91 -1 8 -88 19 -54 -13 3 52 -18 -96 34 -54 20 -2 43 8 43 -85 -16 -88 -93 85 1 14 -52 -94 60 -19 -93 99 -53 -11 -67 27 -78 58 -24 77 2 -24 0 -27 67 27 -94 99 42 29 77 -1 39 24 27 37 67 4 -59 66 -29 -27 -5 -78 -84 52 88 97 -4 83 28 -71 45 77 -85 -38 54 21 80 79 12 -23 66 -100 50 25 -77 -55 95 -28 80 -46
75 -16 -25 12 59 69 -29 -86 1 31 -88 44 -12 68 -17 56 2 15 55 31 -53 78 78 88 20 -81 54 52 93 -23 -76 -51 62 -62 70 -55 -6 32 -5 -30 -28 0 6 -1 -7 65 -98 -43 98 -85 -47 1 -98 35 -49 54 -70 12 89 21 -40 -62 -4 -2 56 93 -60 -96 98 -93 -50 -51 -9 1 -88 -85 -70 -30 -59 -27 -91 43 6 -53 26 3 -77 -3 23 -9 6 5 -94 52 64 -64 -100 60 -41 -6
40 -84 -44 59 -65 -56 33 31 90 41 28 41 56 67 45 20 64 -40 -65 -61 -59 16 49 30 30 21 -9 42 -17 22 28 46 13 95 -34 -89 -6 -22 -62 90 98 -32 -39 -73 -39 -76 71 -78 -44 34 16 -18 62 44 75 -95 -76 -69 -85 31 -93 -88 2 -82 -77 -26 37 0 -98 51 -82 -8 -100 -49 70 11 -36 14 -38 -71 -64 -35 72 -97 4 -35 96 72 -76 84 -25 -53 17 -31 -28 74 83 33 -55 21
65 -98 -87 89 75 7 88 -26 -10 5 -65 97 -61 -94 -70 14 -80 -84 -100 -33 -81 58 -98 -27 35 -16 -20 -44 -67 97 18 -25 4 -1 52 -46 -37 -77 64 19 4 10 -5 -71 -12 -7 -84 53 -52 6 -86 -37 -50 3 12 20 -86 -83 -71 20 -65 47 -26 46 -23 -86 11 -22 18 -88 -15 70 -81 43 -47 60 -18 -22 -84 -39 -59 71 -64 47 -99 -38 -95 94 16 0 61 10 82 -1 48 52 -85 99 26 -82
-25 72 -84 80 -55 -69 -26 -58 -4 -57 49 42 -24 -57 -8 92 -35 -8 -37 24 -39 -92 6 3 -73 38 77 51 24 31 -61 0 -41 99 63 -59 27 -50 -12 -70 77 70 -23 -62 -41 21 -97 11 -19 21 -100 -17 53 -20 -100 -60 53 40 -5 57 -6 18 14 -61 85 -32 -98 72 -77 -86 54 50 29 -50 67 12 24 15 -90 61 -39 -42 24 93 -2 -8 43 -51 -83 99 -54 -29 34 59 25 -90 -33 72 56 -6
-12 74 -16 -14 -15 1 -92 -65 -63 51 -100 43 -97 44 -31 -32 -12 -51 -29 -3 -19 -59 -49 -48 -89 57 36 -47 64 8 -87 96 -11 -81 -91 60 77 -81 -76 82 -91 12 -43 -21 -84 77 67 -76 27 25 97 -71 5 -42 -56 -23 -2 12 -15 -40 87 -91 -68 -16 -79 -21 4 -85 12 16 -13 -99 42 -94 -76 -19 -44 77 65 22 17 -5 36 53 67 97 19 55 32 68 50 -85 0 34 65 92 -55 72 96 -92
60 -68 80 -15 43 -78 61 55 -20 62 86 80 -53 -74 -37 -13 13 -54 -33 -98 -73 75 43 16 8 -9 -55 -66 35 70 -57 -94 -77 -67 69 18 45 -32 -70 52 -72 -16 -84 41 -35 83 23 20 -78 -53 5 -65 4 -97 34 32 -61 6 -44 -16 78 -85 -25 -9 -64 50 -98 13 -80 -55 64 40 65 31 -95 -65 85 19 -80 -52 84 -88 -75 58 -54 45 -32 -8 -46 -45 36 5 -44 16 79 -99 -5 73 -13 -87
68 20 36 27 -47 -78 -48 16 51 34 73 -84 34 33 85 37 -62 -50 82 62 55 19 15 83 -6 -36 -99 1 -86 -6 57 -3 -92 -60 -18 -6 -16 2 20 -92 35 57 14 48 -16 -31 35 97 7 -81 -37 89 -65 -33 94 28 -52 -71 -8 -60 55 -33 -65 75 -85 76 -61 -17 26 -23 -11 -64 2 55 70 59 -58 33 56 49 43 -29 50 91 -30 75 -61 -26 51 24 75 -40 -72 -9 97 7 10 33 22 10
15 -72 69 93 44 9 -25 16 88 46 64 39 -73 -45 23 22 -41 74 -100 -16 1 -12 -8 -95 -45 -24 -63 -51 61 70 -18 -20 -94 30 -47 -94 -42 77 -90 26 -76 -2 1 -74 -80 85 7 -19 2 32 -14 -70 -36 44 -94 -59 6 53 74 -63 -26 38 70 -12 99 85 -44 43 59 -23 46 39 85 68 -27 52 -47 -11 -97 -89 53 17 10 6 68 -32 -17 54 54 -28 -45 24 52 -23 96 76 -93 -96 -15 42
-95 -1 -38 76 36 -4 -43 85 69 72 -83 81 92 -53 38 64 80 -11 66 22 94 -8 4 -97 22 -11 17 3 -46 -5 81 16 -19 56 58 14 -12 37 -30 3 -85 30 -98 -18 -68 -20 51 95 87 27 -22 70 75 -11 64 -4 30 73 -39 -4 55 -68 -19 -53 47 83 90 -95 74 -12 90 43 43 -49 -10 95 20 48 -71 -82 -4 -3 83 -15 -49 83 -57 -4 71 -91 46 10 -44 47 -4 -51 -29 96 64 -14
85 -68 -15 -45 -29 12 72 45 -79 28 84 -84 90 -14 -62 -49 -23 69 -68 89 2 72 -10 23 22 10 76 89 16 -95 75 76 7 -6 67 40 -57 -60 -13 -19 14 68 70 -81 13 -4 25 97 62 -39 67 -75 -25 43 46 -66 -3 84 -68 -37 -66 94 16 32 -73 91 -5 -48 -88 -68 76 -21 -55 54 22 91 68 93 9 71 0 -78 -61 -83 -16 72 82 -43 -20 -90 70 69 83 -19 63 34 -1 17 92 85
74 -44 62 44 -22 79 96 -5 -29 -32 84 79 55 38 -87 -15 -44 55 -63 4 -29 -35 -91 44 4 24 18 58 -15 4 63 50 -22 77 -81 94 89 -31 79 -51 52 93 86 -61 26 -50 -40 8 -100 7 18 74 -44 -56 16 -48 3 86 -91 -70 93 -66 50 95 -94 40 41 -26 -27 13 -46 35 -79 -21 -13 -97 60 -17 71 87 99 -72 18 -100 -52 -42 -46 64 -68 7 24 -26 45 -40 31 -46 -11 26 38 -63
-84 76 53 32 47 -79 -15 -16 46 99 -11 96 62 17 -87 -63 1 -53 -12 5 31 98 -23 13 59 80 59 -58 -75 93 19 47 12 50 -3 1 -12 44 -23 61 -31 -20 8 -91 92 17 83 -17 -79 -32 44 -61 -61 60 -45 -96 -19 83 54 -24 -79 -81 -9 4 47 -27 18 -40 70 93 -60 -64 74 -68 -41 94 18 -7 -35 -50 -33 -53 60 -18 28 41 8 -57 47 41 -7 60 -58 14 -6 -72 -39 30 17 -92
96 -60 91 -23 20 -80 9 64 -85 -1 89 -100 68 67 12 -22 80 -23 -6 -87 18 96 -21 -75 -3 94 -3 -2 -61 42 55 33 7 -2 -65 -81 -83 22 14 36 -19 -47 27 -58 -17 -81 -47 20 31 -81 -37 -88 -23 65 -96 31 85 -11 -52 44 -57 96 -97 -54 20 -29 -57 66 -48 -17 97 -47 -52 -24 -25 -54 9 -23 61 59 81 -9 -39 -55 -4 33 -71 55 38 -100 25 89 8 -60 46 -63 -16 4 -74 -20
-23 -79 60 29 -9 -79 -64 -29 -37 -32 6 35 24 82 66 7 83 -69 -8 -2 66 -94 -67 -92 12 -15 -53 70 -94 81 -66 -20 19 -17 75 1 -40 -10 32 -37 -1 20 88 85 -47 88 -60 56 50 -81 -57 -37 40 82 55 99 -52 45 -69 16 -84 25 -31 -20 -13 0 -64 16 -41 -84 60 95 58 -24 -9 43 -59 57 18 -42 67 82 -38 -19 -86 -67 -30 -63 -74 93 32 -36 -77 71 -4 71 -28 -71 38 -43
33 60 -50 -33 -54 74 -32 -90 -68 -95 22 -64 -54 92 18 -46 48 39 59 55 99 23 -42 52 -32 63 -52 57 -5 38 27 39 62 -70 84 -96 68 81 -46 -51 -69 20 -89 -78 -55 -67 -75 -25 65 31 -28 79 -44 -87 -57 -7 -66 -57 67 -19 -39 33 -90 -73 90 -59 0 68 -91 -80 79 -71 95 86 -82 -82 -94 21 30 -50 -47 98 -97 -99 -48 -81 82 -2 37 26 37 -77 -78 -36 -29 83 -31 10 -39 -44
-27 -46 -98 58 -62 35 48 21 -86 -13 -77 -91 9 51 25 -100 73 -82 51 46 -91 90 65 6 74 12 86 79 -38 -49 -45 -18 -88 -90 -48 -59 -62 -50 92 8 -88 24 46 -87 -95 -37 68 92 -5 -11 48 -77 49 -90 4 27 -76 -31 -52 -63 40 11 90 -92 -27 30 -67 24 71 -70 15 32 4 69 88 -7 -2 -63 74 3 -37 -37 -60 -30 13 -70 49 90 -94 95 -90 28 -33 0 -15 10 -28 -44 -65 -57
-11 -32 75 13 96 -48 -54 54 73 -67 70 -18 34 65 39 -58 11 -97 42 60 4 62 -32 51 -86 -3 -96 7 -39 93 68 -35 -85 85 -90 -51 -42 85 -42 68 -69 -73 44 -79 -1 -57 83 -90 -5 -92 -62 84 -67 45 -59 44 86 -97 -50 -37 -38 -1 71 12 -39 -45 -22 -88 83 48 92 -29 44 -34 53 -77 -23 -1 -3 28 50 -6 51 17 15 97 -65 20 -10 80 -97 94 -57 -75 1 19 65 49 -80 52
-47 3 -43 90 60 -33 28 10 15 27 -36 57 10 -52 30 22 -25 -55 -64 83 3 70 -56 -24 -63 -79 -74 -71 -88 -7 -97 -73 72 -10 71 -65 -55 10 18 -73 -53 92 -43 90 11 12 -84 -43 -15 -93 -11 12 78 23 71 51 45 -3 84 -26 80 41 -79 42 -93 10 -27 20 54 -92 -29 70 46 77 -35 -54 -4 15 37 57 -100 75 39 75 6 42 -66 60 22 -43 -93 0 -40 -56 -61 43 68 68 -44 -91
87 14 -17 -84 68 14 -100 86 -44 85 64 -38 44 -85 63 -54 -12 21 80 -38 92 -19 31 36 -49 -63 -57 -97 97 -85 -90 -87 14 -79 -16 -100 -54 60 -73 21 -45 -99 26 95 -85 -80 -13 -14 -83 84 20 -37 10 62 51 36 36 -90 13 50 75 76 -13 -63 -8 46 68 -2 -42 -44 41 -35 -37 64 13 59 2 10 19 91 46 69 9 -63 37 96 -75 79 65 -50 -78 10 -98 14 29 19 -81 2 1 -100
-84 -59 82 52 73 -3 59 70 -27 25 -92 -13 -1 -62 -98 -44 -73 -56 -7 -66 1 63 -77 -94 20 28 -35 15 -78 -11 -34 -22 -43 98 -45 9 -44 -51 -29 -67 84 -59 -39 -16 -96 -51 -55 13 -14 58 -37 -78 82 -42 48 -27 24 -18 10 -13 56 -95 54 -8 92 -1 92 -53 -76 77 -73 -70 -55 -19 88 -74 -11 82 50 58 85 75 81 -96 -40 52 31 0 -95 31 -76 22 -15 23 61 -2 -7 -24 -6 -80
-51 24 -55 96 53 -95 78 -42 -40 -47 -65 95 12 -54 81 60 -96 -15 -61 -78 -63 16 -91 -43 -40 -89 58 93 70 15 -46 9 -5 98 -18 -37 55 34 -72 -49 63 -23 -2 41 -33 -85 -85 -75 -91 81 -59 66 -87 6 69 -27 29 -99 -42 39 82 -74 54 -60 69 26 -37 -54 -98 41 1 -77 29 -59 -97 95 -58 93 60 -31 45 -90 -4 -17 69 90 41 -54 -90 10 -8 -69 -18 -86 50 -65 81 -11 -48 -39
55 -67 -15 91 25 -57 -41 -2 15 -80 11 -31 -17 -12 -85 -19 -86 -39 39 45 -10 -66 -94 -8 -86 -7 41 98 21 -97 -78 -25 -75 -38 78 -93 72 -95 -28 -94 2 -99 51 -23 -2 40 -60 88 39 81 -43 -2 38 6 -32 -88 3 22 -2 36 -4 -24 90 60 62 -68 -47 -100 -45 -26 -67 -66 -3 -83 -54 -86 2 -42 97 -93 4 78 -13 80 36 48 40 3 31 -23 -10 58 24 32 -1 88 -4 -68 -40 37
-14 55 -99 50 -90 72 -26 98 73 -88 75 55 16 50 90 75 -49 -41 81 2 99 35 -13 80 87 34 68 50 76 63 16 15 54 -6 -56 -1 65 -67 79 -72 -82 -22 68 -40 82 63 16 0 8 74 65 43 8 -57 18 -45 -99 -43 65 -15 -38 -28 16 56 67 -37 -37 -99 -35 18 -73 -22 -95 -80 -27 22 46 30 55 -83 52 -51 -35 -52 41 44 -94 -99 90 -19 35 8 34 81 65 26 -42 -86 -93 -86
49 -72 14 40 44 -26 -77 25 87 47 30 82 -51 -39 -18 26 73 -78 26 55 -52 60 29 -57 77 96 55 -56 -10 -31 -88 36 -33 55 -79 -52 -79 65 56 -63 80 -7 -27 -31 -35 1 -95 -51 -51 -28 -88 45 38 -24 92 -32 35 -70 -67 84 -46 -67 72 -57 92 2 12 66 0 92 37 -10 -54 11 84 -38 -7 6 -57 -5 -14 46 -3 -48 -50 -28 80 -32 59 -6 30 -19 24 -23 -68 93 86 16 17 -48
-14 73 36 7 -50 -98 -71 -20 -61 52 63 85 -89 9 80 19 47 -44 -65 48 -20 -32 -12 1 96 -72 -15 93 -38 -59 -51 33 -47 62 63 13 5 -26 70 -9 -25 5 -49 -98 -33 66 65 58 -38 -58 33 48 8 -63 -64 82 -1 -83 -43 -10 -80 77 -1 5 -49 -36 -24 99 37 29 7 45 34 -41 -79 -55 -5 57 64 -33 55 -24 -27 90 95 9 -49 -59 -25 -12 27 37 78 -51 -44 -70 32 1 50 -37
-14 -45 95 -1 58 -63 -78 -63 28 38 88 -62 -58 -21 55 -9 97 -28 49 26 62 -32 -78 -65 69 -88 4 -79 30 -44 -21 -12 6 -36 83 69 -33 -80 -66 94 -30 -48 66 -84 27 -90 -95 -59 16 -80 -99 81 66 -7 -11 48 49 -5 38 23 4 -29 -41 51 98 -24 -80 -23 -34 25 -4 89 -17 -97 11 -45 -85 8 -11 -92 -98 98 37 -18 53 37 47 -19 -50 -26 44 22 -90 -90 57 20 81 98 91 58
23 -12 92 -68 59 -82 -59 -21 88 98 75 42 94 45 -33 -17 -47 10 42 69 -2 27 -6 -2 -53 33 -35 89 -24 -66 81 1 42 20 80 -38 88 70 6 -31 32 24 74 -98 39 -62 30 60 -95 -14 74 36 6 -56 -98 11 22 -80 -33 -62 1 95 -2 17 -38 50 -96 -54 86 68 -54 -18 21 27 36 85 -49 83 0 -54 87 -17 -7 -67 52 -96 41 44 -98 12 19 58 84 -71 77 -22 -18 18 47 -86
-87 31 -51 -7 -79 -82 -67 -77 -33 -43 -71 42 -75 12 -51 75 -92 59 -16 -5 -31 0 32 -46 51 83 71 -28 98 -34 1 -97 -43 -88 14 77 -60 -40 -4 57 76 19 35 19 56 -18 -42 -3 97 92 70 17 48 -99 43 62 -91 48 83 -62 70 -25 52 20 -7 46 -11 -71 -71 50 -21 6 80 30 83 -52 -75 56 -24 67 96 94 -57 19 -84 -57 -25 38 27 51 -35 -83 26 -51 -35 85 59 -97 -97 22
-54 -63 -100 -10 87 -1 29 1 24 35 -94 31 61 -25 28 -69 71 31 -83 31 31 -80 12 -23 6 98 0 54 -35 -84 15 42 -100 61 -70 -55 -5 -66 -90 -93 26 -85 -40 34 9 -17 91 -68 65 -5 30 92 30 -23 -74 -81 20 5 -85 6 63 -58 9 -41 -31 90 32 -23 -70 48 58 -65 16 -80 93 37 -18 5 -36 38 75 49 75 14 -47 40 32 -46 -66 76 62 13 -91 4 41 16 47 35 -79 -76
37 -76 51 -6 77 -93 58 56 34 -4 15 39 71 90 -88 -53 -40 37 77 -93 13 47 46 -38 2 5 30 -72 -74 51 -50 -77 -63 19 72 28 -65 -99 12 62 73 -40 46 -95 -8 75 -87 85 -46 -71 14 -50 -35 -78 -38 -62 -59 75 87 63 41 -78 48 -5 -95 -80 -90 -43 -48 33 60 -2 75 -91 -3 84 -56 47 49 15 -6 47 89 1 53 54 56 -17 34 -11 -62 -30 63 -60 -97 -27 -50 41 24 -28
80 -70 -43 37 28 -91 79 82 58 -13 -7 65 -100 -73 -74 78 -80 -84 88 3 2 -76 -83 73 -70 -34 -28 73 54 48 -24 -80 22 -16 24 -4 -15 91 71 -99 -94 80 20 94 -30 41 59 52 58 14 -57 77 -20 1 -21 -41 75 79 20 -99 45 99 11 -94 -76 86 -17 -68 -29 70 -24 -90 -79 -34 -37 48 -85 27 -9 -98 72 53 -49 -3 -57 -74 -22 -59 89 39 -65 -97 34 55 78 87 -5 90 -70 -22
20 -18 54 8 -48 54 9 -15 57 40 -95 46 -58 -19 -21 21 5 -86 -48 -34 -75 -19 33 -92 -36 -18 -42 43 -59 93 88 -69 -41 56 -31 37 -57 43 -67 -99 -82 77 94 -76 45 -43 21 84 25 -14 32 47 -34 -18 72 -67 42 -46 -21 -31 -47 -57 -49 51 -74 -76 -88 12 -94 84 -6 47 -100 66 15 86 58 26 74 11 -65 -26 96 53 55 3 3 57 30 -4 -4 -52 85 -54 -12 -20 -47 -83 52 34
-7 -43 -58 3 49 1 -13 44 30 36 -50 -96 -80 -52 85 36 -90 41 30 75 23 -17 -51 54 22 60 78 -47 -51 -27 86 -65 13 -63 -9 0 -60 -14 -53 57 45 78 -67 -9 95 -39 93 -27 56 -61 -4 -93 89 8 3 -26 95 98 58 -89 -62 61 -13 -10 28 8 41 -48 91 28 91 -3 16 -47 91 93 6 -59 -15 -24 -64 -44 -33 -18 -47 36 76 -30 84 5 42 -81 -65 -17 6 -92 -45 -78 0 -12
-89 90 14 -51 -54 -94 57 54 -40 90 35 19 70 41 -57 99 71 29 38 2 51 -13 32 31 87 57 70 9 59 -37 -97 71 57 -20 -59 -77 -23 35 13 -53 -38 29 -22 -29 24 -17 42 -47 -4 -3 -29 -79 74 60 -43 91 55 -94 -15 -56 -27 58 84 -58 -33 -76 -18 2 -45 -92 34 7 53 -1 65 61 23 -11 -97 38 89 -21 -42 86 -91 -67 59 25 25 95 12 58 27 39 -64 75 53 70 -21 73
-79 49 65 -7 -18 51 88 26 49 86 40 32 -9 -32 13 -79 65 -40 85 -61 -83 74 -28 48 -77 93 62 -23 -41 74 -8 3 95 85 61 -33 -90 11 -67 68 -44 68 53 -45 94 73 -17 44 -50 12 -98 49 -12 -16 -44 70 36 76 51 -23 49 44 -32 18 35 61 44 -67 -68 -81 25 -54 20 16 -9 14 73 37 -64 19 -26 58 -39 10 49 -23 -64 80 48 -61 -1 -1 76 -46 82 -39 -53 15 85 37
-53 -62 60 -57 -59 51 -1 63 51 44 -100 29 76 -57 -54 51 -99 -50 53 -92 -17 71 -33 -15 8 -27 91 -2 -85 36 85 -42 66 -11 -42 62 17 23 -1 -83 57 -77 -92 -17 31 -29 -4 -34 -57 -72 -82 81 -85 64 80 -35 -27 -80 -81 48 -78 -90 -73 18 -88 -10 8 17 -9 96 -37 32 9 -8 49 18 6 -3 -39 75 14 -68 -80 3 96 -67 -57 25 -48 -11 -66 -22 -89 -27 23 7 -32 60 46 41
-49 -3 84 -96 31 -22 33 91 -59 49 -74 75 -75 -80 78 22 -49 -26 60 36 58 22 7 -95 94 -89 -84 25 -46 15 -47 6 -61 -68 57 -89 45 5 -73 43 84 42 28 -25 82 89 -69 -84 97 24 -85 -95 -70 34 60 45 -78 70 -20 -17 15 -88 -80 28 20 -17 51 -68 -11 32 -92 -44 36 -85 -34 53 -45 -96 21 95 -74 -45 -29 -92 3 99 19 37 -51 36 7 59 -8 19 -47 25 -49 -83 -86 -94
-88 83 64 30 -22 75 62 -30 68 -49 -66 -12 0 -28 -36 56 7 45 -84 -1 -72 89 -4 54 99 -49 27 50 -30 34 -98 -55 19 13 -25 9 51 -63 -36 -42 -22 14 27 -13 74 -12 51 64 62 -57 33 44 -22 -31 89 28 -9 47 85 -96 -3 36 -45 21 53 -98 32 -65 17 -77 -83 67 -11 -1 48 -55 -97 57 -28 87 13 6 -100 -13 -60 85 -60 -4 -38 15 16 -79 84 96 90 -53 47 -25 -27 78
-29 -81 -76 29 -55 -34 83 27 -57 73 -15 33 58 -26 35 20 -52 39 -54 7 -38 33 72 -85 83 -31 -11 53 -2 74 92 -26 -79 -74 47 66 19 -13 71 99 -30 -60 25 1 62 89 -49 7 -49 16 4 70 93 65 98 -16 46 -98 56 34 -6 -51 -73 13 -1 -22 48 15 48 -86 61 60 -61 67 4 74 0 -66 -66 61 43 29 87 22 55 20 16 -71 51 -76 -30 94 -21 -33 5 -43 -46 99 72 -50
28 73 62 57 -81 12 71 -17 -32 -40 -5 93 -73 -93 -37 58 -44 39 57 83 23 -78 -52 32 40 -72 -6 -93 44 93 -49 -47 85 -56 72 -60 42 83 6 59 3 -85 47 -27 -76 -64 89 -39 -51 -33 86 40 15 -38 31 99 36 6 -95 81 -4 10 37 -95 92 24 50 -25 -10 40 71 60 64 -31 67 -91 -58 -54 -50 7 8 4 54 -76 -45 85 8 -86 -18 80 13 22 22 -44 -73 29 -89 -65 -41 -93
-98 68 7 95 71 27 -78 -5 -91 92 -36 99 -66 14 -12 -93 29 93 -6 -61 -65 -42 55 71 5 23 -13 37 12 -49 -67 -69 95 42 67 91 -85 -90 -37 -71 -97 -91 99 -49 -7 -80 17 -80 1 14 60 32 6 -2 -19 -63 -52 -5 -1 12 -95 -80 89 -41 87 -71 -89 15 -45 55 86 -89 -31 -14 -73 13 -80 57 -67 -87 4 36 87 -91 71 -92 -11 17 45 -52 65 93 -71 96 -87 -58 85 13 57 91
50 -69 65 55 44 70 -57 -43 -93 -72 66 -17 79 63 54 -88 14 -90 57 25 94 28 -97 42 24 83 -68 -78 49 -19 40 15 -34 -87 -85 24 -31 8 -19 -68 -89 49 -43 32 3 59 63 68 -47 -67 86 -41 54 30 -20 9 54 -27 -61 16 -85 82 -69 18 -35 78 58 16 64 -8 35 -49 26 37 -72 -80 8 90 79 61 86 -29 75 -53 -10 23 59 -12 -91 88 -13 9 -85 11 34 -90 -22 -43 -2 74
3 93 87 55 -29 -99 99 -10 49 77 25 81 -92 27 80 -54 54 50 92 25 -63 70 -58 19 80 25 65 -24 -36 96 -68 72 73 49 89 -100 -83 -49 30 0 -72 -68 -47 -100 5 -28 -96 -50 72 17 -19 -8 -18 -83 -89 -44 -40 -32 -85 20 89 -41 83 -41 5 27 55 37 11 -52 -41 9 -98 69 21 -27 -100 -70 25 51 -90 -66 -45 37 -14 87 -57 -60 -78 -7 11 -36 28 -34 83 -29 64 4 -55 -59
-40 57 65 46 11 92 -53 34 64 68 -51 -41 43 -30 89 69 80 -52 16 -69 46 -93 -60 -20 -77 -53 -37 39 -40 -49 4 49 -37 -78 -8 17 91 24 29 90 -30 -10 -100 -40 -43 -76 -61 3 -98 -43 67 -79 -60 -19 99 7 -43 -52 88 -37 -47 63 11 -49 -96 -23 23 -86 -97 42 40 89 85 39 50 95 -21 95 -6 48 -50 -64 -44 -21 50 -17 25 6 -73 -77 6 -13 27 -64 -20 -58 5 -4 -84 -52
8 -25 66 -82 -82 49 87 -77 -80 -30 66 28 -55 -91 90 41 -86 -89 28 -41 -85 -11 -46 -59 -72 -38 -67 63 41 97 -25 32 -62 -75 -49 -86 -36 97 -29 22 -3 60 -44 79 -32 51 -53 -13 -51 -49 -44 81 81 68 82 16 -53 -41 20 76 66 45 40 -43 58 7 -27 15 -11 19 48 48 -75 13 -22 -12 -16 -3 -44 54 12 83 97 25 91 -87 65 54 -42 78 44 -59 67 22 -53 -81 -29 61 -40 -60
-64 -54 13 47 -7 -72 32 -44 68 94 4 3 19 -54 -93 -97 -21 -20 -39 5 -17 -93 -31 -9 13 -21 20 -64 -89 55 -4 -97 -82 56 -13 -51 -6 23 -31 -16 -6 -29 -53 49 4 85 -89 27 -83 46 -71 2 27 -72 -63 64 -45 4 0 -1 56 42 83 27 -72 -79 -63 24 85 82 10 -37 -14 -41 52 -92 55 60 -24 -34 95 -69 97 -33 37 37 -36 30 -59 -19 -7 43 0 -98 29 -24 0 27 22 16
83 60 -58 11 48 73 -30 -66 78 15 97 -75 -28 -48 -100 36 3 10 51 -91 32 -28 -21 -14 -35 -94 -85 -82 -94 -88 -88 -63 -58 -28 -74 81 -79 30 -95 53 93 -35 14 60 65 79 -30 -7 -40 62 91 41 38 39 -40 26 17 -50 -85 12 61 -91 4 -12 -22 -12 -81 -48 23 5 92 38 -19 54 99 5 69 59 39 -47 -15 -35 -64 -28 -70 1 -99 16 50 -58 -80 15 -84 -46 36 -91 -46 47 45 93
11 -8 24 91 30 3 -7 -34 -94 59 -28 99 -85 -7 75 39 25 82 82 -15 -90 -61 -8 6 65 32 -71 -69 57 -92 -9 31 -27 34 -84 -91 61 3 14 7 -30 -1 -10 76 -42 -38 4 84 -9 74 81 -86 19 -27 -88 30 61 -19 59 98 -4 24 -17 -38 41 -31 5 -96 2 98 85 6 -42 -45 63 95 -49 -70 -42 28 35 -20 6 89 74 -23 -54 -28 55 -57 72 -14 6 -11 27 -30 -89 -23 99 17
-26 -15 5 -67 68 84 -13 15 26 -52 -24 -44 -70 61 20 46 -53 71 -76 -20 -80 -93 28 -87 -48 -46 -6 -5 -65 53 -84 65 -37 88 53 33 70 95 -40 -50 -71 2 -93 -22 -7 -81 80 22 41 -38 -14 -30 -2 -3 -47 -63 -32 51 -36 -41 -80 25 -18 66 -8 89 88 38 -51 33 7 17 -60 -24 79 41 -10 28 96 21 55 -30 79 40 -12 -44 47 -7 95 54 -28 27 -55 77 -30 69 74 -55 5 82
56 22 -80 71 24 -53 -57 -82 -15 88 -90 -64 2 26 98 65 -50 -71 98 96 -21 91 29 -30 71 -95 76 35 -82 -21 95 -13 99 60 54 8 33 -28 -21 17 -30 62 -11 72 -53 54 -46 96 9 91 55 20 -79 47 85 -66 42 83 -84 32 74 -31 40 -5 -60 -20 -22 69 -73 -52 42 4 76 8 86 77 -84 41 -61 -64 -74 -26 -90 28 -91 23 82 1 46 19 -96 -32 22 -41 -82 37 -58 -68 -95 79
-14 73 -67 -95 70 40 36 88 32 16 36 -32 -92 -11 21 -100 -85 95 -19 -43 -59 -69 16 81 98 -32 -34 89 0 -22 43 34 -55 3 -45 -51 -23 -75 36 -32 90 82 -96 -31 24 24 -69 -27 -56 15 -98 45 27 4 -69 -20 23 -81 -82 -22 22 64 59 68 -57 36 81 7 -4 -95 60 39 48 -60 -56 23 -75 -16 71 -16 -32 -56 35 47 56 89 3 87 -24 -67 -6 -78 72 87 -32 -55 -100 97 60 39
-28 93 99 -26 86 -66 -71 77 -24 -90 47 -69 -44 -99 46 -75 -46 -92 -21 12 -26 17 -21 58 -78 -94 69 -11 10 -24 79 -57 38 -11 16 53 53 -44 65 90 -82 -63 8 24 6 -99 84 39 90 16 44 -83 86 -67 6 -76 34 26 46 50 -40 -77 -19 -41 55 -94 -17 -65 47 11 -39 97 -46 -79 75 4 3 98 -27 -96 -1 -3 -32 -49 51 82 -14 -90 45 82 -46 -5 83 27 75 -6 83 18 -21 17
25 27 87 11 -62 77 0 -74 20 -50 7 -5 82 -60 32 -85 -64 -48 86 42 3 22 43 -64 75 -25 86 -3 -27 19 91 92 -59 9 90 41 -51 -52 -9 56 -81 12 24 -96 10 -87 10 -6 -25 34 43 -86 -7 -97 -47 94 -98 79 94 -7 -46 0 -82 -56 89 -13 80 94 77 28 0 56 -2 -65 -82 -18 23 92 84 89 -94 34 40 -29 -56 18 64 79 -28 -12 44 -88 41 70 -36 -41 -16 -21 -37 -53
-86 26 -52 -11 -53 80 -46 33 45 4 -29 55 77 -80 5 -95 40 87 31 33 -28 1 19 -78 -51 24 31 29 -21 -18 -79 31 69 18 14 -33 -100 98 -48 35 77 -22 -43 -47 95 41 2 -98 9 18 95 86 94 84 -60 -65 33 -94 -48 19 49 -99 93 12 -82 67 41 70 81 -9 87 28 60 72 75 -42 -75 78 41 -83 -62 -71 69 -9 58 67 14 20 -54 -67 -55 -17 44 -69 31 73 17 -9 0 -59
39 -31 46 -25 37 -21 -97 -51 59 95 -35 22 46 -46 67 50 -71 -83 46 51 -5 16 -53 -81 40 96 -6 -40 4 -51 -17 82 -7 57 -13 -26 55 -22 0 -95 9 -59 88 -46 -23 48 43 -95 -55 -47 96 30 81 75 63 -3 80 -42 69 -74 -47 55 94 -25 27 -78 45 -89 28 -3 54 4 7 -83 -56 -75 -71 82 -23 18 -16 -18 40 -69 33 15 -88 -52 -84 9 25 -9 -31 -52 86 38 67 -67 -97 -95
-78 -13 75 -37 -20 10 49 -85 -45 48 -19 -30 49 51 -91 96 73 -36 -54 -53 -72 23 -67 68 -48 -45 -36 48 80 55 -9 -73 5 -97 40 2 76 -5 -34 59 -29 47 -53 19 -66 3 -67 93 89 -64 60 60 -99 84 -38 -72 99 11 50 -42 96 19 81 -17 -20 -99 -56 3 1 4 94 -84 -1 37 -72 -23 -63 -97 86 -42 -7 65 -92 16 79 -5 39 -13 58 96 49 -8 -69 2 60 -53 86 73 -13 71
85 -31 53 90 37 -7 -29 -14 -81 2 -49 56 -7 52 55 53 82 86 -97 -21 -45 -89 -51 -48 -99 96 -7 56 -93 -27 -95 -14 57 39 -8 -23 15 -71 -14 46 -26 85 -52 94 -81 -98 -76 -86 84 -37 -15 -58 -7 -59 -42 -79 52 36 43 -72 -31 37 -8 82 46 -39 16 -13 -16 24 -99 39 -55 -57 -95 62 -48 -30 41 -67 -95 -51 -49 30 0 -88 55 -46 -89 37 4 -95 59 54 -42 -64 42 -8 -53 -69
72 15 -24 6 -61 81 -30 -43 -32 -20 -2 86 -37 87 -38 -70 -36 8 -56 78 82 61 85 -38 73 -41 -26 -91 85 -34 15 70 15 -78 -8 -23 -44 68 -99 -71 14 -90 -100 74 -3 -21 10 53 58 -20 78 -61 12 -79 -89 34 -13 -69 -15 96 7 -72 26 75 -12 12 53 -24 71 88 -57 -69 -10 54 8 76 45 42 6 84 -98 -16 -17 -3 64 53 -51 73 -25 -28 -4 -36 -1 -83 -31 72 -60 0 -15 -81
29 3 -13 69 -83 38 -20 98 -1 82 -98 -43 82 -92 -16 -74 -87 -24 -36 -33 -61 51 -80 4 -58 -8 92 82 67 -45 -43 2 -71 25 -17 33 -6 39 -46 -66 -95 -97 78 -35 86 33 -17 -76 -44 -94 41 -16 -97 69 91 -59 14 -28 -78 -9 -90 41 24 67 -43 -62 -73 27 58 -38 34 90 -34 70 -76 48 -8 52 44 -54 97 -36 12 -34 -53 13 73 -96 38 79 -98 -34 86 -62 29 55 -19 72 24 24
-9 99 11 -76 -8 45 -89 5 17 38 -37 68 -80 -70 68 -38 -23 -29 -56 68 55 81 -65 91 -64 17 -45 -96 94 -30 -58 -60 -88 30 74 38 19 36 83 -82 84 -32 87 -72 -28 -79 4 -90 -78 -76 -48 -89 -93 48 4 -42 -46 -67 87 -19 56 -58 59 45 -72 4 51 76 -7 69 -1 3 1 27 -58 10 4 -4 -74 62 -1 -95 77 -97 -2 -33 82 -84 67 88 88 -15 30 20 21 -63 64 36 -86 -71
-86 19 40 6 17 32 -45 37 81 16 -32 -13 -90 -45 -87 94 -15 -31 56 16 30 -91 35 19 29 98 -75 -82 15 -90 45 -69 -37 75 -92 -9 -52 -53 16 -19 -32 17 -26 54 13 -59 -95 -55 -51 78 -61 43 -86 52 -99 59 36 2 -95 79 30 5 74 -39 84 -53 -7 23 84 64 41 62 39 57 66 24 -35 0 -72 -12 49 93 70 26 69 -20 85 50 -57 51 85 -7 -4 87 -9 -24 34 41 -40 78
-34 -42 25 -28 -22 1 92 33 29 60 73 -83 4 87 -12 -54 -19 90 64 59 -88 -43 -42 -71 -46 18 -48 82 29 -93 -74 99 13 86 -57 -75 -89 8 -63 -82 43 24 -100 97 -50 -24 -17 87 -68 2 -7 11 -2 25 -22 -6 20 -73 90 -10 -63 -13 -13 99 12 84 99 -47 55 29 -37 92 -2 -37 27 -81 99 88 84 -44 42 96 -5 77 91 6 57 -74 39 -20 31 88 40 -49 -31 27 -66 45 -33 -99
-60 73 -93 -30 -11 -19 -83 72 10 47 7 63 9 15 -14 -2 16 -18 -63 -5 75 -10 -77 87 89 -1 22 -89 -84 -80 -29 -90 30 -20 -82 13 13 6 -99 -53 85 -50 62 58 -25 16 -12 47 -34 -41 -79 14 39 99 30 96 56 69 -88 -61 92 80 -54 -93 12 84 -97 23 65 -79 -41 -80 -39 -38 -27 -19 52 -44 59 87 22 -87 -31 -79 87 -52 -10 -65 -63 -63 96 -17 8 28 -68 56 2 -38 90 55
-52 62 -77 -95 15 14 -17 35 -53 -59 -51 -72 65 -14 -68 12 63 6 -72 -93 2 91 -75 41 91 78 35 -49 -81 7 -93 -90 -1 40 -5 17 -71 92 -93 74 -70 -29 -35 80 0 37 63 85 76 -36 -10 -83 -40 57 86 -69 -100 -18 6 63 25 -60 46 6 -69 -84 84 45 -79 -38 83 83 89 -51 69 -18 37 67 -41 62 -53 -9 40 55 -93 -32 50 76 -1 -39 25 74 -96 -5 26 24 -88 -11 11 68
20 30 76 71 88 -96 60 -74 71 62 93 42 83 74 79 -17 -89 -53 83 52 -100 93 29 68 94 -47 68 -3 -73 2 41 -18 75 -7 -59 9 -37 -24 -65 -72 -51 -55 47 81 67 -16 43 -91 21 -20 -48 -24 19 35 -47 49 -56 -59 76 52 -15 -58 51 -15 18 -48 -9 86 -11 -36 83 -35 -32 1 -83 64 52 70 -2 47 42 -79 27 -9 34 66 -30 38 85 -50 88 59 14 -30 -95 -44 -19 -14 64 -48
-81 71 27 -89 95 -37 -53 -47 -9 -100 -81 88 96 68 89 84 86 -43 -99 -79 -68 -57 71 -60 -93 -52 7 -70 68 43 91 82 -27 -29 -61 79 -36 34 -70 68 -13 -12 -37 -69 52 45 11 -37 -87 -30 7 -7 -3 92 -56 -61 -5 -62 83 36 -76 28 18 -52 -35 26 81 -98 45 -92 40 -87 54 -90 -67 -32 -68 45 83 80 65 11 -96 -40 -14 -51 -19 -10 93 -79 2 36 9 60 73 9 -17 -47 -8 6
-62 44 69 -43 -71 69 38 50 -27 73 -80 87 98 8 -24 10 -39 -83 81 55 22 77 -80 84 6 -52 -39 -45 -30 -74 -14 6 -13 74 -88 50 10 38 86 -3 -78 -72 0 -66 -4 97 72 95 -70 71 6 45 -4 83 -78 8 -32 65 -47 -69 76 34 15 87 -75 32 76 7 -67 -32 -25 -74 -13 -62 69 -44 29 -98 -10 11 71 68 -76 -76 -64 79 49 8 -23 74 33 -25 -97 -9 -99 20 48 -34 -49 -84
-45 89 60 -31 -62 -85 -54 68 -62 -20 41 -14 -3 -97 -11 32 97 -41 -67 -87 54 96 69 4 -8 70 8 -78 5 -37 76 84 25 -7 -12 6 -74 70 -62 73 -52 31 -68 27 99 -80 -25 10 -98 -71 -5 -43 -5 -80 3 -75 22 -21 -4 99 81 98 -1 63 28 -95 -88 55 -64 80 0 6 -11 -46 61 -47 -20 -95 -92 -29 -38 -14 5 -53 20 -23 -60 -57 -27 -31 77 -74 33 -56 -36 31 -86 -67 -61 60
76 72 8 39 -64 6 32 6 99 -99 -11 -14 -66 86 -24 -84 65 -41 64 -44 -44 84 -52 -76 -50 54 13 -58 -67 -33 53 51 -36 98 78 2 15 73 -4 -27 4 47 39 -52 -96 -54 -25 -1 96 20 -4 32 20 -18 -74 -31 1 -71 -94 30 71 -67 56 51 -22 96 99 65 18 -95 -62 51 -30 34 -91 -15 40 61 38 -66 34 94 48 -85 -85 47 65 14 71 -80 -87 -74 -65 52 -82 57 -22 50 9 -56
-80 -53 -17 -43 42 -3 49 -53 -24 -20 50 -45 23 -13 -45 17 -49 58 35 -85 92 -24 23 81 13 -13 64 -63 91 30 79 23 80 -62 -20 5 63 -18 34 57 -42 44 90 -7 43 -63 -35 56 -31 65 90 12 -48 -67 -98 36 -91 47 79 -14 54 -72 53 -44 -99 42 98 -83 -59 56 52 -94 24 4 33 -22 0 -93 -56 11 33 10 -27 -57 37 89 39 -14 -28 45 -62 -53 -79 -66 61 97 32 -37 35 -14
-14 -35 -20 15 -3 59 33 -93 -95 -33 -58 70 13 -99 16 93 90 -17 39 32 -96 82 -21 14 10 63 1 -10 -30 44 11 70 99 -27 54 -43 -82 31 -37 -55 79 -98 58 25 -66 32 85 -83 44 49 90 -41 51 63 -53 17 -26 -44 -77 38 -64 34 -18 -41 5 6 47 -66 -47 34 -65 -2 89 0 69 -25 -18 -28 87 -5 25 -36 46 30 -40 84 -13 81 56 -46 60 -15 -46 -95 -63 -100 37 -91 1 -18
5 -94 99 82 -29 41 19 23 66 50 17 1 -75 49 14 -65 -79 -85 37 -52 30 -40 93 28 -28 55 -30 -50 -98 -23 -29 72 -11 78 -82 96 -26 -25 -14 -95 8 70 -43 -5 24 65 23 -68 -75 85 -83 -65 -93 -16 28 -72 -29 -99 48 -100 -68 -70 -88 -81 -11 37 -26 -43 -99 -22 30 -1 40 6 -14 -89 -73 -50 -17 -87 -91 12 71 -49 -59 -24 -19 -1 92 29 66 -37 -68 66 -81 -73 23 -57 -19 -12
-41 27 -66 92 -60 39 14 -22 89 -29 61 -97 -91 -10 61 -12 35 -1 42 -2 -100 -98 -16 30 -58 -26 79 34 65 -74 -11 73 30 -70 -13 77 65 36 -40 63 -47 89 -24 -2 -61 20 93 81 78 -44 -52 -82 36 84 -2 11 28 90 -13 97 55 -96 89 -81 -5 20 75 -45 -11 -37 82 70 37 93 -82 65 -8 41 -33 -45 82 23 -28 75 -50 -38 -62 78 60 7 75 -88 5 96 38 -21 -11 -47 12 16
75 -2 -19 66 73 -78 81 -21 85 26 -78 5 19 -88 89 -57 50 -61 11 66 -91 63 -88 54 24 -35 -75 -38 -75 -97 -19 -31 53 -88 78 50 -31 46 47 -28 78 70 -35 89 -64 8 85 18 -6 68 -80 -23 -40 98 -49 -28 -75 36 41 -41 92 74 52 7 8 3 67 -20 77 -16 20 -35 57 93 -37 -92 -31 -74 59 29 -90 40 37 -31 46 62 17 72 -28 70 50 49 -19 -92 32 -67 1 48 13 -72
-14 68 38 -36 5 92 54 61 68 -55 -8 -87 82 -91 -83 56 -19 -91 97 -46 58 -90 -7 48 74 88 -6 -48 68 -5 45 -22 -33 63 -30 28 37 -77 -71 46 75 30 4 -62 -82 0 44 -11 63 -96 -30 87 -5 -82 53 -61 -24 -3 68 91 -63 87 -34 -79 14 22 -53 -10 -73 -46 -53 9 54 -93 -70 82 -84 19 -80 -79 2 27 -26 -100 93 -79 96 97 -6 60 32 42 4 -94 73 57 -94 -47 -63 70
50 -14 -97 -28 66 -74 97 88 36 -92 -16 -95 -86 15 34 42 -25 46 72 93 -27 -50 -24 -64 -38 8 -12 65 -41 -47 -63 -12 -29 -35 40 -87 -60 34 83 91 39 98 3 -20 -86 -20 63 82 -31 9 -25 62 -69 0 67 -81 26 36 -66 -24 -82 -62 -88 -58 -66 86 65 39 86 -10 17 -18 -38 -63 89 -78 90 -61 28 4 -46 -67 -28 23 -63 -10 53 -55 -3 -86 -75 55 -24 -57 94 76 -63 8 -72 71
35 -69 57 -96 -41 57 -3 -29 -61 96 64 -21 90 -28 32 49 81 -75 -15 -37 28 -94 -72 26 -11 91 26 55 -37 82 30 50 47 41 -48 -21 -91 46 36 -51 66 -25 92 -52 -54 -2 28 11 -11 -73 -82 -12 78 67 83 11 -80 -44 48 98 35 91 -83 -89 -32 -98 15 63 40 60 27 -51 43 94 -15 25 3 99 -25 46 -56 -24 73 57 -11 26 -71 8 -91 -5 -14 1 0 -75 -80 44 50 -95 74 33
-62 -75 54 -97 -7 63 -7 -11 -60 57 -49 38 -70 -7 -5 -41 -13 91 -37 -25 -75 -84 29 -70 63 -38 59 89 82 3 54 -50 -65 13 75 -67 -87 -80 34 -64 48 -17 -19 -32 98 32 -25 43 51 -7 -8 12 6 -58 -78 47 82 -79 -13 -54 6 14 36 11 -29 -10 -88 93 23 70 99 65 -8 -8 91 -6 -73 -25 25 -12 83 50 48 -1 36 51 -32 -67 77 22 38 -53 -52 47 23 -73 -71 30 22 28
28 -85 -97 77 -76 75 -6 0 73 -1 -78 32 -24 -94 23 73 -22 -29 54 81 97 -62 10 19 24 -78 -70 -92 -16 -83 -55 49 99 12 92 70 -17 25 20 3 -13 -71 -70 76 -18 -31 60 42 99 -4 -17 -82 -30 89 -39 56 -59 71 -2 85 25 74 45 63 -24 -44 -61 -85 -28 -5 29 50 23 36 45 16 -79 28 -52 56 -37 -17 -11 47 -42 62 61 -33 52 -17 -11 25 43 84 8 -84 -87 -72 -23 -19
-99 -12 80 -68 76 -70 -36 63 -79 -93 -37 -67 -1 -72 -23 20 -44 -14 -70 -40 -57 37 68 -4 40 55 -8 -35 -90 -34 -74 44 68 8 -30 -72 24 10 -76 -32 -25 -15 -34 -6 -63 47 23 -82 -42 22 15 44 21 95 36 -87 -58 -96 16 83 41 57 -61 91 42 78 2 81 28 3 -94 -76 -14 -85 -43 22 -38 -90 -55 42 -20 83 -13 40 -49 -90 7 35 -93 -84 68 -83 -6 -69 -19 37 -20 -55 73 -94
55 -45 34 -14 66 0 -29 -53 -47 15 -76 -21 84 -58 20 -58 37 -25 48 66 -70 36 -69 82 43 36 66 9 -17 39 7 -63 -81 -16 34 90 88 77 61 89 3 43 -83 -94 -20 -44 51 -70 -75 -47 -32 13 -100 -58 44 -4 -64 78 -65 -1 15 -61 -36 87 -27 -1 57 -50 -31 88 34 91 74 -88 -63 21 18 54 29 1 -27 -23 27 10 31 -47 89 80 -56 15 35 23 23 -69 -80 -67 31 91 36 -11
