18 53 -97 83 24 2 -88 -52 35 73 -53 -70 36 21 -93 -33 -80 -13 -15 -20 97 -39 -36 -43 91 89 84 -94 59 -73 8 93 53 -39 43 -19 -53 -89 -39 7 65 1 -79 -12 79 45 -40 66 -13 94 -8 -38 -90 88 -59 -46 4 -43 -35 51 40 -41 -69 -33 -3 -73 94 63 39 48 61 -85 7 89 30 -31 15 4 29 -92 64 15 -2 -7 64 -25 14 -65 -21 -87 -57 -72 -63 -30 -9 -79 -83 -58 67 -51
-84 -56 -27 72 45 -55 -62 -13 90 -2 -14 85 -34 -15 17 -5 -77 -92 -26 71 -17 -39 -15 52 96 62 31 -77 -98 -65 14 -12 -56 -3 -99 70 53 54 52 86 -98 -15 98 -35 61 -23 28 -37 49 -26 -34 83 -63 -21 32 -14 85 -10 61 -93 41 -28 -82 83 -40 46 24 -91 95 67 51 9 -78 2 -19 3 -26 88 38 42 -61 22 64 -24 49 -47 -90 22 -33 -68 -56 35 -49 13 -78 80 88 -80 46 -66
56 -89 -87 6 45 65 66 -41 27 47 37 87 76 83 56 -75 -25 -22 -43 -21 52 55 85 73 -87 -37 -4 40 79 79 -30 57 97 -82 -98 84 -29 -15 -68 -77 83 -58 4 55 78 29 -66 -49 -5 -25 14 54 42 41 -15 90 19 -98 -32 -99 -56 -60 -60 13 52 -11 -37 1 -65 -7 76 25 -85 51 -65 -58 -24 -84 19 -91 -97 -1 -3 -37 79 55 43 88 84 -69 27 89 48 -73 -75 24 -85 2 49 7
-59 30 -97 28 -94 -26 -2 -19 -18 50 81 62 72 -84 -36 -58 -88 30 9 14 -55 -89 -73 89 -73 -14 -31 73 -59 -54 24 6 -46 89 -37 -50 10 11 67 -21 -49 59 74 74 -62 -86 -31 -9 -89 61 31 -39 -62 83 11 -99 93 -60 -71 -75 -34 -59 -94 32 -89 -74 -42 15 92 90 10 65 -70 19 70 -88 32 7 59 14 8 9 27 60 91 51 -43 -83 -83 67 56 55 9 -72 -40 56 46 49 -41 -2
80 19 -76 -20 32 51 -43 -63 87 -55 22 -29 -96 94 -56 68 -72 10 34 -55 -39 -76 -57 -91 91 -33 -92 59 -80 40 -78 -75 55 57 -48 17 -19 27 47 -66 16 54 86 -28 -70 -40 46 -7 -90 -39 8 -39 93 -67 35 49 10 51 84 82 71 85 -9 70 -80 93 21 -47 38 86 21 -68 86 -42 45 74 26 2 -44 65 -1 -79 99 35 -48 -96 31 59 -95 52 -61 -67 79 70 -9 -50 20 -39 5 21
-94 45 -49 86 60 84 58 74 -33 -37 -94 17 -28 -3 -76 -93 -78 -27 -65 64 -2 55 78 -53 34 -2 -56 -44 84 -46 25 -70 92 48 -48 63 -93 1 -75 -3 -36 -25 -22 80 -27 -73 27 -100 79 24 34 -80 26 45 38 -94 78 -32 26 -47 -63 81 -64 -54 -39 91 -62 90 2 -71 -53 65 68 43 -92 78 -11 44 47 43 -67 -3 8 99 80 -77 -10 -54 59 -21 22 74 -72 -18 -33 95 50 -91 -7 -18
94 58 20 -80 85 -50 36 -83 -48 41 41 16 90 -93 -21 16 -84 -97 -37 -6 -33 -64 -23 -77 -31 -26 51 60 74 39 -92 -42 31 16 73 -75 46 -24 -36 -44 -58 81 4 36 -27 -96 69 74 -13 -87 50 31 11 62 -55 31 -96 26 -100 99 -95 28 23 59 16 -67 -24 20 53 24 -91 -83 -12 -60 40 73 13 56 -45 -21 62 92 69 32 12 -60 -52 89 -61 19 8 -67 28 -85 -45 -11 61 -41 -80 -36
-62 95 6 -90 -96 -15 22 50 -59 -42 20 88 46 -57 3 -8 49 73 51 5 35 48 75 29 -62 -75 -7 -38 -74 63 -73 -60 47 11 93 51 -5 50 -67 -8 -49 18 -95 7 -95 11 37 -22 -41 -37 -78 -70 -97 54 -13 -40 55 -13 -84 22 54 40 -87 -52 82 80 -46 -22 33 58 -38 -30 11 -94 63 2 -35 -34 69 10 94 -82 7 -19 -81 -67 2 -69 66 17 -75 30 -60 20 -20 -51 -76 90 54 -3
-72 59 44 -53 -100 7 46 80 39 -10 -3 87 -97 -59 -46 94 61 82 -4 18 -19 -32 -87 57 62 69 3 41 -86 83 19 62 -47 86 -86 -30 -49 54 13 18 -89 89 -45 57 56 -67 83 -96 95 -93 99 -46 -85 -80 -3 -87 4 9 -3 -52 15 -15 79 -93 26 33 -95 74 0 1 95 25 -11 31 90 -35 63 -10 -24 98 24 -82 21 -87 36 29 33 57 -98 16 21 -79 70 -95 51 91 4 -50 3 81
45 -68 -88 -9 23 5 -10 9 -12 27 91 22 81 -26 -56 65 69 51 -88 85 -35 7 -87 -56 28 8 6 3 1 -67 -56 -17 -56 49 -40 76 -36 -23 -34 -20 37 -16 -56 94 60 97 -99 -60 60 -9 45 62 -35 -52 -67 17 -32 -78 0 83 -67 26 -23 21 -14 -100 97 75 18 -19 -43 41 94 46 0 62 83 69 76 28 -91 -10 24 12 -52 44 -90 34 -69 15 29 21 -77 -73 70 -69 -19 -63 27 81
-65 32 56 -66 71 -8 -32 -63 -79 51 4 -5 -72 47 -94 -93 19 -51 59 -85 68 82 3 -99 12 6 -4 69 -39 15 16 -72 -68 -3 49 -78 32 49 -27 98 -74 -97 -35 -7 75 26 -54 -43 90 -64 -95 -22 -23 -90 -10 -4 75 89 -69 -80 -44 -48 76 41 34 77 89 -65 81 64 -74 5 -82 40 -77 73 11 56 -33 61 -23 39 37 0 64 -80 94 73 -3 -84 -6 15 -91 -64 64 -45 80 -76 -52 -4
-41 -100 31 74 -99 -60 97 60 -61 81 -65 -3 -77 -80 91 -82 51 11 -72 -76 -89 66 32 -91 -83 12 7 -69 -76 13 -45 -11 -8 -87 -71 -75 81 -14 -34 -16 87 -52 18 27 -27 43 -82 -92 62 97 79 2 86 70 58 -3 60 26 52 16 90 29 -94 -7 -59 5 -35 -60 -68 -100 9 -24 -86 47 24 -61 79 25 -19 -74 -55 -40 42 -70 15 -84 17 -36 55 -46 63 8 -93 83 59 -38 -30 -26 -68 82
-54 9 -53 -39 -9 10 13 -74 -87 -56 55 -80 -26 -22 91 40 -23 -78 -19 9 -80 41 -91 32 1 -7 -7 76 44 -43 -19 -80 2 91 17 56 -23 78 0 -20 24 -35 -28 66 -73 64 -28 26 67 68 72 -46 -72 -72 -26 -83 23 58 25 -47 -75 -69 47 -23 -66 31 -78 -73 -66 47 11 91 -6 -30 -96 -85 9 61 -65 -60 -27 94 -54 4 37 82 31 55 65 36 -42 -85 -19 62 -75 21 24 -93 -15 48
-63 20 79 15 -39 -14 70 40 46 -26 -56 2 -30 -81 -85 -99 29 31 65 -38 -74 26 -63 61 -4 29 17 72 -79 74 -7 1 30 11 -34 52 -5 55 -25 98 31 38 87 70 -97 59 20 89 76 -24 10 92 3 -10 -46 -30 -48 -60 -14 67 81 15 95 51 44 48 -42 4 37 -81 -60 65 -24 -21 62 -60 52 -29 72 12 -50 -75 69 -57 54 -25 -15 -4 -97 -95 -47 46 67 97 2 -55 -57 12 96 -85
-38 95 -88 -71 -40 65 82 -29 4 3 6 -72 46 67 82 -80 -47 -87 91 -39 -98 -27 56 -5 -89 -64 -79 42 35 -51 8 -15 -35 38 -16 -29 -100 -3 -96 12 -67 44 -24 57 34 -28 -59 -15 -90 58 16 -75 18 -78 -20 35 81 -15 -76 -61 93 -9 47 90 -65 11 -38 25 19 -60 74 -98 46 23 84 26 68 78 -15 -37 5 55 13 -7 89 72 -47 -13 -30 -66 -5 2 57 59 -37 73 -39 33 13 -48
89 -48 -30 -80 -36 -44 -24 -2 83 55 -64 -96 -99 19 -54 25 30 92 52 75 -47 -52 30 -87 -39 -12 69 49 52 -93 88 12 23 -87 42 -18 52 -33 5 10 -64 7 10 9 -15 79 6 20 31 -7 37 -77 59 -75 48 -32 30 67 -57 4 74 11 78 -86 48 -39 22 -46 -53 -24 -62 78 -44 -44 -64 -69 13 86 42 32 44 9 -92 38 52 -42 -68 -9 -92 -14 89 27 -94 62 -91 -27 29 -72 -67 35
94 58 -62 45 -47 -43 -71 59 1 6 77 -54 14 -45 -84 94 21 -16 -72 -21 -76 -21 78 -12 47 -16 -13 88 -36 -4 -59 46 -96 -29 38 9 14 -66 77 7 -100 -85 -64 42 -47 44 -88 72 5 56 1 -83 15 54 91 -98 46 27 73 13 -69 32 52 12 28 97 52 -1 19 -89 62 75 -28 -24 57 74 -69 31 27 -34 59 39 5 20 46 19 -70 41 49 -6 -12 -43 -75 95 -58 35 79 -99 -19 -5
-25 -16 2 -72 87 -24 58 -99 10 -47 -46 65 -30 76 -61 91 -92 74 90 -49 -88 3 73 70 11 9 54 -29 -66 48 -73 -6 60 -26 -98 64 24 -4 -98 14 98 45 58 -41 78 86 -50 -56 38 -45 -39 -25 23 -25 4 -6 -89 54 79 -39 -22 56 34 -89 6 -71 50 -85 39 57 92 -51 55 -10 16 94 10 -74 -60 1 -19 2 48 -80 49 39 68 -41 31 -18 59 72 85 -20 -27 -75 47 -96 71 -29
73 -76 -42 -13 -81 -33 55 47 93 -16 -1 19 -41 -99 -13 71 -51 -30 -89 -88 39 78 9 -45 -85 -11 -91 18 -29 -72 65 15 97 -81 -9 44 -2 -46 87 81 -11 -19 -1 57 -24 -92 54 -77 -47 -82 -100 -89 71 82 25 84 -5 -100 -35 -52 82 38 -88 21 -50 57 24 43 -6 4 65 -2 41 74 88 1 -10 -59 -26 -9 -76 54 -100 -37 -38 -54 2 -96 72 29 -100 99 57 -32 39 -17 -12 -63 -3 88
-43 22 -10 -82 57 -17 -14 -45 46 22 30 -55 -99 27 17 -41 -77 -6 -72 46 91 19 -46 -55 29 -67 -70 -8 67 -54 -85 40 32 -55 71 48 65 41 79 -31 -46 -81 75 -31 49 -78 -76 -2 -4 35 -14 -96 10 69 57 50 -62 14 -99 78 41 66 11 23 52 -19 99 38 59 31 -50 45 50 -71 53 -60 -63 -12 83 -50 -21 56 -9 0 57 85 -47 -33 28 51 74 -12 -29 87 80 58 -66 96 -6 -70
49 78 -40 -34 -28 37 -46 -96 -67 -49 22 -36 79 -63 15 66 -69 84 -38 68 -98 -64 25 -70 16 -24 60 49 85 37 0 67 67 -13 85 14 39 38 54 -70 35 -75 -51 25 85 -31 -4 -76 3 90 -13 -67 -72 58 81 -44 38 90 51 44 -81 34 9 -40 -79 -20 -3 76 -29 -66 52 -96 -60 -17 37 9 -91 19 29 54 41 -79 37 -55 -55 -22 -9 96 9 67 7 -1 -55 -66 -82 -96 -10 87 93 36
-33 7 55 -7 -23 -98 -48 -40 -47 73 43 -39 50 -59 -81 -46 73 -56 -7 48 0 -59 75 83 98 -18 -53 73 36 88 20 79 34 13 36 -94 56 18 -91 26 -74 43 -23 30 36 -10 29 -4 -53 -40 67 -65 -84 -63 -89 59 -23 -82 50 46 36 -75 -29 28 5 16 22 83 -25 22 -2 -26 41 76 20 83 -20 52 49 -86 9 82 24 -100 6 59 -48 26 -62 -72 -26 -66 64 3 -72 97 -9 65 19 -4
46 76 34 -50 -60 -85 90 -27 55 -63 -71 21 -36 -37 -37 19 47 -78 69 -31 -81 63 -55 -44 -24 98 -79 29 88 -63 31 66 18 93 -16 90 -44 37 75 1 -22 -78 -19 75 -82 -71 -85 -73 49 -47 21 78 57 1 39 94 -56 -47 -46 -43 48 -93 -49 -29 -54 -21 78 -67 50 82 31 -5 91 42 71 -96 84 -66 -31 11 24 82 63 -40 -29 -60 68 93 33 -44 56 -87 -91 -5 -80 56 87 81 -9 -88
-89 -64 93 -28 -19 97 -69 54 69 18 -23 -60 -27 -70 21 -60 49 47 65 59 -18 36 -20 95 26 -31 59 -51 -48 -83 76 84 45 -38 -63 74 63 -41 -77 -2 -51 -73 45 -80 51 94 3 -84 -27 74 70 66 87 -83 19 -21 -33 18 55 -53 -49 -18 -75 -11 -68 35 97 -13 -65 -88 73 44 -17 -89 -87 -67 67 -64 55 30 -36 -96 88 25 97 -8 -14 56 20 -99 -12 -91 99 72 77 59 -68 55 83 10
58 77 -42 78 -50 76 -36 -55 -8 -98 -12 -46 48 -7 -48 49 -27 56 77 87 -87 22 28 -93 -41 18 -41 81 -9 -57 42 -29 -85 -28 -12 98 10 24 4 82 -83 -5 44 66 57 -48 85 -19 33 -73 16 -73 -61 26 -64 -72 30 91 52 -24 -5 -66 78 -53 43 62 -6 94 -11 -34 46 62 46 52 59 22 -93 81 -3 82 -87 -5 42 4 3 -40 -67 20 13 78 -4 -99 44 67 -78 -69 48 -62 -42 10
74 -26 79 -47 -16 -20 -67 15 59 2 -33 64 -29 -20 99 -84 -52 -8 12 -82 -64 9 70 30 79 -44 -56 -83 15 96 -49 -24 31 -84 38 -26 44 -44 -83 10 73 61 49 -68 47 44 75 -95 69 89 -96 -81 -46 11 5 50 98 -21 88 -72 -59 -82 -18 -12 79 -89 79 -8 82 99 -52 52 90 -91 -50 3 -62 -99 10 -57 52 31 -2 -30 -69 75 -71 -23 54 39 -2 -4 27 59 3 -72 -44 88 41 16
67 -62 17 -76 63 10 60 -67 40 41 44 10 43 -68 39 -99 -1 6 -36 10 -4 -83 -66 36 -86 -10 -90 -1 33 88 -93 23 -3 9 7 -67 -60 63 -42 5 -38 -15 69 51 49 96 -10 81 18 -73 -22 -39 51 26 -13 -56 -19 -100 94 -81 93 -19 -64 -19 -36 50 -16 94 70 4 -58 -5 -57 15 26 -90 -7 -76 -92 -27 74 22 -99 -14 47 -7 -52 -73 25 -49 -23 -95 85 -64 40 62 41 -75 70 -65
81 -83 -22 -1 -46 64 93 1 19 19 7 44 -22 -32 -54 -47 75 -77 -24 3 -6 37 -45 -27 95 -48 49 36 -17 -65 91 82 55 47 -59 82 61 54 70 -94 10 -39 -58 -61 -99 -99 56 24 -44 -95 -43 35 81 65 -2 98 -17 -7 -89 78 28 -58 -74 64 -8 -28 67 -78 67 20 -39 9 4 -32 -95 -12 63 -46 -8 -78 -15 -26 -45 -30 -24 -1 -23 23 -13 -46 5 -17 -52 -3 -84 -18 7 71 -95 -43
27 74 4 26 76 -14 61 -65 80 4 20 2 24 -8 -11 -81 41 65 18 68 -54 69 47 11 14 46 32 -18 -62 14 23 70 -68 33 64 4 -56 73 -93 -86 -77 59 -75 -16 -48 23 38 41 -86 -89 -5 34 24 -55 -54 -33 1 -4 -74 92 -39 -2 -15 -9 65 -100 28 -66 2 -1 -92 23 -60 -81 12 1 2 -80 20 20 -48 6 44 -79 34 40 -54 53 14 -94 93 -39 69 -21 85 76 -50 32 -26 69
-65 -72 24 98 -66 69 -47 42 -91 32 -41 -62 36 48 -71 77 98 -4 70 98 62 99 -78 -75 -60 -8 4 -17 -75 -33 -17 4 46 76 -72 -57 -97 -36 86 -82 73 76 78 -60 -53 26 9 69 -78 -35 -98 -33 56 71 -59 -21 73 75 99 47 -18 -45 13 81 15 -80 13 35 96 40 75 41 51 33 12 -96 21 -61 81 -55 47 95 -30 2 -63 -80 -38 41 12 -5 30 63 -3 -48 40 68 43 -98 -46 -4
84 43 25 87 85 -71 87 -24 -36 -57 92 30 -89 -48 24 87 -57 91 -31 -98 -11 -15 52 -41 -64 -69 79 71 85 56 21 -1 -18 -96 57 -86 -63 49 -26 -58 -41 -60 67 66 -83 -61 29 -62 24 -55 -8 -5 70 40 11 -83 20 -11 18 8 20 84 -28 -53 -27 -20 -47 -52 68 -80 36 18 30 95 -76 -60 61 89 -16 16 35 22 -7 15 68 -50 -48 52 -10 -68 -83 -45 60 45 -44 61 19 25 86 3
-38 -83 -80 71 22 -38 83 -15 0 19 -9 33 91 45 -3 48 -27 -52 -2 63 -55 64 -97 81 -93 -69 -38 91 -62 -7 14 -95 -84 -90 -31 86 -6 -39 -9 38 -43 6 -82 39 61 -70 -26 -76 -52 -2 49 35 -11 -93 -40 -15 71 88 14 -94 -83 70 56 -38 74 74 -70 -45 -18 -5 -69 81 -63 66 51 12 -6 -42 6 -92 76 -58 -44 -61 85 -88 58 -20 97 55 -23 21 51 64 -70 -52 53 23 -83 3
98 -7 -66 -37 92 46 34 4 -21 -58 28 -54 85 -27 -82 7 -66 -36 -14 56 4 -98 86 58 -85 23 88 45 -88 -32 -30 -89 -33 -72 18 0 -24 8 -54 -74 -1 96 22 -31 -61 95 -25 84 -75 27 81 -35 21 -76 24 41 -54 2 11 99 -15 25 -3 61 -37 19 -36 -42 -9 80 -85 -97 -4 66 -51 14 -54 -74 -92 37 52 -66 94 87 92 -55 57 66 -64 49 64 -80 -22 -34 91 -54 -67 -38 97 18
70 -44 -5 -51 30 45 48 66 -35 21 -92 57 62 -32 8 69 -52 -36 -49 71 -35 20 -40 -30 83 -21 60 -36 17 -34 -65 52 46 -59 -42 70 26 -83 -63 29 -28 87 87 -80 24 68 -59 65 -61 39 7 18 78 11 52 44 68 -21 96 21 -39 -67 74 -44 -33 49 -63 -88 -95 -30 -81 46 89 -27 -11 -25 -84 21 -34 -2 -77 -26 -41 -50 37 92 17 51 -47 18 69 83 16 -63 37 97 -52 68 -91 -37
86 -96 -1 -51 52 -42 56 -24 -58 -5 57 -33 29 -22 21 47 -28 -89 23 -71 81 -1 70 92 8 -16 49 -16 74 88 -43 66 -54 44 53 52 -81 10 -16 22 26 69 7 -22 -29 -22 29 17 -38 -24 -8 82 14 59 75 31 9 32 -20 -15 97 -85 56 -32 -23 99 62 -3 57 -2 -100 -60 40 16 -89 -92 72 17 -33 -34 -79 -22 85 13 -51 89 42 -56 83 -75 -17 76 -39 39 -55 84 -2 77 13 64
-96 69 50 14 8 45 -64 13 -35 -18 -64 43 -83 43 22 -45 51 15 -6 -76 -22 -2 -67 46 92 96 71 -8 -54 32 -11 -14 60 -1 -97 81 85 93 -65 -61 11 -2 49 71 -16 -60 26 -63 -80 -37 -33 60 -31 85 -42 85 77 -48 -73 -50 83 -51 35 -72 80 8 19 -3 97 -60 93 83 74 79 51 34 43 87 29 -53 31 45 65 -17 12 36 -54 53 -94 -13 35 49 33 6 -82 67 -83 -74 -23 -63
39 43 -62 64 74 -86 26 52 -5 27 -67 -59 53 16 -52 58 -57 20 -74 -5 -71 -26 -98 29 99 -32 -81 -68 -68 4 -94 -59 -74 -32 85 20 -30 17 58 11 -37 92 -17 97 -88 -55 -73 -62 87 -88 67 -13 -19 2 -77 -68 -49 -38 53 -12 1 80 -1 -76 -8 18 7 92 31 10 48 46 -100 22 -16 -84 -62 59 35 -13 -67 81 56 7 -7 -75 -15 63 62 6 -23 -36 -100 48 7 -26 -40 78 3 -80
39 95 5 -55 -46 93 -61 6 -80 21 -20 -92 -69 52 34 -92 -27 77 72 25 73 53 73 70 -27 -42 44 24 34 5 -98 -66 -55 61 -29 65 94 -16 -96 -27 94 43 96 85 59 -79 45 70 -77 -41 -18 45 50 -32 -77 -42 -7 -50 94 -92 66 13 59 -27 -87 59 -100 65 25 82 -13 -100 89 -32 -87 65 8 26 7 -17 75 0 84 -24 -70 67 -5 74 -94 1 -37 55 -98 -47 45 -14 19 -56 1 -61
-97 -100 37 29 -60 -22 87 70 -5 4 40 10 -46 -20 13 -37 45 -62 -5 20 -11 -58 -100 82 6 88 97 54 50 72 97 10 -36 -84 -71 -11 60 -27 -47 37 -24 -72 -10 65 -55 85 56 -44 -11 52 -38 -2 87 4 91 -86 70 86 82 -57 31 7 76 -63 -27 27 31 -28 -67 -53 12 -61 76 47 36 25 0 28 -58 -25 55 59 87 -26 95 23 64 -87 -79 -94 78 78 -8 79 88 71 -64 -13 76 -99
-79 -29 33 -58 45 79 -65 -71 35 52 25 98 -2 -96 17 -83 -11 -33 -45 -90 -98 -69 61 36 -62 3 -12 61 68 37 97 -97 20 -5 -31 62 75 49 75 -21 65 -58 -91 -87 1 39 67 15 -29 59 60 -87 66 -32 73 -82 6 4 3 -48 42 15 96 -15 20 9 59 69 -6 -50 -79 85 -41 49 7 89 61 -99 61 -75 89 -77 -37 -87 88 27 -63 -22 -84 87 94 -45 13 71 -14 5 -36 82 -99 84
-15 61 -41 70 13 62 -81 -99 60 -65 -30 48 76 -45 -55 74 -78 19 12 85 83 -76 -68 54 -21 70 83 -93 -26 45 90 81 21 -35 57 83 -53 -93 -16 84 24 6 -86 19 -63 -88 -27 -50 -79 2 -72 3 -17 -97 -63 37 24 -57 -61 -81 -65 88 39 -80 -24 -24 99 -5 -49 -52 -45 -1 -53 -36 69 82 0 -39 80 98 9 35 34 15 92 47 -58 -33 15 54 25 51 4 91 -50 22 11 47 60 98
28 -34 95 89 -95 -100 75 -66 73 -13 -91 -49 29 -48 22 -38 50 49 -57 53 77 79 -58 -53 -78 63 28 9 52 77 -69 38 7 17 -91 -70 -61 89 -28 70 73 -74 -37 22 -20 -85 36 -45 -66 -78 6 62 94 81 -40 -19 57 61 75 68 -27 27 59 30 -8 -22 -67 5 -39 62 54 77 -14 53 45 -96 85 30 63 41 -5 9 -26 -78 71 -32 92 39 -24 -83 -28 -60 42 -91 31 -55 -26 -79 33 -44
-54 44 83 66 -2 35 58 66 67 -57 -100 -83 30 -17 12 -15 70 63 20 15 19 38 79 69 46 -50 -76 60 79 59 83 14 -29 66 -75 -35 98 73 -58 80 82 77 -29 -38 46 59 62 66 52 -37 -27 88 -30 -60 -10 -95 79 -46 66 21 88 -31 -29 14 96 -71 94 97 64 67 -89 50 -57 -20 85 92 56 -75 11 78 49 -72 -6 19 -32 71 -11 41 -55 55 63 42 27 -51 43 -57 7 -100 -78 77
-88 51 -11 -36 -97 64 78 93 -50 4 84 51 -7 -77 -52 -42 -81 -45 -81 0 -70 23 -53 -98 -24 37 -36 87 -3 -15 -26 -84 61 -21 -25 -58 71 -55 13 13 50 67 56 -35 69 -100 62 -26 78 58 85 -37 -62 47 37 94 -93 62 74 -13 7 62 -41 -54 -76 93 32 45 -48 92 -55 -29 82 -43 -96 40 53 -49 8 68 -39 -19 67 -34 74 52 35 58 -96 -47 -76 -100 -61 15 -29 22 9 -92 85 75
91 78 -69 23 -25 -77 83 -6 77 41 -2 99 -10 -96 -8 39 64 69 -16 68 -92 -36 -26 -20 31 -99 -18 -1 -21 64 -30 21 -11 -32 -99 -3 -10 36 19 67 -72 -96 16 17 73 -40 -8 -26 46 99 40 -36 55 46 -42 -52 30 -86 -78 -80 43 -10 56 -80 -13 -4 67 -91 13 -46 -95 -2 71 72 -94 -10 -25 80 -10 -37 48 -75 -26 87 61 82 -59 -14 -43 76 -98 -11 70 28 -42 -93 -4 43 36 60
-11 -5 94 40 -37 -59 15 -1 -2 -38 -45 33 -71 94 90 -64 -38 -42 24 -61 -52 26 4 -7 -99 -92 78 -93 -9 74 89 -30 -76 -45 -34 -70 72 61 -96 10 53 -65 -59 5 10 67 -76 60 10 73 -84 77 -33 25 19 93 -98 -80 28 56 21 14 66 -36 -26 26 37 92 29 -10 -54 -27 -19 93 65 76 18 -96 35 -64 47 -75 -53 -70 -13 -19 2 61 -85 -45 19 68 -32 -39 27 12 -90 -33 24 32
49 24 25 59 41 -93 -40 88 -76 83 41 -84 35 37 -41 50 -44 -53 41 46 92 91 -80 -26 -62 -44 -65 18 -80 -100 -70 -59 -63 -59 77 8 -78 -25 30 -45 -59 -86 -33 17 -51 79 95 -88 99 17 -19 -47 -62 11 92 68 -55 -54 -58 64 88 38 -49 -65 -41 -35 99 -16 -20 -57 -42 35 41 -90 -4 -3 -12 13 92 -70 75 54 -19 -48 15 -20 -46 77 57 79 30 -4 86 -71 -97 -85 -58 -13 49 47
23 74 82 71 -12 1 29 -72 36 -83 92 60 9 -31 -29 -77 10 -94 56 79 7 -78 -3 -80 -28 65 -98 -54 -25 -43 -81 5 87 -53 -7 -91 82 8 85 25 58 49 40 46 -15 -25 -42 -56 -8 36 -72 -55 -6 -38 -82 25 -16 -89 69 -51 -48 -46 -43 -78 53 -95 -13 -55 18 -62 -40 -90 17 -47 77 6 86 -39 31 -84 45 75 86 26 -40 49 -61 -94 -66 55 -80 -55 4 -75 54 -77 -70 -100 -31 52
98 94 -41 -42 -47 23 77 -66 -37 1 38 7 79 -26 12 31 26 -61 23 -56 -69 13 75 0 -96 64 59 -100 87 -4 -23 -97 -94 -60 -91 -70 11 -5 35 89 49 -84 -24 -23 48 -93 -65 78 -69 47 91 47 45 87 21 14 -41 12 87 71 -90 -26 37 35 88 -41 20 40 -95 -70 55 56 12 64 74 -7 99 41 -32 -3 32 -29 62 -95 2 50 24 40 -85 13 -58 -97 76 -40 -73 -28 -3 46 -80 79
28 -72 -82 -96 60 70 -26 60 40 92 -62 -46 79 24 -45 -34 88 -89 -100 -7 -26 -58 61 -52 -69 -82 60 -74 4 -16 -9 62 92 9 52 40 -87 -78 9 -23 -12 24 81 -90 36 -81 52 -30 -92 -18 -12 37 99 95 10 -13 90 5 28 -7 30 58 -42 97 -10 -93 -53 78 -87 -89 -43 36 34 -36 -70 80 26 8 -82 72 -26 -92 39 -71 48 -96 95 45 -52 14 94 -11 79 -63 76 -45 -44 -96 15 -62
80 -86 -81 -31 96 7 41 69 -54 20 -3 -75 -34 -97 -29 -100 -47 29 -93 -34 -40 35 3 -84 89 -12 49 -83 75 62 73 16 90 -83 17 85 77 -2 -21 -40 5 44 -72 21 -96 42 27 -81 -81 -74 2 -89 52 -77 -9 97 -4 -94 20 85 7 30 41 57 -98 60 -27 -99 12 4 75 27 14 -39 88 80 -92 49 77 75 -32 -64 -84 15 -80 -73 -51 17 59 51 31 80 -34 40 4 -94 4 -80 -5 20
-80 -90 86 18 19 94 -92 -7 -70 -12 -42 -18 -64 -3 7 99 86 78 -3 -93 -96 33 -100 -27 -100 -71 -36 65 -51 23 -8 67 65 21 -58 29 22 42 -28 -20 69 96 -4 -14 -54 63 87 -87 -65 66 91 97 -15 12 24 -65 70 -7 -74 72 -1 92 35 -13 -18 -63 82 -67 91 -6 78 -17 63 -76 -46 -84 24 -59 68 -3 15 -36 95 -66 81 9 -5 -60 98 -76 -50 -29 -44 30 94 -38 7 -53 -63 14
-6 -72 18 78 -35 24 -58 76 34 86 -51 27 99 -56 -95 65 92 85 92 -7 30 46 99 15 62 -83 82 80 -75 -45 -84 -50 -18 -83 85 -11 -90 31 96 25 10 29 -93 99 6 55 -29 -75 -5 78 41 -88 -55 -69 -4 -48 60 -86 -40 -39 33 28 -10 -72 -60 -17 16 46 30 -69 -55 -39 8 83 10 -51 34 61 -11 -87 -81 92 61 -99 78 -51 -41 -43 -85 76 -13 -44 -84 6 -80 -40 -49 54 60 -91
49 -73 6 96 18 -32 -55 41 -11 17 15 24 71 32 7 66 12 -75 63 60 91 -41 8 58 -62 76 62 62 8 51 84 -99 -16 -42 17 -60 -96 10 14 -80 -49 42 68 34 82 -52 27 -8 37 -20 8 33 85 -23 11 56 53 -33 -98 -55 17 -20 91 67 92 41 -36 88 -4 -13 -27 -6 -41 68 96 -8 -62 47 -65 65 -28 92 -7 -75 28 -30 29 -15 -99 55 38 -38 6 24 -80 -68 62 -84 61 -68
-27 -55 -66 63 10 -14 -8 -14 -46 13 -40 -75 -88 -73 51 93 17 99 -96 31 -81 -59 48 88 -52 87 54 -19 -90 74 -11 -49 69 -79 -14 55 53 -73 42 75 77 75 -100 -76 -54 73 -74 -74 -9 -70 72 2 52 42 14 -25 5 -80 99 -44 90 2 -5 -43 -76 -86 49 34 -11 2 5 55 -32 57 82 -47 51 87 19 -7 -53 -8 -88 19 91 -4 -87 -45 -57 99 23 -92 50 21 -50 -84 95 -97 -48 -67
12 -97 -78 48 -46 95 -96 -88 84 51 -67 -23 69 99 73 6 20 -91 -52 -90 -24 45 54 15 81 36 84 -5 -56 92 19 81 -92 31 -35 27 -22 -2 37 94 18 10 -44 21 78 -69 56 45 68 -11 -54 -10 -53 -71 -38 9 87 44 -27 44 -40 23 36 -9 -74 55 80 7 35 31 -40 -40 35 42 68 -86 -95 -16 -89 82 74 -16 -22 -78 1 -71 -7 2 65 30 -7 -92 6 -89 43 76 -70 -38 21 93
49 93 -41 30 38 -32 47 63 -19 -13 -62 -99 61 99 -54 -6 97 -23 25 -4 77 96 -94 -14 24 -74 48 -51 -21 -29 -77 32 -45 50 27 30 -76 -71 90 5 75 -81 20 -9 -11 24 26 -98 1 88 40 -94 -92 -59 32 -41 -26 81 50 6 -76 -50 4 -26 74 -23 88 40 57 -73 -55 -71 51 -91 -50 34 15 43 12 82 -100 -13 0 -39 -63 -82 12 -85 -95 -68 3 19 -18 -14 59 3 -77 -41 85 41
88 -67 -7 75 -21 47 -17 -14 -35 -19 96 -59 20 35 4 27 -68 51 13 -42 80 42 -20 57 25 37 -75 -79 51 31 -13 -47 52 -4 69 -41 -100 3 -32 -31 -1 51 -18 26 -44 25 79 18 -36 19 -78 47 -63 3 45 -6 19 43 97 -38 -50 86 -87 -49 -82 92 72 23 -99 96 -46 -16 -5 78 18 58 -80 15 -39 38 -74 -39 7 -92 -52 -76 -88 59 37 -69 -15 11 61 0 -32 -48 38 82 -84 -64
64 11 52 -96 -70 21 -62 -90 62 -52 5 70 -68 -39 -6 -24 2 77 63 -88 93 -55 88 51 15 6 88 -56 72 -48 65 24 46 57 9 90 50 90 -77 22 86 -75 28 -23 -43 -53 -94 23 57 -16 -91 -70 -54 78 -82 -52 -38 -78 -15 30 47 -69 -92 10 -68 87 -93 13 -79 68 48 -94 -65 46 20 -88 -47 79 -73 -8 -57 -80 36 -68 -30 62 69 -93 -30 64 -23 -16 -85 -52 -93 -82 -97 -53 -53 40
2 -89 32 48 56 -90 42 -37 2 14 -7 -48 -50 -66 -17 60 84 -30 -14 -81 -41 -4 68 15 16 73 50 14 -19 -78 73 -47 -10 -97 -22 -70 -68 99 -30 -85 84 13 55 21 87 -18 -32 -18 -69 -41 -65 -62 38 -35 60 -53 58 -41 40 -20 29 -25 82 -32 98 -3 4 49 13 11 -84 94 96 -19 -31 22 -84 36 -31 -66 -83 -4 -39 -23 77 56 -86 14 75 19 77 -65 16 98 -2 74 24 -6 -29 -83
-42 -59 -4 4 -74 24 -49 24 -30 -12 12 -93 40 14 12 84 55 -77 -50 -3 -57 25 65 80 -37 -16 -41 88 -89 45 -46 -66 -13 36 89 -35 -3 10 -29 15 -30 -21 87 -59 82 50 -88 79 55 42 68 -33 -74 29 36 40 10 -85 -99 -97 20 -41 -56 -23 93 -76 78 -59 37 45 84 26 85 61 -7 -6 73 -32 4 73 31 -62 -26 86 42 -46 -67 -42 -59 -74 -21 56 16 95 16 52 49 94 9 24
21 67 97 26 78 -18 -70 92 69 -98 42 -77 60 -98 71 -56 3 83 -98 45 -56 36 -35 45 60 61 -10 -66 -80 78 30 -32 68 -81 71 -55 -68 -79 -27 -16 -76 -65 -59 27 40 97 -65 4 -31 -71 -69 43 9 -71 80 -18 8 -90 -51 42 -78 46 54 -11 36 90 65 -12 55 -32 32 -99 56 -1 60 97 -82 70 -72 70 -22 23 -65 35 -58 12 -36 0 -17 97 -27 -6 -58 -79 -5 29 -84 -11 18 -62
63 46 -75 -89 -100 3 -78 50 15 80 42 -21 -12 -5 53 97 -54 -44 63 95 -75 52 -72 -57 56 -60 -5 -84 -23 53 13 21 62 -10 -41 -29 13 -69 -85 -14 -58 34 -9 -19 -96 -34 -100 61 59 80 15 33 -11 11 41 -74 21 -84 45 29 77 -18 -5 49 11 86 -97 94 64 -57 -11 43 -25 -10 -20 -56 -23 -44 -53 60 29 51 -10 23 80 -12 -28 57 -19 -63 25 89 39 -44 5 -86 57 54 -31 -75
-85 -21 11 -17 -69 -38 35 31 86 75 -57 35 -100 -44 -64 26 61 -38 -72 9 51 16 29 30 75 19 -37 -93 10 -42 32 63 -53 85 64 10 -8 -27 34 32 89 -98 17 75 -31 -54 92 -83 35 25 12 44 59 44 -80 -58 -87 -80 -62 13 -27 -92 -62 49 19 30 99 14 -16 14 6 -42 75 36 26 64 36 -98 -95 -9 71 -100 -51 -87 -60 13 84 52 5 -7 -32 81 61 -36 -100 -22 2 39 38 -76
40 -91 27 5 96 57 77 -98 -14 -98 -35 69 -6 90 19 -10 1 -21 1 -51 97 93 -72 -69 -62 14 58 23 7 -78 83 -3 93 59 33 35 28 -70 -66 -12 -75 -34 -46 -34 -82 9 1 81 -78 -76 23 87 -91 52 59 -2 77 33 84 -89 -94 -75 -2 60 34 -29 -99 46 9 -78 -18 32 -73 -70 76 50 85 68 84 12 -36 -69 -84 -23 93 73 3 -79 58 -41 28 16 -79 -26 -91 -73 25 -67 73 74
78 -56 26 2 -61 79 98 75 33 85 -4 36 38 -48 36 -73 60 -13 -9 -71 -83 -70 -99 -97 -33 -59 51 83 -13 90 -18 2 37 -51 -93 -99 56 7 -25 73 82 -70 58 63 -100 76 54 -76 59 45 -25 60 -48 -51 47 12 10 -18 37 23 -25 9 -89 50 73 99 9 93 -36 -92 5 31 65 -37 -18 91 24 -60 65 -48 -5 -36 32 -37 -36 -16 -28 -10 31 -52 -58 -58 -14 -59 -33 72 -62 -44 88 51
47 -39 -64 -95 85 84 -93 -69 -94 -52 -41 0 -46 -10 31 -50 -44 -84 6 45 -5 88 86 -32 34 -92 -71 51 -69 66 76 20 88 -27 -78 45 -60 64 -94 94 -30 -12 -50 47 71 19 -84 18 -17 83 -99 -28 95 24 -9 -38 -20 11 75 81 -69 77 40 -30 60 59 79 -76 64 7 40 31 -80 -24 -27 -34 -49 19 -6 -13 -46 92 -14 77 50 50 -2 -92 -68 99 10 57 18 36 24 1 35 -2 -39 -72
-36 75 31 -23 18 89 28 -52 -81 -44 69 -4 77 -14 12 34 36 -34 -4 -54 -53 15 -56 -33 97 58 54 73 -33 -38 -92 21 -20 -69 99 -20 90 43 77 -23 -76 34 74 -56 46 33 77 87 54 31 -5 -54 76 22 29 95 -91 -61 67 -17 -34 38 68 -80 -33 29 -6 29 -100 73 80 -51 71 58 -37 -43 -52 8 -64 -28 89 -76 69 -39 -28 20 6 -30 -38 -75 96 -23 5 26 -71 -73 -98 -67 56 64
49 64 54 26 -33 26 52 71 -26 -4 24 81 -42 -72 -8 -61 80 86 69 27 -4 -25 -28 -24 61 -55 -16 4 -77 -27 -65 -37 72 79 -75 23 -79 72 1 85 70 31 -29 44 52 86 -13 -9 79 -97 -90 -9 -42 -45 33 -47 14 -21 -84 -70 -36 17 35 -63 73 -72 5 -35 -11 86 68 69 90 83 32 -43 -76 -3 49 59 -76 78 11 -71 -78 31 64 -16 -16 -26 60 9 75 -71 -68 78 53 -92 -55 28
73 97 -70 64 -19 -99 37 37 -71 -4 -50 -70 -67 -46 52 99 -66 -66 -23 -82 -94 16 49 45 27 -43 14 -93 13 46 -31 41 -47 -57 0 53 -97 -68 16 25 66 -52 17 0 -34 62 59 30 -43 -97 -64 -40 -35 -57 24 -4 -75 87 -25 86 39 88 -76 -85 8 -78 60 -58 -85 93 -74 -65 60 73 -15 -88 -84 61 18 -82 26 4 90 18 -11 -9 -82 0 -57 -68 3 3 -3 -20 51 -47 75 23 28 -3
-23 -56 38 29 -95 -46 -6 -76 61 88 69 -30 -8 45 -82 -28 -71 -14 -95 1 95 -76 59 83 33 -32 57 -50 -48 4 93 56 51 27 57 -13 67 45 -100 71 -28 -71 0 52 11 -73 -55 -77 -87 79 -34 -73 5 -68 -92 53 48 68 25 0 -55 63 -47 43 -57 42 -31 -22 -97 -12 91 42 55 -98 -43 -36 -31 43 98 -3 -86 24 15 -58 -89 12 86 80 92 10 -74 75 7 90 -6 35 -100 -70 -50 16
31 -82 -59 50 95 -51 90 -79 -89 21 -40 64 -1 -47 85 40 65 5 -49 -43 62 -81 -86 30 -40 70 15 61 -99 32 19 41 46 -94 -74 25 -93 -63 -80 -47 -50 -14 36 -78 70 20 -99 65 62 -95 -9 1 -85 -13 -49 52 65 97 65 18 -51 -26 16 23 -35 55 -20 15 2 -54 80 -77 60 -20 -64 -26 33 -26 8 -85 83 3 61 -1 -90 -20 -60 -75 10 83 19 12 -3 42 -65 36 -11 -63 -11 -6
-3 -78 39 -74 -94 20 0 -28 2 23 -19 26 92 -41 65 25 -54 -59 44 64 -98 76 38 81 26 -11 24 -12 33 -34 84 24 -15 28 -66 87 -89 72 35 -59 -42 17 5 68 -23 -76 9 -30 -62 89 -11 29 90 31 -48 7 75 5 84 58 42 66 -15 -7 -85 -67 29 -41 74 5 -34 -55 35 32 58 -43 29 -83 -89 -11 51 -59 -79 83 12 -72 -76 -8 48 -93 15 34 83 52 -18 78 -48 -88 6 -25
-57 -67 76 -17 -36 52 -81 -33 14 21 -3 9 -42 -48 -40 78 63 48 -9 -96 6 10 -76 49 -79 87 -40 91 -45 93 -10 46 -7 82 30 -90 -82 -89 -94 -1 -21 -31 79 -98 6 -47 -16 -94 65 20 -59 73 70 81 -67 2 49 84 11 -93 -94 -59 48 80 -98 -82 -72 8 -11 -76 -58 -52 -81 -53 74 -73 12 68 -72 -91 -21 77 0 34 57 -29 21 30 88 -42 -27 91 -66 -17 55 -73 71 74 -24 59
-80 95 85 67 62 47 84 57 -15 -36 -26 -63 45 85 79 -89 78 -15 -100 66 -20 98 -53 29 -39 3 68 19 -7 41 74 98 -87 -91 -52 -95 -78 -6 83 59 -63 17 84 -24 -46 -75 -23 67 87 -69 94 -89 -28 84 -1 99 17 28 -51 96 -78 75 -41 42 51 -30 -16 -29 -81 53 55 46 -96 -20 -23 -71 20 12 -18 41 40 -58 2 95 -60 26 27 -77 63 64 -75 20 -30 63 44 29 86 -98 -76 18
-62 -97 66 -4 65 98 -99 -85 75 -63 -24 49 90 77 -35 44 6 -43 73 -93 90 77 -23 35 -85 -71 2 43 50 49 82 -81 -28 74 -30 -34 -18 8 -92 -65 26 23 -2 -93 58 -8 -6 55 90 -20 -16 64 -84 -93 76 -32 -50 78 -25 6 96 35 36 7 11 86 -1 56 51 -34 82 -7 -30 0 37 -74 92 -76 -10 -73 93 -18 -90 -51 10 -9 52 -95 -87 -26 61 15 26 49 -16 -66 30 -73 20 13
21 -18 -43 66 30 -60 -65 73 -6 -49 77 -17 -39 -63 -8 -4 21 22 -16 92 -5 96 -40 50 -18 -10 -21 -78 -77 -68 32 56 -27 93 94 -5 -95 52 -96 52 -96 48 79 -33 -39 -35 -85 -87 -15 -6 83 53 26 -28 26 18 70 -67 11 -99 -30 11 97 60 -24 93 -12 61 -94 -47 -87 83 68 -74 -76 -88 4 -55 31 48 -67 -50 -98 -38 40 56 86 -22 -41 -77 -83 46 -7 20 -77 34 53 -17 -46 6
-86 -31 -73 -41 90 81 -19 54 14 24 16 99 -61 88 -51 -96 -16 1 -21 17 79 2 14 -92 64 -14 -81 39 10 -17 68 73 -11 50 -85 56 86 -40 -83 25 -4 -74 14 -20 -63 55 7 64 49 46 83 -76 -73 13 41 -65 -29 95 7 51 -36 -89 -92 -61 5 -75 -55 -49 -26 58 -42 -82 -50 29 12 93 5 -10 69 75 43 -22 -31 -82 -68 -11 -15 -66 -89 -36 9 -84 73 -28 -86 30 37 -9 88 -19
-53 55 -82 -11 27 91 -26 -82 -77 -21 -29 76 8 -33 57 -44 20 -15 -96 91 -10 97 -6 45 8 86 -6 3 12 73 77 92 -5 5 -18 71 -85 37 65 -7 55 38 45 53 88 39 81 -44 -42 94 85 -95 -36 2 -94 -46 51 27 27 -71 -74 68 27 -74 0 24 57 69 72 -44 -96 -47 58 -42 -70 -90 -35 8 1 55 -35 5 -54 -39 -71 98 40 -26 41 -8 -41 -51 0 83 -46 81 -89 -23 46 66
92 49 56 22 44 -13 -28 -18 59 92 -88 -14 -81 9 -66 -56 -50 90 -86 19 -75 74 77 -48 64 -32 -32 60 -32 48 32 62 -56 79 -23 -35 -49 -85 64 59 59 52 11 -9 -99 0 -54 -100 31 35 -36 -22 13 -51 -1 -33 -60 -51 35 18 -17 51 -40 73 96 46 -18 -42 -96 -92 22 55 -61 -16 -37 28 75 -88 -8 -9 -14 96 89 56 99 91 -74 -13 69 -9 14 -50 51 98 -15 -32 32 -28 47 -5
-18 54 20 66 -98 85 65 -13 -63 26 -96 45 -74 72 -74 -94 83 86 -9 18 58 70 -73 -38 97 15 38 -69 -47 12 -86 54 -59 -87 5 72 -85 -46 -7 -65 53 -40 -96 26 -86 -7 69 74 -14 -84 -32 0 13 92 -24 5 -46 -5 67 55 -93 -51 12 -46 62 23 -81 7 -37 3 -54 -23 -4 14 72 11 -87 12 32 19 -29 -2 73 34 -12 -18 19 72 89 36 -89 -77 69 40 -98 -66 -60 -91 47 -9
63 18 99 -80 61 81 6 -49 96 12 58 -92 -76 -18 57 93 -75 43 -86 35 45 62 45 -17 -41 -80 64 -89 -28 -78 10 69 29 -9 9 -40 94 -60 -46 -100 28 -67 11 -94 -43 26 59 66 63 -83 52 -78 46 -5 13 69 -63 -44 -39 47 -71 33 -58 -11 -80 68 -57 -15 -18 81 -46 6 -56 92 -23 -66 94 -12 -48 -2 -78 -86 21 2 89 -30 70 -84 -65 -26 5 4 -87 -39 77 -49 61 42 -80 89
76 5 31 32 65 -25 45 67 -76 97 -27 48 34 73 -30 -68 -13 91 41 -24 23 -48 -3 48 -51 84 -5 71 87 -87 -58 -76 -35 -20 91 -36 68 -99 -2 -93 58 23 63 -70 2 57 52 -34 -64 -56 -88 94 -39 -62 -63 -43 66 -79 -67 47 32 4 12 32 24 18 -36 -6 -70 72 24 41 -45 35 -38 15 -25 -10 -69 -25 98 31 20 87 2 -100 45 37 -61 97 -18 81 -28 -28 -9 -50 -80 -19 -76 63
-32 -55 34 -99 77 -4 18 72 44 -8 23 -88 -10 7 -52 73 -5 -34 40 30 67 -15 71 14 -84 -51 90 2 80 -82 46 -27 -14 -92 73 36 74 -18 53 -55 72 52 1 77 57 40 49 54 -19 -40 73 41 23 40 43 -59 82 -15 39 -82 -5 80 -39 -35 -9 26 10 40 42 -70 91 -12 18 79 90 67 31 -44 -12 -97 91 -79 -64 95 53 15 -100 -65 -33 82 -39 39 -63 66 -86 -32 -25 86 5 17
9 17 -52 84 -82 -67 -60 -99 -41 8 66 55 -21 47 10 -58 -56 -37 9 15 -39 58 78 -74 -77 -7 -83 -75 -19 -13 -74 -55 74 63 68 35 -56 -73 -73 -66 14 -47 -55 51 88 70 -15 -12 47 -76 -9 38 4 16 65 -32 -43 46 79 54 34 -88 -100 -68 -81 -63 78 -14 80 -92 86 56 -81 47 21 65 -61 7 -98 -76 -29 -70 74 -16 95 -70 -92 44 -96 -28 -17 -54 -49 47 56 -64 -77 -74 -60 -63
-91 -45 -40 -83 7 -58 -29 16 8 26 -24 -8 5 -15 86 77 65 -81 6 29 -15 39 43 -81 -7 -72 4 -32 41 98 47 5 9 53 2 -88 80 -2 69 -90 89 64 0 46 -92 43 -76 -48 -43 -5 -98 5 -86 -6 46 -68 88 -1 -82 31 90 97 80 -77 37 -69 34 -48 -5 0 87 52 25 32 -70 -49 44 31 -16 90 -67 -24 67 76 -87 7 -21 89 58 89 30 48 24 -27 -83 55 52 38 -91 -33
-67 9 60 71 85 94 92 8 84 -65 17 55 -20 -16 23 -11 97 9 -89 37 -43 52 69 75 -84 -68 93 -39 42 99 29 10 32 -88 -35 72 -61 95 -26 -81 59 15 52 -30 -19 -29 21 -2 23 -63 -78 9 -17 30 -10 -23 -83 -58 -44 30 97 92 -71 -13 21 77 -69 -18 -72 47 -57 61 -42 -34 -79 -5 -19 89 20 86 -62 -15 -79 93 3 44 -44 21 20 -90 42 -22 92 22 -45 -81 86 -19 55 38
61 -8 95 -83 14 -12 97 -86 76 12 32 20 -65 34 -97 -27 11 19 36 70 43 -31 -7 5 -69 27 -27 -42 9 67 30 13 -26 75 -26 42 31 29 11 30 -14 -2 -15 98 11 -72 75 79 50 -75 53 91 10 -37 24 -78 -29 43 -9 84 -63 77 35 -59 70 77 -75 -76 -65 59 88 40 37 76 71 -76 91 27 -100 88 91 77 30 -19 13 40 -48 -83 -59 65 -37 -93 66 86 -63 -92 88 -55 50 -39
52 -96 21 20 22 42 -30 -5 77 -8 -72 -61 -20 85 -2 54 54 91 -59 93 90 27 2 41 3 18 -100 3 -36 12 -75 -14 -9 12 34 77 -55 -97 21 -68 23 -67 26 92 -43 -82 -73 35 74 35 -84 46 -34 -93 -29 94 -12 38 -7 -15 -40 74 9 -99 30 -16 -75 -21 74 -45 93 -70 65 -64 -88 -55 92 8 -25 -56 44 -42 -88 51 -100 68 -67 -38 -15 -16 -42 48 -58 -20 28 11 84 53 35 38
8 55 -93 96 -9 25 26 -26 -43 -3 82 99 18 -13 -62 9 -71 -41 62 -28 74 91 -94 -95 -73 18 3 22 83 -95 -52 46 27 -77 -90 -12 19 25 -41 92 5 -50 5 44 43 -74 91 -24 60 11 53 67 -43 -54 62 83 -74 30 37 -59 -30 -39 97 64 83 -66 67 -38 -56 9 -58 81 -80 28 44 23 -93 89 11 77 -71 -63 4 -20 -40 -41 -90 47 37 28 22 -38 96 87 -18 94 -69 -39 73 6
-25 -62 -71 34 -66 40 -60 27 24 -94 -83 -3 28 93 1 -34 11 68 63 90 90 9 8 -2 -31 72 2 5 -39 33 14 -31 17 -22 -31 62 -31 2 49 73 91 58 -8 77 32 -96 70 40 79 54 98 -100 69 79 41 82 83 71 48 70 84 -21 8 12 61 -2 11 90 35 -74 -24 -91 -35 -25 41 68 82 -66 -5 50 -63 -79 23 9 7 -28 -68 -27 -18 28 59 61 -91 59 30 64 59 58 27 -74
82 90 -12 12 0 73 7 -42 -68 35 51 48 59 11 40 46 87 -77 2 2 61 -65 -68 60 -83 10 -73 64 -97 14 -84 -9 61 -87 73 -21 78 96 -31 -4 -24 -86 -7 52 53 -91 -50 12 -62 2 92 -72 50 12 97 -93 12 -52 34 65 -99 -16 34 -45 -89 33 -54 -7 8 51 35 81 -32 -5 3 10 -21 88 -55 1 49 63 70 25 43 -61 -99 91 -47 -70 79 -53 -9 12 -30 32 52 64 85 62
-59 -49 72 -66 32 13 -32 22 -52 -19 -14 20 -74 15 65 -56 -41 0 99 89 11 55 -68 -38 -10 -50 69 22 -94 -92 40 73 -20 14 -5 -9 77 48 86 4 43 -36 87 -83 -89 -99 77 -22 85 54 11 5 -76 11 -9 -98 -53 14 -53 -11 -35 -50 96 23 -35 19 -76 65 -82 56 2 -86 -71 -46 62 -34 -57 -19 33 74 -62 -43 -27 -32 -62 88 -58 -11 12 58 -54 -73 -50 81 -3 -84 80 81 71 29
34 48 33 -58 -89 70 -64 34 84 48 68 -13 45 -30 -10 -68 -49 -62 86 48 89 -7 -40 87 57 96 -53 -47 65 79 63 -9 -5 98 32 59 -81 -96 5 11 -40 76 -59 98 -31 69 7 -29 -11 4 30 65 70 -75 -97 8 -19 96 -41 43 29 60 67 83 -11 -70 -37 -31 -59 44 97 71 -69 -20 47 23 -27 -67 -34 43 49 53 56 -38 -25 -7 50 -84 -41 -94 21 99 -85 -13 -90 -86 -85 -51 -64 9
50 20 -12 -64 1 -25 15 -100 18 74 96 -76 42 61 12 -73 1 -57 -56 -66 -40 53 -75 -70 -54 -20 67 -72 6 76 -78 -68 88 -16 76 44 5 -21 -22 -98 38 2 -90 -97 -71 45 91 -13 -53 61 -81 64 94 38 -95 33 17 57 -69 51 -91 -41 40 63 -81 -84 30 16 -18 -5 17 99 -8 -65 -75 -93 -59 49 -25 0 93 8 -22 61 -71 -32 93 3 80 57 17 -73 20 -96 -77 -9 -83 39 -8 67
21 5 22 -97 1 -79 -31 35 4 74 -5 36 -97 96 56 25 -11 -17 79 -7 -11 50 -82 33 6 67 -94 -49 -85 -99 -74 57 -81 -6 59 0 48 -39 23 -6 15 -79 60 70 33 56 12 3 -98 -7 -5 24 -37 27 -79 -7 -59 -34 91 61 -36 -47 -16 63 78 31 -97 3 -27 30 -84 -6 -10 70 78 14 -84 -53 -63 -70 31 92 88 -67 52 -51 50 -93 95 -42 42 -27 25 -7 -100 54 25 89 -79 4
36 -15 18 82 40 3 71 80 74 26 -67 -65 -61 2 27 -51 -38 15 24 68 -78 45 -55 -48 -96 -3 38 74 -75 15 -22 -27 -81 8 49 53 85 -31 -97 -12 -84 9 84 -1 -70 83 -69 69 -27 85 -13 25 -52 84 -49 -70 27 55 5 -30 74 -97 -31 42 -30 -23 60 84 -46 84 28 6 51 8 -46 25 99 -21 -51 -42 95 48 62 -10 30 -79 27 12 -3 -93 -91 96 87 -97 61 58 -87 69 89 -31
43 -80 -90 -97 -65 -43 41 46 47 38 -36 -48 -15 21 62 -21 12 70 -62 -76 81 83 84 58 -39 50 86 53 26 -74 -9 -95 50 52 -73 6 83 -88 72 -63 96 -49 51 66 59 -99 10 -19 22 61 7 -96 -83 -49 84 -61 1 34 -15 69 -78 12 63 -32 83 -14 -33 -84 83 60 -78 29 66 93 -93 -97 -47 25 -37 47 -62 49 38 -30 -34 -6 -76 93 57 -96 -67 -74 65 -32 20 -69 98 61 -20 -73
-51 34 92 53 -6 -90 48 -17 54 -31 7 65 33 90 -17 69 -95 -28 -84 88 3 63 65 -72 -20 -10 -35 98 59 -45 5 -78 -20 -27 83 27 8 -64 99 -5 10 -53 -96 64 -80 69 -20 -79 66 -69 -100 52 8 41 32 -72 61 87 7 75 69 84 13 44 -29 14 39 -36 75 -91 -44 -78 88 -32 -36 43 48 22 -31 56 77 62 -85 -52 -60 -92 31 14 96 -79 -58 79 -97 -13 72 97 26 -64 31 81
72 -26 99 54 42 -75 17 9 -52 -94 -33 -23 98 56 -46 53 68 -77 23 17 -52 -93 30 -11 30 -29 -65 -32 11 11 -29 -12 41 -77 -39 -85 -7 -58 92 -72 -7 91 -76 -46 46 60 -97 77 -40 -63 6 -68 -74 46 65 -11 62 -71 -77 49 5 -24 74 15 -96 82 -53 8 78 47 -69 22 38 84 -96 -74 -65 -52 82 -90 -3 -6 61 62 -4 63 -72 91 8 99 22 63 -38 35 -83 -97 -65 81 -24 -77
