-59 20 34 -32 -19 86 -28 -4 13 -91 -98 57 -77 -73 73 41 -91 -14 46 -42 87 98 39 83 -67 73 8 -28 18 62 -10 -29 68 -32 40 61 46 40 -94 -5 -65 97 -41 47 -35 -58 44 18 71 -46 79 59 11 86 38 -4 61 -19 -87 -26 -96 -86 35 -52 15 59 -30 -24 60 8 19 -72 16 13 -91 10 -21 1 81 63 2 -53 65 45 91 -84 -24 -60 -44 62 28 66 78 -50 52 49 21 33 12 29
-26 -18 91 22 -13 15 -10 -45 -73 -63 75 -5 47 14 -61 -60 43 63 56 -32 -54 -50 83 72 32 -21 51 30 -32 -23 -95 77 13 8 98 12 -22 10 86 -29 -59 60 8 91 -95 73 -73 -29 -46 57 71 26 31 -25 32 -80 45 65 20 -49 38 -89 -68 22 45 -33 55 -77 80 11 -51 51 30 -84 -30 22 -32 -92 2 82 96 -32 7 -62 29 -12 81 -84 -85 69 -84 -83 -61 -15 5 75 -38 -21 -46 -82
-70 83 -92 -70 67 -28 54 95 44 56 85 40 82 -45 86 -87 -49 -64 -55 -81 -12 -87 -13 46 12 -28 27 -27 -20 -66 -69 1 53 28 -43 26 -76 80 75 5 -59 65 -2 -28 -97 -30 78 -25 -61 2 75 -15 -23 13 91 65 -96 9 -76 15 21 -21 -99 -91 2 81 -23 80 -37 -65 58 -50 -75 22 79 33 41 -57 71 -31 92 66 79 -61 -36 31 61 63 -44 20 57 9 18 9 54 -20 -21 -86 -20 40
-80 -20 -89 69 -28 -41 -96 42 -93 26 4 13 -100 17 82 -3 40 46 41 -51 46 -29 -87 -10 -40 -51 -17 57 -27 34 -83 -97 58 -15 12 18 81 89 21 13 -72 7 14 -30 -44 50 -71 45 -71 78 -7 -22 68 94 -31 -2 98 52 29 -56 -95 -48 35 51 -97 -10 -92 8 -12 88 8 50 4 -18 50 52 36 20 37 -96 -75 87 -8 -3 -95 -24 -28 91 73 -76 73 -47 86 50 -84 -22 82 13 -36 -25
-5 36 24 66 67 9 -18 -52 37 70 -13 79 -96 20 71 -22 -52 69 -26 -75 -30 -18 -82 -6 -23 49 -6 48 -44 -56 -88 -11 72 -49 -55 16 -39 80 60 -88 -27 46 -47 93 55 -85 -52 12 4 90 -3 -4 35 -70 38 -51 61 1 -86 41 -4 -20 -49 -52 63 -81 46 -53 -43 73 -24 86 89 86 -62 35 61 -5 60 51 -74 -79 82 -12 81 41 0 -37 -45 26 -29 43 25 84 -10 -50 62 -13 80 96
-41 27 -68 -1 -79 -36 -8 48 -83 -30 -70 78 11 59 -57 -21 25 89 29 89 34 -38 34 -48 11 57 -16 -16 -40 -4 2 51 63 -81 36 -25 80 65 -50 75 25 -8 -74 22 25 -21 67 -18 51 -21 -64 29 -5 1 -91 13 67 -54 61 -52 -59 62 67 15 12 49 29 -23 -31 80 -15 80 37 -100 -39 -91 -81 21 -3 26 -70 -93 56 16 -40 -72 -100 45 -61 13 -43 -63 76 -23 86 -23 61 -37 26 -48
59 95 -26 67 96 3 -95 62 63 96 -65 -82 14 -16 -72 -35 0 79 72 -45 22 -47 14 46 -94 -93 46 84 -25 72 62 -63 64 97 56 19 4 84 -44 1 -19 -4 -36 -55 77 20 40 -56 -1 47 64 52 79 68 -36 58 -45 13 98 -33 -57 -58 -85 0 29 -44 97 -21 6 98 64 -2 54 90 -60 -59 -36 -73 -4 34 70 40 74 20 -54 75 -73 -23 79 88 25 30 90 -53 -33 -22 -51 -1 83 -57
10 90 55 -56 75 -45 -40 61 -10 45 -47 -13 83 -73 -77 74 13 99 18 -65 -15 -11 92 -13 -72 -46 -74 39 -29 81 -45 79 -87 56 64 79 -79 -7 -71 83 -39 88 -59 -35 4 -53 -51 54 66 12 -91 0 -77 -65 -49 3 -4 -75 -10 83 -30 -17 -66 -35 64 -34 -19 38 87 -17 -77 -15 -62 41 -53 -93 -30 51 28 -46 25 91 50 35 -36 -86 19 12 37 -34 -28 -80 -54 -29 93 1 6 66 4 51
40 21 -94 74 -60 44 37 36 -34 79 17 39 27 -69 -18 -35 48 18 84 2 -59 42 -94 14 -21 -65 -33 12 92 3 11 -91 -45 56 -34 51 2 11 68 -85 -62 6 -1 -32 11 -36 -87 -71 -100 -25 68 -40 84 -12 30 -36 -96 20 78 71 57 82 94 77 -43 45 -96 2 96 47 -93 6 -45 -51 -71 -48 -49 -60 30 35 -9 -81 45 -35 15 -18 84 -54 -85 45 -68 -32 -70 68 -91 92 -29 -37 43 -36
39 -24 -14 95 -72 24 -18 23 -9 -49 -97 14 37 59 -82 -69 69 36 -62 -2 11 57 -83 -47 13 80 -25 -2 -95 73 -10 49 -7 -63 40 73 94 -14 -63 -11 59 21 -100 73 65 -53 -38 -68 -9 -57 -39 -99 -93 -38 8 -25 -73 -37 -51 40 35 14 45 69 16 43 -4 77 28 -15 46 71 -21 -57 7 -25 -14 -57 -5 67 -6 -44 -85 94 69 -21 85 -15 14 -71 -5 -97 18 65 -38 -83 -9 -14 88 -56
99 90 -61 50 -69 -81 8 -89 8 -74 -57 99 68 16 47 -92 84 23 -68 11 -55 44 -16 20 -11 67 -79 54 16 57 2 59 -51 -73 -12 -83 51 97 81 -19 80 -34 -44 59 -2 70 65 80 89 -17 4 -1 -97 78 -21 -88 53 52 -81 -86 31 72 54 79 -17 34 87 -14 -19 44 -74 -12 10 56 -41 35 1 65 -32 -46 83 -38 -22 -59 -11 57 95 -76 -28 75 -61 -6 89 -80 54 43 41 -28 12 -75
-21 -85 -76 49 37 -29 27 6 75 49 23 38 -76 -96 -75 97 64 -69 -96 23 -13 -26 78 83 -100 -68 -48 21 85 55 -82 -63 -99 -22 9 -95 44 -86 74 41 -54 89 99 80 -86 -25 -49 -20 18 -48 28 13 71 -54 -18 35 95 16 -34 -51 90 66 54 -55 56 -90 -43 -50 -73 -91 56 19 14 -24 -61 -45 -61 33 -95 53 -95 51 -94 -78 13 77 54 -19 -4 82 -37 -9 -1 -50 -84 -69 54 -19 44 64
25 52 -95 -60 -87 85 -14 -41 -20 74 57 46 -69 54 78 38 -77 96 27 -84 -65 -81 64 93 -91 -84 49 72 -39 -23 -74 73 -91 21 -76 73 12 70 -45 78 7 -8 -26 -91 -63 -21 -89 -90 -87 90 -47 12 91 -61 25 -18 -48 -32 -18 -32 88 87 41 47 56 29 90 -32 -43 43 8 29 -60 8 3 37 3 94 -93 66 -22 10 -96 -67 -24 40 -41 1 -91 -18 -89 44 52 36 68 -83 65 29 82 16
0 35 19 27 93 95 62 91 70 -21 -44 -91 20 -36 -37 42 -20 -43 -23 -46 -16 -60 16 44 -32 16 68 -84 64 12 50 40 -73 -24 11 94 -15 24 75 84 71 19 -75 68 30 96 -76 -30 63 -49 -40 10 -86 96 35 86 -6 35 -80 64 -66 27 14 -14 19 -71 -28 -58 -46 -89 48 -53 -30 93 -91 -34 -96 -96 -100 37 -42 -12 -95 -71 98 42 -30 82 73 35 -40 34 -15 -91 -63 -17 17 -5 -67 88
57 33 -40 -52 8 -63 53 70 15 0 -47 -18 -70 -76 -26 -27 24 93 -76 2 -45 -61 -10 -93 -73 66 90 66 -73 -20 34 -79 69 -46 -20 -93 -7 -94 19 50 -59 53 -16 -47 24 -73 -6 -85 79 -27 -12 -62 98 -7 -94 91 -51 47 47 -86 -55 12 34 -59 -30 5 39 -36 22 -30 76 54 66 -43 69 -53 -15 40 -39 5 -48 -14 28 40 85 4 25 70 -76 56 -3 -55 -12 -11 47 31 86 -14 -87 11
-47 45 -11 -91 -78 -78 -90 64 -80 18 34 -47 -98 -43 98 -8 -24 29 55 -76 73 20 69 -44 13 98 -23 -45 -87 12 -43 2 28 -49 39 47 -47 93 17 98 -69 -31 55 -14 -23 -81 -15 -53 59 -74 -53 -96 -11 -20 81 -77 86 28 96 38 -35 76 -47 -28 3 35 89 69 -68 42 -83 65 90 -57 94 -25 -74 -51 -20 -50 22 61 -44 -25 -51 38 -3 -20 -30 38 31 10 -78 -41 51 17 40 55 -5 -99
2 26 40 88 -9 -16 -19 -49 65 18 8 30 79 32 -5 80 66 -82 -45 44 6 -45 72 -3 18 34 -16 89 -57 -71 98 -38 32 -55 -84 -32 20 15 -47 98 -32 -42 -44 -55 -85 35 55 34 94 -43 46 62 -4 -14 -20 -2 23 -36 94 -82 78 -69 -67 39 -77 -76 73 63 5 60 -56 50 77 81 -16 -8 -6 4 -94 42 18 -54 15 98 -52 -10 34 -9 6 75 26 92 -6 47 46 -83 -85 -31 -80 1
87 40 75 -70 60 50 97 -34 63 50 -43 54 69 -35 45 -15 -77 55 -82 44 99 14 -79 -12 68 67 52 8 70 71 -24 -83 22 -67 -78 31 -99 62 -91 -52 81 -17 -54 74 -52 -72 -64 37 44 -7 70 -52 80 -54 12 -65 -52 51 49 76 72 5 -76 95 -86 8 34 -28 42 21 28 90 -4 75 -60 68 -21 37 15 -28 -28 15 40 -44 98 52 14 -9 60 3 -31 72 -44 -70 -29 47 -55 -57 16 -17
25 95 81 -29 -23 41 -62 44 58 10 37 -13 -58 -16 -7 49 -71 -43 -50 -10 12 -29 53 68 1 -67 -19 -54 -32 77 38 -48 23 -35 -17 44 68 -100 94 -6 -39 -6 19 22 56 -2 -31 -14 2 45 36 58 -16 50 81 78 32 86 7 39 92 -6 45 83 -98 40 42 61 -98 -45 22 23 -21 -88 -53 36 98 35 37 -57 16 59 -71 -16 -94 18 -23 -34 3 15 76 56 60 -38 -67 30 -96 -39 -38 -19
56 0 -56 4 -9 -28 87 53 -83 -69 37 97 26 80 -2 14 4 4 -56 -41 -27 32 -82 -52 -2 39 -61 55 -77 23 96 -72 85 28 68 -53 -58 15 -28 60 47 -90 -75 36 -62 -6 -77 35 45 -26 50 -6 80 2 80 30 98 60 -61 80 85 -69 77 93 19 9 56 -51 -87 -10 -64 -44 -24 -89 -80 -10 -28 -39 -72 -16 -9 -65 -16 24 97 50 -50 -76 43 -79 -97 -7 14 44 -93 -74 61 -11 -80 46
67 -21 54 -41 -29 -56 -44 80 -56 96 20 -44 -10 89 33 51 28 57 15 -47 35 -51 75 49 62 -1 -21 75 78 8 -24 -55 4 -51 -83 99 -26 44 -14 21 59 92 -54 -50 22 30 -58 14 -100 -25 -29 -16 16 -1 93 -65 -51 39 -37 73 -24 5 76 -21 -14 26 -20 -10 -44 56 28 87 -89 -8 65 17 36 59 -92 14 4 17 -58 17 -4 -97 62 -45 -41 38 21 43 4 15 6 77 -30 -60 -41 -24
82 -50 -69 -47 -8 -38 67 38 70 -28 -96 56 11 -67 -19 40 -26 22 81 76 -27 91 -17 -26 -97 -6 -99 -74 90 -12 -17 41 -16 47 90 14 -44 12 -11 26 84 -43 -99 64 48 15 54 -79 45 -76 48 91 -60 -62 -59 -42 74 84 -21 -47 -30 -18 89 -15 -26 -63 29 -85 -36 -71 91 -93 -35 68 -7 -14 -25 -45 7 -4 -59 -60 62 69 31 -39 -95 82 -56 -60 14 -12 -14 91 -58 15 -31 -50 68 -21
64 -32 -61 75 16 -56 -72 -14 -87 -83 67 55 81 76 45 43 -22 58 98 -51 34 11 9 8 52 -95 51 9 -92 -81 31 0 -22 -46 84 8 -26 90 -63 33 13 -1 -29 -87 88 -74 -28 -86 -61 -44 -53 -90 28 42 24 -49 -52 3 -27 94 -36 -13 64 8 -65 51 -98 11 -69 94 -4 44 -38 -39 14 -60 54 8 71 88 -48 -27 33 66 1 41 -28 -45 -40 85 77 -67 -22 1 44 -88 -52 79 -99 -67
-80 -7 66 -93 -48 6 13 74 -16 -67 -81 26 74 -56 -26 -99 -53 9 9 66 98 37 -48 37 29 55 36 62 42 48 -78 -31 57 48 2 18 22 -8 -17 -15 -87 25 62 -19 81 -66 31 45 76 10 33 -32 24 45 18 29 17 -80 65 45 -30 91 18 18 91 1 -57 -32 -72 -40 68 -30 -62 98 47 -51 96 93 52 -26 47 33 -41 -4 -60 -2 29 -74 56 88 22 39 7 -50 -24 24 -62 25 17 -70
-11 -33 -50 71 -9 34 -72 2 69 13 -24 40 -21 41 -93 -52 71 -70 30 67 -23 55 57 -91 70 96 -75 45 26 24 -33 35 77 -28 25 82 19 58 -34 20 17 -66 23 -44 -60 -61 -42 83 -90 28 67 98 -94 94 -55 67 8 43 74 31 -57 -26 92 40 -30 -25 -49 53 -99 -54 63 -74 29 22 4 78 -13 56 -46 24 -64 92 54 -34 80 -76 -91 -45 30 -68 -35 33 33 -69 88 -30 -81 3 -44 7
69 38 -64 18 -2 48 -78 92 -57 -12 -20 -88 -4 77 -7 4 -91 -1 -71 -98 58 8 -26 60 36 -11 34 -93 -100 -46 -51 10 -39 -40 -36 -51 -17 57 56 -48 35 -25 -34 -95 -66 61 5 -77 -56 81 58 94 36 -32 53 96 -60 45 -69 -59 -11 94 65 -95 -5 -65 -32 72 65 25 38 48 -51 84 -5 79 -16 35 70 72 -70 43 20 90 -47 63 -71 -35 75 21 -19 93 76 56 41 -28 14 -4 -53 -47
82 -50 4 49 20 46 67 13 17 -99 -33 63 -32 -42 -35 -90 39 -44 70 71 -1 -51 -18 49 5 -56 -50 65 -60 -30 87 21 -71 71 89 -29 65 -43 22 -74 39 53 19 69 -45 58 -94 26 -43 -93 43 -49 -41 -17 85 -77 27 49 3 -25 -68 -24 63 -48 -92 58 -94 -60 15 42 -40 -22 9 -58 -45 -84 -25 -72 53 -10 -5 -93 -47 90 74 0 88 -37 77 94 -86 -96 -68 -63 99 71 -46 -90 -63 -58
11 55 36 79 42 -14 -7 -60 -95 84 90 -62 55 -84 0 93 11 -90 4 -90 -8 59 61 43 -46 88 -44 -55 18 0 81 -91 49 9 -36 62 76 -81 -59 -68 -23 -99 94 -56 69 -15 -34 -23 -96 -58 93 -41 90 85 -57 90 25 57 93 95 91 31 88 -66 -50 -30 -48 -53 10 -56 -82 12 7 -2 11 78 26 -27 -76 85 -72 97 72 -66 1 15 -55 73 -87 72 -100 52 -75 89 34 70 13 -18 38 65
14 -96 75 20 34 -53 -20 55 68 -70 -72 -92 -1 7 35 -8 -86 58 65 90 -55 -38 8 20 74 -97 -58 -42 24 -41 5 10 0 42 -40 -72 -80 -38 54 19 7 14 -85 -30 -89 86 5 -33 -98 -3 85 33 -47 43 74 28 -38 -74 14 15 75 9 59 90 76 83 -47 27 -17 -55 -61 97 -48 23 43 37 -11 19 -89 -66 -44 51 -96 86 55 -48 -98 10 -20 97 52 -10 69 -100 15 -86 -58 29 64 -63
-91 34 29 -34 62 31 -89 93 54 -90 38 75 54 75 -83 26 -100 -5 -77 8 12 74 -27 82 -21 -12 -26 53 41 -79 -99 -7 -11 -52 47 33 89 41 74 88 12 -7 35 -87 -13 77 -28 -81 37 67 -67 -3 -62 -52 -100 78 68 69 28 59 97 6 -59 -14 59 4 -67 -56 -5 -18 -1 -48 57 -80 -99 -63 57 -46 -47 -44 -9 10 -68 -56 21 -97 91 -52 75 26 85 -66 -38 82 5 -14 15 -20 -95 -56
86 40 -62 58 80 -60 4 91 -100 55 -53 11 30 -16 -71 -96 26 57 -48 6 -88 -71 49 -90 18 -7 -22 59 -81 -15 -82 33 21 -60 20 -93 -84 15 -3 42 82 -23 -43 -63 70 86 -31 88 33 56 -24 43 -5 22 -39 -94 65 -89 35 12 -96 -21 -35 78 95 -37 70 5 -21 45 27 27 36 56 78 92 -48 -6 -91 49 -6 -94 63 -65 14 73 -49 -53 -22 82 -34 16 -47 79 -43 -7 3 -38 39 -89
-10 -12 89 29 75 47 7 93 65 -86 -48 -60 -37 -84 -92 -58 91 12 2 69 61 75 64 89 -94 43 -11 -38 39 -67 -41 65 -78 90 22 13 25 6 -2 -46 55 -76 91 -65 -51 34 42 68 -72 5 61 82 -100 -8 28 15 48 -31 -74 -18 -7 39 70 -87 7 87 55 13 89 9 48 -72 -16 41 55 93 -16 -21 35 7 -55 26 -53 -6 -82 79 53 -72 -4 -15 -22 -60 32 -45 16 -35 89 68 -76 -25
35 -80 -25 97 -80 0 94 14 -69 69 32 74 45 87 -93 64 12 29 13 -44 57 9 -34 43 37 25 -23 -14 -60 -23 59 -6 -34 60 -94 70 -97 22 -23 62 -10 -73 60 -22 -46 86 -92 49 0 98 31 -12 -91 -61 3 34 33 74 34 75 69 -62 6 -49 -7 -13 -81 76 -55 7 -72 -53 6 -14 -14 -30 -90 84 68 88 54 -97 51 -83 -65 -50 -55 -22 53 63 -11 90 -79 87 -34 -2 -13 5 -94 50
70 57 -85 -96 29 74 -99 -69 -67 -44 -11 74 70 29 59 -20 68 0 89 60 81 -77 -63 51 84 -27 -100 -11 -16 -77 -10 -18 38 30 -13 -72 -13 90 55 -8 85 10 75 35 76 70 -66 67 -39 -84 -64 97 -23 21 -56 78 15 17 -82 15 -60 69 -39 97 -77 -46 -60 37 53 91 93 -35 -13 74 -38 24 70 -67 -32 96 87 -14 -33 84 -93 -70 78 40 -6 5 74 6 -97 66 89 67 54 75 18 -24
-27 -38 -2 -74 -96 34 -54 -93 22 74 -89 7 27 -4 -75 -78 -1 19 27 -86 49 -17 64 -12 81 -52 -4 -95 -66 20 79 -26 -81 31 -16 -80 -4 -70 78 -39 -25 -98 11 -10 -35 -46 -24 -55 -31 -42 59 42 50 -54 -51 3 29 -72 -55 28 -93 -49 -45 1 -42 37 77 -15 -30 56 -77 48 -88 -29 92 84 -25 8 -82 -63 -91 -11 66 95 2 -32 -21 -60 28 49 -39 10 37 -96 -97 -79 -23 78 61 -2
36 79 -56 -90 28 -34 61 36 -56 42 -37 94 -8 55 -69 83 -68 -83 -72 -39 -25 40 -62 50 -85 53 99 -63 -28 87 -74 18 -13 -45 92 -34 35 38 -93 -29 74 67 -66 -97 60 60 27 -80 -70 86 -37 -79 58 66 79 56 -92 -25 34 81 -44 -46 26 84 76 18 69 80 -69 -81 12 -1 -47 32 66 20 -37 88 73 52 -30 99 -52 -67 99 -78 71 5 54 94 -55 -2 81 46 -43 82 -56 -54 -97 7
7 11 -92 94 -16 39 -93 -98 52 59 -45 73 42 90 85 -33 99 -83 94 -37 -6 42 -68 64 -11 11 -26 72 -62 5 47 -33 -26 68 -7 -63 -7 27 -4 -21 -40 93 22 93 51 -68 55 94 -64 -86 -48 -99 -63 28 -1 -1 -60 49 14 -96 -40 61 15 53 69 -49 93 -73 -76 -83 62 -47 -3 20 18 -31 90 89 -90 -82 -74 96 98 35 -58 -79 -7 -61 -69 36 85 -73 91 -36 50 -10 38 86 64 -28
13 -36 96 -24 91 -99 -5 -78 -62 12 20 62 83 -93 88 26 -95 61 26 73 35 -5 21 -21 -91 -78 12 86 -44 40 20 -16 87 85 17 10 -99 -87 -39 -39 13 33 87 -47 -49 17 -50 66 -1 56 28 -20 98 61 36 -45 -78 10 2 -73 -19 72 -90 82 -60 -17 -13 -77 94 53 68 81 -23 -24 -50 10 93 -36 64 -35 -75 63 -26 -51 -39 -54 -15 73 -16 -56 -36 -61 -1 77 10 76 21 94 -70 -91
5 -41 73 -26 -82 -69 -34 -99 9 81 68 -2 -37 91 -25 58 -9 11 50 49 23 -55 10 25 97 32 -43 42 -57 -38 81 77 -54 48 12 -36 -12 -53 -65 -36 39 41 43 39 -17 -59 -90 0 3 -15 3 82 -40 64 -25 91 41 84 -40 97 -20 49 35 -32 -7 -66 29 22 -70 42 2 64 -99 7 1 71 63 97 35 -24 -41 -47 24 -89 -80 -71 -62 32 -16 -19 -86 43 57 60 -61 81 42 89 -89 -73
16 85 97 31 10 -32 -30 -97 31 93 65 -4 -60 -19 -96 -11 -94 -61 -45 -38 63 -89 12 94 38 38 60 87 -25 38 -53 -35 43 22 -6 19 72 33 -24 -52 -48 54 70 -32 -81 -14 24 -5 6 -7 79 12 -85 -11 -19 -82 99 -69 -9 48 -68 40 93 55 -1 -57 10 -47 38 -49 13 95 -47 63 -27 -50 -87 -48 -52 59 -94 49 -5 93 -49 -64 -68 54 -35 -7 43 55 -18 86 19 -76 -9 99 35 69
69 -89 37 94 59 46 67 -70 -57 -32 96 -89 24 -36 -47 -90 -91 -31 78 -74 75 -82 44 29 -34 -65 -71 70 75 -37 -86 98 -98 51 -28 -1 92 -54 87 6 -43 -73 -88 21 -3 -21 32 9 39 -40 -90 26 -83 -86 65 86 -18 48 -26 -85 -96 45 -86 -93 -16 21 -19 39 -14 19 97 -27 58 -82 -42 -68 -60 -33 15 -45 4 -12 -49 -26 81 -48 -75 -50 98 16 38 -44 -10 -35 -97 12 -52 38 -53 94
-53 -61 94 -2 -72 76 -42 -76 83 33 6 -10 -26 -57 -40 41 8 21 75 19 -45 52 -25 13 44 85 -76 93 -98 30 27 -72 -30 74 57 73 -41 68 26 -23 68 -83 85 56 -14 40 -86 25 61 41 -22 -94 -79 58 -44 90 -2 31 71 -25 38 -14 74 43 -67 90 -95 -22 0 -84 80 -52 -89 -33 59 -27 19 -57 70 17 -5 88 -21 22 99 -34 26 -32 -27 -10 94 -36 40 91 -72 -11 40 -75 -18 1
93 3 -20 -18 -16 52 -39 -7 -54 24 49 -26 -75 25 -80 84 37 82 85 92 21 -44 75 -86 -17 -1 -98 -69 -79 45 30 -56 -82 -37 -34 -66 -99 -67 22 4 -15 -91 93 -92 -36 -21 12 -27 85 73 -28 84 -36 21 -92 76 55 64 -100 86 39 -62 82 -58 -16 -17 14 36 17 6 -1 -15 -96 -85 -30 62 -86 46 51 -33 -11 99 96 -79 69 22 -88 47 -70 99 -21 81 19 -19 20 -15 42 27 -25 -77
-6 41 9 -83 54 -23 -95 29 -59 -6 -78 -93 -7 -96 86 -59 60 22 -81 -52 83 40 94 -97 -43 52 43 -96 46 -73 98 -27 39 -40 86 -25 47 -11 96 64 10 -76 -75 91 78 94 1 -49 88 24 -94 9 78 39 -1 65 33 -37 -96 -75 -47 -30 60 43 66 65 53 10 -24 -38 -4 -37 36 53 -64 61 23 -50 -5 24 -20 -32 -91 -19 -51 45 14 -45 11 92 36 22 75 5 50 -78 -31 -8 14 -38
-90 20 -33 68 25 56 -67 -90 46 4 22 -50 72 -6 -21 37 47 -80 0 -31 76 75 1 30 -31 -50 9 -67 11 42 31 -44 -96 -4 42 38 49 2 -95 58 32 39 10 88 -10 96 61 -28 -63 33 -14 -32 -85 94 93 38 -48 -38 77 -79 18 -90 59 -51 20 -57 -86 62 91 25 93 25 40 -18 -71 86 0 -93 -84 93 -40 37 16 32 10 -40 5 -42 94 95 32 -23 29 -18 -71 27 -38 51 -24 97
55 -1 -97 -5 -88 8 66 -11 96 -56 -86 -21 64 -89 11 -24 -59 -1 49 49 89 0 9 41 50 60 -62 54 -64 -47 28 31 76 75 -29 2 64 38 13 -72 97 -14 79 54 43 -41 53 92 -71 -85 -44 83 12 -83 -11 -47 42 -90 -37 24 -23 61 -77 38 -10 -90 -96 -49 -99 -68 -14 -4 11 -37 -91 -28 -100 4 75 -12 38 46 94 88 19 -51 25 43 71 -87 -75 95 -38 -30 10 1 32 23 -75 70
65 9 -7 55 -73 18 -20 57 33 88 1 20 42 24 62 47 75 -33 -69 66 95 -2 -92 10 -64 14 -21 99 20 -47 58 -52 -75 -16 -90 12 -76 52 -71 73 -58 87 -96 96 -56 68 56 -87 61 -89 96 76 -37 -73 7 42 -55 23 -23 53 19 -20 -48 45 -72 98 52 -77 -86 90 -30 19 -50 -96 -54 99 -42 84 67 -18 -54 -28 81 80 77 48 -24 23 -85 -72 -58 42 49 87 -51 37 -9 12 14 20
-57 -45 -46 -90 70 -15 -2 51 81 -100 69 68 90 -24 76 65 -77 -90 -74 44 -83 74 77 37 -44 -95 15 -96 19 60 29 -66 72 -26 50 95 -54 -20 49 28 -85 -56 82 -11 14 -85 -35 -97 26 41 76 51 54 -36 -24 -60 3 78 98 -51 -48 45 54 29 -15 -74 42 -84 -51 58 27 13 18 59 90 -6 -49 -32 -100 -74 39 36 -60 -46 55 -20 -70 -24 -75 39 55 -86 15 59 34 -18 74 -90 72 0
19 19 55 3 -5 -50 43 -39 -90 25 -94 59 -6 -4 -42 -67 86 7 -83 23 94 52 21 -40 -37 49 -46 -62 68 -2 -13 82 72 98 -93 -51 -64 -41 -18 -75 -71 -46 -88 -98 90 -49 68 77 23 94 65 85 -62 99 -64 -78 21 -98 -50 -50 82 -13 85 -37 20 82 68 69 -100 11 9 86 -59 -87 20 -79 62 -11 -12 33 20 -95 2 22 49 -62 57 14 -1 0 -89 2 -54 -74 -95 -65 36 -67 -60 -82
96 64 -86 42 6 -69 -3 -100 -79 2 43 -84 -55 -3 -74 19 -19 -70 -85 63 -20 71 31 -1 55 -3 -40 -50 31 -31 -96 42 -2 -2 -40 -95 25 26 36 -38 -45 -44 -73 15 -87 -68 -63 41 -53 -66 90 -77 -10 -34 74 -65 -71 -58 14 99 -24 -75 34 -32 -70 98 -65 -36 87 -15 86 79 14 -21 -64 29 -81 18 -98 -40 -47 -70 -12 -97 21 -58 68 47 -15 -84 97 86 -61 -59 -32 95 55 45 -34 -27
70 72 -73 -10 56 34 -78 71 5 41 62 -24 14 5 -92 -63 -67 87 26 2 4 26 -72 90 -32 -15 91 -71 -16 54 -66 99 -93 14 57 -72 60 47 -74 22 61 -75 56 45 35 -71 -95 -5 97 -69 10 68 -79 -28 -34 56 2 -98 92 98 -80 -45 18 -6 -30 82 88 -47 41 -75 13 84 -45 -46 22 -20 25 39 55 -19 64 29 61 9 67 -86 -87 5 -33 -98 95 -45 -44 36 55 -84 59 -38 -45 -5
-90 29 -46 50 -62 -51 -43 76 -47 47 -53 -30 -80 72 -60 -55 88 87 -89 84 -53 -41 31 -3 -50 -25 -85 72 -41 -47 33 88 54 -87 -56 -80 94 11 35 -94 -94 98 -40 -42 -29 71 39 -35 -54 34 -28 52 -39 9 -65 -2 35 51 -40 76 39 58 96 -82 12 88 -13 -72 36 -70 -19 -6 24 -49 45 -89 26 24 45 28 60 10 65 92 -42 -8 -5 98 24 36 11 -78 93 83 -7 86 -97 -8 40 -55
92 -76 69 -29 63 -65 68 42 18 -74 -62 14 60 8 -22 -20 33 -60 -40 -11 -84 -94 -70 -70 -68 -31 93 60 -14 96 32 -62 -75 -86 95 -29 33 25 83 -6 -84 90 84 36 -36 -50 52 -13 -56 -1 16 37 -87 10 -80 -82 -47 -28 -1 46 -43 -17 -24 -78 0 -57 -43 51 -73 -78 -99 -57 -30 41 8 58 -42 -3 -42 -49 -5 17 -79 15 86 93 -60 58 -5 74 5 -30 -70 6 -12 -74 -99 -47 -89 15
-46 -67 -40 17 78 37 92 41 59 64 65 -81 68 53 -40 15 -20 -82 40 34 76 -31 -94 9 -8 92 -89 -29 -66 -73 -79 -38 84 -44 28 23 14 -90 -20 66 -5 -23 92 -59 50 -41 -40 -11 87 6 95 77 96 -74 -42 -57 -39 84 -53 79 -73 21 -55 57 -46 31 -64 -28 -98 -87 55 7 34 -87 -83 96 -55 -7 -86 -45 -83 -47 -51 -60 -84 88 55 -74 41 99 83 -17 61 -18 53 -58 12 20 83 14
56 -22 -26 -79 89 -4 96 -56 -26 92 32 -11 -46 -70 -96 -76 -24 -22 -18 -62 -65 -27 76 73 -30 95 -44 86 -37 62 92 -41 -64 44 78 -94 -77 44 -64 -82 -50 -10 85 -28 -43 55 -12 13 -11 -52 -34 -21 -71 83 43 -5 -29 7 72 65 -9 -24 -42 82 -1 -25 2 -47 -77 48 -13 35 52 -38 -63 13 -86 -62 12 98 13 95 -43 -61 36 81 -88 -32 16 -93 17 35 84 92 62 25 -26 91 -15 23
-88 -56 79 88 17 -24 -40 -8 93 89 30 -31 6 17 65 38 -45 -12 -9 48 -40 -48 -63 -5 -21 -2 8 63 7 14 -55 -99 -74 2 61 69 50 30 92 -20 -31 20 -4 -75 -84 -11 18 -79 28 26 -71 85 84 -46 26 60 -32 23 50 28 88 -17 91 43 9 -25 77 63 68 78 29 99 -54 44 -63 52 -3 -25 74 66 67 29 99 82 14 -34 70 40 -66 20 -51 -29 -92 -36 -11 86 17 -6 89 -34
71 24 -39 -60 -29 94 62 4 -89 -1 -42 -47 -35 18 6 -7 76 1 23 44 -2 -21 -57 20 -17 59 -76 21 -70 -62 66 81 45 -100 -61 -63 -65 82 53 11 -81 70 -14 70 36 -96 56 6 80 87 58 -21 -40 47 7 -80 -16 -33 78 85 59 92 -57 25 -75 -5 69 -60 -23 -64 57 37 -32 -27 -78 -9 98 -83 38 53 71 -80 35 -16 30 -61 94 -35 47 -32 -91 9 2 16 26 97 53 -13 47 -46
64 66 -25 -63 20 74 -94 45 4 47 93 17 -84 -9 -11 -32 -13 -90 -93 -52 -50 -4 58 48 -46 -11 -54 4 -99 58 13 -99 31 -17 -72 78 61 31 -71 -22 52 76 36 51 83 36 84 -31 31 -46 8 22 70 24 -34 34 76 -92 -41 50 26 56 -69 -99 92 -43 33 87 -86 74 58 18 10 14 8 91 76 77 -96 66 52 27 6 70 -70 67 85 99 78 75 41 64 50 49 50 32 48 44 55 -55
-53 44 -100 25 -23 14 -27 -14 -91 19 -9 15 81 78 13 43 10 80 73 57 39 -44 30 -82 -71 -16 69 97 95 -58 -97 61 -75 67 27 13 -50 98 -73 -16 -12 21 22 24 -2 -98 -36 -16 -99 -25 -66 -7 -67 -51 67 12 16 -26 68 21 -25 58 -5 -11 -66 70 64 -22 -10 36 52 37 66 56 1 22 87 66 48 -35 -44 -7 56 1 46 -21 69 -68 2 99 -11 -67 -56 -83 71 -14 67 23 3 -65
-46 -27 98 61 68 -46 45 61 -73 55 -1 84 80 -84 8 80 20 0 86 -85 -96 -67 21 -1 -9 11 -69 -47 89 -81 -92 -90 -32 89 55 26 99 4 37 -3 -18 -87 -25 58 59 -28 34 -26 85 -78 -60 9 -85 -87 -54 95 -40 37 -28 79 -11 -1 -47 29 32 26 26 14 -22 66 68 26 -74 -40 -21 80 88 20 -8 48 3 38 8 91 72 85 -65 9 -68 -58 92 29 -59 92 -94 -89 -94 -75 -52 36
-32 -59 6 -52 -81 -79 -38 -64 -29 -12 -27 77 -78 -32 -1 54 -70 -18 48 37 -17 1 -20 76 -59 29 -26 35 -15 -35 -67 -66 54 -51 -82 -45 25 62 97 -91 -46 6 68 -63 30 -62 30 85 -95 -56 28 -76 -88 91 10 33 58 -98 -75 -26 19 -96 48 -6 28 4 -98 -100 72 87 81 44 -23 -50 64 -53 -14 73 30 -64 -98 21 -100 -98 57 57 -6 -15 -92 -33 -2 -3 -86 12 28 -97 56 -72 -15 -77
35 -58 -87 -54 -67 55 -100 64 99 41 -19 -26 -82 30 79 -83 10 34 36 -50 59 21 -18 -68 -75 -96 -99 60 23 -21 -27 36 -67 -100 10 43 -29 28 -69 -64 -15 -80 -38 -5 21 -13 -51 61 98 55 -89 -6 -40 0 58 -44 -93 72 7 56 99 31 8 -10 63 33 -39 -24 -93 -86 90 -83 -86 -2 -53 28 84 73 -11 54 46 98 -24 -31 -4 -82 -33 -33 -21 -53 19 -20 -45 -14 -75 -15 -91 -57 67 25
27 10 66 91 -87 -14 59 3 -32 -13 -87 81 12 77 98 -73 62 56 -74 -25 26 -95 -47 -47 27 -82 50 -92 42 30 -88 -68 9 -20 -76 80 -25 22 -17 -76 77 19 -10 61 -9 -26 13 -90 33 71 -58 90 69 8 28 14 -36 -56 -37 37 -13 -72 73 -26 -50 24 90 -23 61 63 69 -57 65 -29 83 -40 46 59 77 -20 24 -63 36 -6 38 -36 -7 26 -24 -47 -65 78 -68 61 93 -27 29 52 47 39
64 80 -44 75 -25 -9 -19 49 -66 59 -53 -28 -49 14 -73 -7 50 8 77 69 96 8 -9 -91 -54 -64 45 -36 -19 -96 46 -42 84 -62 -99 -89 39 -41 -47 79 -52 86 53 75 -12 56 23 -31 59 -2 40 16 71 86 -63 2 84 -81 59 -34 -69 -10 7 -71 -59 84 -24 -65 -49 74 -67 -25 75 25 -20 66 82 -76 14 -95 -15 30 32 88 5 -24 3 -78 -1 -55 68 -28 70 33 -94 27 -1 -39 79 20
30 -2 51 -67 77 60 92 31 12 28 11 -67 49 -84 75 -14 -73 65 -29 50 -93 28 59 -88 13 22 16 -70 24 -63 -43 80 -36 75 91 -78 -28 -16 -90 9 -98 -9 -28 85 -8 -75 57 -59 27 -77 -67 65 -24 -33 77 73 65 91 0 60 -9 -85 -80 25 18 -39 -45 -85 31 38 71 -82 76 33 86 22 22 -40 79 49 -62 -97 37 -85 66 30 -20 -50 62 -59 -100 -26 -74 83 42 -57 47 -48 10 12
81 79 -78 60 -19 -28 -70 48 86 -49 -38 -93 -98 -15 -16 47 -70 35 -97 80 -50 99 87 -55 -56 37 4 -74 26 -75 5 70 83 -28 69 -64 -33 5 27 -29 37 84 -13 -94 72 61 40 -76 -43 -31 92 -31 50 -41 -76 -53 65 -25 66 -40 33 -95 4 71 44 -64 49 27 51 -71 24 -49 35 19 -75 -48 -83 52 -59 -73 -41 54 -70 -18 84 93 93 0 -95 81 -44 -53 5 2 -52 60 -44 -38 -6 39
4 73 -15 85 94 -56 43 43 -70 22 -41 -29 24 -1 3 -71 -95 22 -72 11 -65 -25 -5 -58 -37 52 34 -71 -59 89 26 59 -47 -2 70 62 -78 60 48 35 2 61 -80 86 -73 74 34 39 -17 40 -63 -71 -88 92 67 52 -38 21 -59 32 -32 4 -83 -61 49 -39 -47 38 26 -21 23 -65 -86 -80 57 -90 45 68 12 -72 29 90 93 82 96 -67 -80 -6 -84 49 71 -88 30 -93 -14 77 -92 -35 18 34
-31 72 37 -77 17 18 -37 -99 -95 64 -97 17 91 91 4 -89 -21 -88 -8 79 85 -52 20 54 83 -81 -90 -10 -67 34 63 86 45 -72 37 -38 97 -29 -87 34 -82 -66 94 21 -21 24 -12 -84 -5 66 97 89 -89 77 79 99 83 -68 -97 10 12 6 39 52 88 -59 43 29 59 52 78 84 -76 94 54 9 -97 -6 45 61 25 -62 -19 -2 -85 -58 57 -24 -83 96 88 -84 -59 -67 -78 68 -59 18 -44 32
-77 19 4 23 -80 -22 -76 -18 50 92 -11 57 25 -90 73 46 48 -23 52 -35 49 85 -7 55 11 64 85 3 -56 91 5 -75 -58 -83 94 81 8 70 -50 71 83 85 95 92 -95 -89 -8 14 89 57 9 -7 72 6 91 83 -14 14 -91 43 50 62 21 -53 -87 37 83 47 -38 91 17 -38 -7 94 -28 -29 -76 68 73 55 -52 13 -76 0 90 -65 -62 97 -43 3 23 0 28 29 14 -24 -44 -15 -4 -22
39 -19 -49 -45 92 -13 81 88 -35 34 -3 53 -100 -99 2 -81 61 13 -24 87 -1 78 -67 -29 -22 -72 0 -96 -93 3 -27 -37 -58 -63 12 -81 -84 -46 10 18 72 -93 -82 -63 -7 83 -91 66 -27 51 -9 -52 -10 72 -5 -74 -59 -66 -100 12 23 76 45 7 -63 -49 93 -89 -46 90 -5 -9 -63 98 -23 -85 -78 -59 -92 -67 4 46 -27 -80 -60 -25 49 -49 8 -55 6 -82 0 76 94 -77 72 -37 44 -94
-22 67 45 -73 86 99 -46 34 90 12 87 -37 -75 -75 -17 33 -99 -58 35 -19 -33 -15 -73 72 -54 -28 -56 -31 16 -91 -74 33 -15 -9 36 -68 -91 -16 34 -5 -31 25 -58 -28 -87 14 -2 38 -53 -19 -67 -37 -78 -4 41 20 -8 84 88 83 -89 -70 92 -15 -27 -5 -58 87 92 87 -47 -100 25 -98 -32 -4 45 -52 -85 -28 71 -45 -43 29 0 -80 -41 36 -17 53 -70 72 88 86 -87 -46 82 -9 -82 -69
-10 -28 79 48 95 -63 -82 -40 -45 69 45 71 60 -83 -55 69 58 -40 -93 -23 30 26 -95 -33 69 97 86 28 9 -98 67 64 -87 96 -8 -19 -19 84 23 -8 26 30 86 -29 -35 93 -7 39 -17 77 -82 66 -13 -70 6 -96 29 87 5 21 -67 -10 92 65 53 66 63 74 -97 -88 -2 -50 41 97 -60 57 64 -61 -98 10 -42 -6 15 83 15 66 -81 -12 -68 38 31 -5 -41 20 6 17 35 87 -68 -48
59 46 -30 38 -94 -23 -19 -44 12 78 53 14 -53 -70 6 -83 64 8 98 -56 68 -99 -41 -98 95 -14 -48 -85 -59 36 -86 55 51 -42 -12 73 8 -37 -55 -61 80 29 -36 -45 -98 51 -54 11 -44 -51 -28 -64 -97 22 -75 91 -26 45 -46 -50 33 -47 9 -39 -10 88 -98 -98 -30 39 22 -14 66 -4 24 -42 11 -8 57 -18 -60 83 88 59 -35 66 -61 12 -89 95 69 81 23 89 52 -62 -27 0 27 29
29 -61 5 -78 60 -79 95 94 -12 -1 67 -56 -60 65 -58 -3 90 -80 34 -36 -58 -96 32 -4 -57 -30 40 21 98 -49 -35 -100 86 -1 -62 -53 -89 20 -16 -99 17 -62 39 -38 41 -34 98 59 33 -92 2 -13 74 -11 40 94 -93 42 63 -86 -20 -70 13 22 -85 2 -9 -78 2 -1 38 85 -46 -97 -17 -55 -26 13 72 45 -85 -70 70 36 48 47 -6 -26 90 -2 -58 62 -31 -20 -93 -66 -32 55 99 -74
-51 -26 -52 37 -20 -81 -50 -4 84 -1 74 1 27 96 -86 61 -3 -64 2 45 -72 -11 97 -39 -18 -13 8 -61 -81 86 63 -58 50 -93 -39 51 -86 94 76 -55 -14 -22 -88 59 -62 62 -74 83 -1 84 -74 52 11 -47 12 -67 -42 69 2 -8 44 -5 -91 -85 -83 -75 -74 -59 -63 87 15 -73 -49 16 48 56 -89 48 53 -83 14 4 -30 -29 -65 0 56 -77 -61 48 48 -49 54 -51 -83 -69 -86 -93 -85 -81
5 -19 -59 79 4 17 -27 -7 -29 -7 -71 2 -8 25 -57 -9 -6 -23 31 -44 25 -35 11 -6 36 -40 44 -28 -12 -14 -8 -35 -24 -92 -53 83 91 62 -72 70 60 46 68 -56 -16 -88 62 15 -82 -65 41 -12 -92 -91 -58 45 67 -41 -90 -24 3 56 -30 89 60 -17 -13 79 61 -62 -20 54 -22 -67 -43 64 -32 -31 78 79 -40 51 -58 65 -20 96 -17 97 -28 -61 81 -1 -52 63 55 -21 29 82 -63 -57
-65 -76 16 81 -86 -49 12 -29 -46 -18 -71 -36 -37 -36 -64 61 31 -46 15 -71 56 -86 -73 76 -95 21 -39 -33 -91 46 -4 -89 23 -99 65 -58 -84 73 74 94 -8 -5 10 18 -99 -3 18 28 52 -42 80 32 7 -80 -34 -15 24 -55 -28 -78 6 -11 -86 73 46 51 -65 -30 -40 -36 -76 67 36 -76 33 -45 -9 -23 66 30 -66 82 93 -32 -18 57 -15 33 -90 87 -60 73 70 36 -60 -45 42 68 -51 -7
4 -93 86 43 -19 68 21 97 -47 78 -89 45 -2 -68 -10 5 24 74 4 -39 -75 -76 -46 48 68 79 -80 19 -81 78 -33 -63 -96 -77 -83 98 63 -75 55 47 -44 6 37 -24 -4 7 58 -83 -42 69 13 28 -26 -46 -74 20 -73 -10 -7 -18 -66 -62 -10 -9 -48 -88 -80 92 -78 -2 -48 -91 -18 54 -61 -51 96 22 64 11 70 94 -58 72 -16 9 -74 -31 18 49 64 99 25 90 96 -48 -23 29 10 -82
62 -63 -53 -29 14 -30 67 74 73 -99 33 37 18 -72 86 60 66 14 61 -94 -3 -54 -98 -97 -53 -36 25 -99 -76 -34 -15 5 83 46 87 -18 -69 11 -42 16 -54 -69 -30 98 -20 76 86 -37 8 -51 92 -79 33 -89 -75 -60 -40 -70 39 17 80 11 65 -19 65 64 -59 -86 -87 36 29 -16 46 46 69 -74 -76 -56 21 28 15 -97 -5 45 23 -39 -35 34 -63 -26 -40 27 -61 -82 91 15 39 88 40 -43
-48 -49 75 -43 91 64 -5 -47 1 71 76 59 -12 53 -27 -70 -86 -43 -89 86 56 8 -78 -64 33 -14 42 -86 -74 -92 99 -55 31 -93 -54 17 53 96 86 -23 -36 -49 -28 62 -48 -43 75 -10 -31 -75 5 -40 -81 91 -16 -24 25 80 71 -80 -95 88 27 88 -18 -94 18 38 22 9 -15 95 -68 -96 31 21 39 62 36 -42 -14 69 -85 -27 4 -62 48 48 68 -40 -42 70 -43 -83 1 54 -59 80 33 54
75 -90 -19 -10 50 -75 63 -93 28 -21 58 -10 22 83 -83 80 -5 74 51 -62 -74 -53 86 82 -36 85 -77 50 29 31 7 70 37 -15 -26 50 7 74 -88 99 96 53 -24 92 -44 67 -37 63 5 56 44 -82 87 65 -31 30 61 -33 -47 -45 -17 -29 62 19 -27 98 72 -81 -46 -31 -84 94 -37 -2 69 73 69 70 -39 -99 32 -76 80 55 -55 -42 -32 52 26 -7 34 85 29 -87 55 -57 38 -33 -48 -45
81 6 -39 77 29 27 72 44 -40 -56 -61 11 68 94 8 96 -26 -67 18 42 53 64 -35 86 85 47 -30 -34 -67 -47 95 58 -29 -6 -97 82 -75 -26 96 32 51 -13 -31 -58 5 75 40 91 -21 69 31 72 82 -93 -41 -12 15 3 36 -50 -53 61 -12 47 96 -36 1 -86 75 -26 -19 68 93 -79 -8 -35 -9 19 19 -2 -38 29 13 71 95 -1 -52 -26 64 12 45 -41 16 21 62 78 -44 -11 99 43
-89 -6 -1 -61 82 -19 70 71 -56 -78 61 69 80 77 -46 89 53 -81 -43 -65 53 -13 93 -24 -6 21 27 -55 -9 -27 72 95 -18 -32 9 8 16 76 90 22 -76 92 -42 41 -77 76 -73 -52 17 -93 -83 69 5 54 60 94 8 69 37 67 -78 -71 -96 -43 60 -73 -2 65 53 -45 -59 -79 64 74 -38 -100 31 35 -77 -51 -38 -19 -61 -26 -5 -92 83 52 -40 -39 9 -16 16 -74 -39 33 -56 0 -25 83
48 70 -7 -64 -5 88 -18 33 76 -15 72 -79 -41 56 -2 -62 -27 -60 49 -64 -95 -23 -58 76 -48 61 61 44 -82 66 -50 -59 -4 50 -9 -96 84 54 4 87 -98 97 67 44 91 -46 -50 77 36 -30 -10 -66 -29 10 51 7 55 -16 23 -20 21 67 89 -26 48 70 26 -36 -20 67 81 89 -72 33 90 -59 -52 -32 71 -56 45 53 92 58 5 85 -29 26 52 31 -71 -1 91 -25 -12 -25 61 83 84 89
-58 -91 26 32 -22 49 -93 -47 59 -76 -41 -34 -18 -33 -35 10 23 14 87 62 92 -50 -54 45 -35 27 -43 41 9 -50 -67 -66 83 -62 46 -4 69 80 29 -87 -91 -57 57 -67 36 -77 -62 74 41 71 60 -36 99 -60 -3 62 -63 42 52 55 84 70 12 1 73 -21 17 -98 -42 -70 -99 24 -98 -84 6 46 42 -96 -74 8 45 54 -27 20 -54 -77 46 -58 -12 -47 -41 98 -40 -76 -17 56 64 -83 -71 0
75 -67 92 -28 -6 29 58 -89 89 -90 38 -78 63 -80 -17 54 -46 -1 78 -19 -56 37 64 -46 -23 18 85 86 18 -53 -63 15 22 31 -17 42 2 4 55 51 -34 -1 57 -10 97 71 13 -25 -23 -32 -26 84 -18 -60 -31 -13 -89 36 -75 65 13 -70 48 -81 -12 -86 55 6 -60 65 -21 -27 15 -28 -66 97 98 66 -42 -30 -54 -37 50 66 -34 38 95 88 -86 55 93 -14 85 -87 -75 60 -50 31 -65 51
60 -89 -90 10 -8 -21 -46 33 -36 63 -93 24 64 -10 46 92 83 34 -51 80 66 81 93 47 -35 93 -62 -1 -92 29 21 51 -11 -7 -43 2 -49 -29 51 -34 -80 63 22 -88 -79 55 -12 -86 -49 26 -11 -26 86 -46 50 -19 -79 4 -19 71 -62 -51 -61 -83 -96 27 -71 49 -31 -65 -10 -23 11 64 -9 -19 74 70 86 -16 -31 16 74 -37 99 -33 78 -43 -76 60 -91 7 93 34 0 -69 -90 46 -69 85
89 30 37 -8 -96 -58 6 0 -56 86 -46 82 -37 96 70 47 42 -29 -29 50 53 20 21 -85 94 -62 -21 -99 -73 65 -50 51 -11 -6 85 77 74 -10 -59 25 66 36 -100 59 68 -39 -36 -58 60 -89 14 89 9 -6 -66 51 99 31 77 -87 60 43 45 -25 -26 33 -87 82 93 -18 -65 -53 -82 -98 -38 -67 73 46 -98 47 11 24 -84 -11 -23 97 -18 80 98 -50 72 -64 -52 -53 17 -92 -66 -24 -9 -81
-30 58 -77 38 -74 1 -48 26 7 -28 56 17 -51 -60 97 -67 30 -1 -22 -54 33 10 55 7 90 -18 -65 -99 46 78 70 48 -77 74 31 -66 6 -68 6 -98 40 54 67 -67 -2 31 -82 -14 -50 89 -6 11 76 15 -1 -35 30 9 74 30 93 49 76 -7 -98 80 74 -18 55 55 -17 -47 -47 -66 -79 12 -51 -7 26 77 28 -19 -81 -30 -89 -53 -83 -84 10 53 -31 86 36 80 -74 -60 -54 70 -83 -99
11 58 51 65 -84 -93 -33 -50 -33 43 -19 -92 -57 -53 97 -54 79 -98 -19 12 17 -55 -88 64 -28 -94 46 -61 28 45 -95 -35 76 -12 69 -45 55 63 -48 -40 62 -77 -45 24 -33 59 99 -83 6 -52 -32 -89 93 27 -41 25 70 37 -86 -41 -92 80 -73 -42 -16 51 41 21 76 -88 40 -18 40 83 -68 45 -66 -22 17 -15 -37 -16 -55 14 -82 76 -18 -98 -92 -16 17 -41 -73 25 0 88 92 -59 -4 95
44 20 8 75 1 38 -2 67 16 3 74 1 -87 57 89 99 -12 -47 -93 84 -7 12 93 9 87 -97 94 96 57 37 18 96 -2 -38 -38 89 -59 67 74 12 50 -35 35 -15 19 -33 -31 -46 -45 -29 55 39 50 -47 94 70 -71 93 23 -7 -41 -34 -24 20 34 -20 68 81 69 -68 -34 -10 90 54 99 93 -45 70 5 70 -92 -27 96 -71 10 -19 -9 0 63 43 45 81 59 51 92 -68 -76 -81 -82 62
-9 -22 -22 46 28 -64 56 -41 -65 -8 -84 76 78 43 -43 83 46 -40 -61 82 -73 -64 -60 3 38 -71 88 64 14 7 -76 60 -84 47 -16 48 -90 48 58 -83 43 24 47 44 -9 -92 86 6 -47 -16 39 -56 2 -89 -22 -59 3 -41 66 53 88 -75 -54 89 50 68 89 -98 90 -74 -6 62 20 14 97 -59 -14 -87 -73 91 -16 2 -36 -33 13 57 -89 88 59 -87 44 83 -77 -67 -6 67 -42 -72 98 68
-54 80 -28 79 19 8 27 -63 70 24 73 -23 -50 -6 -1 7 85 -5 -17 18 -53 38 -60 -12 -2 8 -61 -22 48 -69 -57 -24 -80 -94 -55 -51 63 79 -20 53 -80 -13 65 94 67 -18 59 -93 42 -45 -82 -83 57 92 -28 20 -93 68 -1 79 33 2 28 4 -71 40 59 -97 -97 -73 62 -18 -41 -82 92 92 14 29 64 -71 -80 50 -99 -83 -66 -26 63 72 3 -73 -59 -50 -39 -75 -77 4 38 -79 47 -38
16 60 -21 50 -7 -11 86 -55 65 -66 82 -46 56 55 71 -87 -3 -42 92 6 77 -90 -22 56 -22 46 67 -68 84 -74 -64 -24 -88 -66 -7 42 8 79 21 -90 -78 66 23 -17 59 -11 79 -69 -70 13 64 76 62 -3 -22 64 96 89 -28 -99 -26 -82 64 -86 67 -26 -24 -51 -20 -11 17 38 28 57 63 -41 70 -31 -26 -17 53 -98 -50 5 76 -21 71 79 4 -94 78 -64 35 11 -39 65 -29 -33 -39 -45
-88 3 64 60 -59 -18 -99 10 35 69 -55 -81 17 99 -90 4 99 3 7 29 -45 -31 -46 17 -99 25 63 -67 -38 -29 96 92 90 33 -50 -14 6 24 -95 8 -82 2 -58 62 -46 93 -41 -68 45 50 -11 -81 -63 7 36 -72 -17 23 1 -87 5 -22 -6 23 59 46 -1 -97 -2 89 22 -6 -19 9 -47 -20 -94 -13 74 68 65 43 59 -26 -81 -43 -12 -36 50 89 37 22 98 -83 -12 -72 30 5 -20 -11
-85 1 23 85 47 -10 85 -21 82 10 -74 44 -52 89 -82 -4 15 -65 -24 -95 -61 73 94 -67 20 10 58 64 89 91 -45 -31 80 -98 -41 79 -65 -95 -85 -20 78 92 5 17 -26 -57 -43 -21 88 86 36 -44 27 -64 -76 46 -38 7 66 -86 46 -66 -85 5 -62 -44 33 46 57 3 37 18 -32 29 3 -41 71 52 -99 -41 55 78 -45 -40 -74 37 61 -48 -5 75 11 95 -53 -29 -63 17 -65 -9 -60 62
-64 64 70 54 -13 90 27 -25 62 -98 80 54 -28 79 97 -40 77 95 23 22 3 -92 -4 -96 -32 -7 54 94 50 -46 17 87 -90 -5 41 -90 -33 -94 -72 -64 55 71 -73 -49 -25 -6 59 -45 -54 16 80 65 53 -52 -40 39 -77 40 -5 34 6 6 8 -7 26 -26 86 -6 -2 -93 67 23 75 36 12 52 16 -2 -18 16 -34 47 56 -94 -34 -74 -10 -13 42 -40 -71 -57 -16 -35 1 12 -76 -92 13 -11
62 2 -45 -83 33 -25 -53 68 -80 64 -63 -14 -18 66 -1 32 33 -3 20 -75 88 33 88 -87 -93 -41 -98 23 -20 -64 36 49 -2 -73 -11 -36 -44 9 -64 -24 -73 -2 -48 82 -53 -98 -11 -89 -33 47 -95 68 -80 -7 5 -91 82 -56 -90 39 -60 -62 53 -96 -17 -7 -8 -78 31 70 6 80 23 -11 58 -44 -77 -65 -94 -79 -11 -40 -52 31 34 44 -50 0 69 45 28 -48 88 93 -11 26 38 29 32 23
-67 -39 -41 47 -75 -95 37 -99 17 -8 21 16 44 41 -5 28 89 -39 70 29 -45 57 -64 17 -61 84 87 33 12 -53 92 7 33 -3 34 -66 37 5 38 -88 70 -73 17 87 0 69 -19 48 69 13 -20 -36 -31 77 16 -52 -99 -6 -23 81 -58 12 0 -83 -68 39 -36 79 88 99 15 -15 -1 -70 -58 -18 -31 56 -70 -89 -69 28 3 -90 10 99 51 68 -20 94 -100 -79 73 -60 -59 9 -70 52 -1 6
25 4 -87 -23 -26 53 -64 96 -89 98 -90 62 -30 -37 -64 -17 22 78 -69 32 67 -51 -16 33 58 -32 51 4 -90 -51 -34 45 -45 -3 -3 -82 32 51 22 -99 1 56 -70 38 22 -74 40 -16 -45 -63 26 91 -74 -92 -27 -82 -5 -60 -69 -92 -10 24 29 -17 56 59 77 76 -70 63 -66 0 23 -22 -31 51 27 51 30 36 99 82 86 -20 -60 -2 52 -13 -35 77 41 -18 49 -34 43 -88 -1 -33 65 -39
