1 79 -74 85 20 55 29 68 22 -82 -41 13 -86 16 -54 35 36 -62 79 16 3 47 96 97 -78 90 61 57 44 -76 11 13 -26 -97 44 -92 -89 60 94 7 -63 14 3 94 40 69 -99 -34 -33 70 -98 -8 -82 -99 37 34 44 -58 -9 -76 89 26 34 63 -80 17 13 40 -97 -16 -19 -7 -26 37 -61 82 93 3 -25 -4 -51 -71 22 -76 -44 -91 -12 -52 -14 29 35 -54 59 -49 -44 39 40 -20 -26 28
10 40 24 -27 81 -24 64 -14 8 -86 22 50 -89 41 79 95 -92 47 -29 37 -15 -21 65 71 47 -88 -63 -5 53 98 -6 -86 78 -5 13 21 -15 -14 -98 -13 46 9 -16 -14 50 87 62 50 -95 -24 41 -59 -60 49 -9 64 53 -61 -99 -81 15 2 -26 -79 44 45 62 -61 54 -59 61 26 -78 17 44 12 16 17 75 -97 33 56 -10 -19 -31 35 80 -26 13 -60 75 -61 15 -97 10 -1 -54 -14 -60 -33
-77 -47 -21 -36 -19 -57 18 76 -4 -74 23 -25 40 78 39 15 -20 62 -35 -86 93 93 5 -44 -54 -84 -15 -44 -19 -67 -37 -46 89 -65 46 -90 94 87 53 -64 -97 46 -99 -91 43 -45 -48 47 -74 77 4 8 -7 49 92 56 47 97 19 55 -7 -89 -94 -95 -3 -14 52 -13 -44 -92 55 26 -16 5 42 -12 60 -74 -64 40 18 -16 -61 83 99 85 -81 -50 36 60 12 -94 51 -25 -75 46 -6 1 -97 -26
-1 95 35 -72 77 78 32 -45 67 48 -18 -71 32 72 -100 64 -49 -89 33 -29 13 -17 -96 -92 -87 0 46 94 60 -95 -62 -14 -40 79 63 -84 -12 -22 -91 44 9 84 76 -15 50 25 4 23 46 -41 95 76 64 54 -94 26 91 -81 8 4 -88 -32 44 -59 -94 -11 47 -36 42 -86 -89 4 -70 19 60 78 83 69 48 -42 45 67 56 -12 45 75 14 -92 -95 11 -18 -21 -68 -79 90 -76 -53 99 -53 -21
-70 -7 -67 -7 2 -94 -17 8 54 -37 -28 -10 47 -42 -68 96 -71 7 -33 -3 2 70 36 -62 40 39 -54 11 20 -23 -47 -48 30 14 -2 12 -52 -95 -92 10 12 -12 -27 98 55 -100 -16 48 79 -10 -26 14 -3 -29 53 7 62 -69 48 -62 -12 -3 -95 -67 98 71 -95 98 -88 53 -46 18 66 28 -94 40 -61 42 88 -85 -81 -8 -86 -69 3 73 85 83 87 -28 -26 -24 23 55 -10 90 30 37 70 36
63 86 33 -54 16 -13 47 -14 -3 41 -43 95 62 0 -34 -82 11 -33 40 2 13 45 9 -57 24 -88 -37 81 57 -32 51 7 -82 -5 35 66 96 96 -86 55 -13 2 -37 60 11 10 55 -29 -97 -22 -18 -95 11 37 66 76 53 61 37 -48 31 -25 61 -83 33 -65 85 96 -4 -47 66 -38 -27 46 -74 -3 9 85 41 -46 37 -72 23 92 95 -56 92 60 -67 -30 23 64 64 80 65 46 -71 -81 51 -85
-100 -21 -29 9 3 -12 10 46 -44 84 16 -7 -6 9 -94 27 -56 17 25 27 -77 -45 -79 86 -28 -31 -28 26 17 -19 27 54 -50 -66 46 -6 -29 23 -95 -38 -70 -61 22 -3 -100 -18 -56 91 -35 -34 51 -29 55 -87 -51 57 -79 64 61 44 -80 -63 -27 57 84 38 -8 2 -59 -40 84 68 -81 -55 93 90 46 39 32 -54 64 -77 1 35 98 84 60 -14 37 -93 -51 -41 13 -52 -43 -17 74 -25 61 43
28 92 30 -58 9 -48 91 -22 -50 8 44 50 -61 26 67 -65 -88 16 -41 -44 4 -33 -49 98 -56 16 -55 37 -43 30 80 -37 31 58 -24 -46 42 -12 6 51 -58 28 87 94 88 -49 -45 38 33 7 -9 4 95 -12 -28 55 -31 -94 36 -5 -40 -32 36 -19 29 -84 -17 -1 1 -79 -84 -59 -31 -97 60 35 -45 -92 11 94 95 -94 16 37 39 47 -38 -53 83 91 -81 58 9 -99 -99 -25 -94 46 70 42
81 -82 97 -69 63 -79 33 -17 -60 18 -77 -96 32 -78 -92 34 71 49 99 -53 -8 2 41 92 67 -28 5 58 -5 41 -89 67 -54 95 -24 46 28 19 -93 13 57 -90 -86 -8 85 16 -52 39 -42 66 -78 69 -45 15 48 63 51 13 90 -22 6 33 0 19 64 10 9 -64 -74 -17 -52 69 -36 -15 -42 88 39 63 46 15 -15 -39 48 74 -90 21 70 29 -26 42 92 18 82 -34 1 10 27 94 -79 34
-84 69 -20 18 -92 -7 48 70 -52 -32 56 -91 40 8 -61 -7 -64 65 -54 32 -89 -83 42 11 94 2 29 82 36 49 7 -86 -78 -79 22 94 76 28 -90 -66 13 -44 42 7 37 -37 -26 85 82 -75 -70 10 -95 -8 -51 12 83 -6 -49 -69 -45 -1 -25 44 45 97 92 10 -100 72 -97 -23 8 57 -11 28 73 -11 80 22 30 -25 59 -20 -38 96 -44 -31 -22 -61 76 9 12 85 22 55 -46 38 55 -5
87 -25 -69 66 -17 -65 -55 -55 83 -10 -49 -77 3 67 -28 99 -97 70 -10 -86 -44 92 78 -98 -55 28 -72 81 -15 -29 34 97 -27 -68 -28 -1 -3 75 -44 68 -88 67 31 -81 41 -88 -66 47 -64 -29 -67 98 -68 32 -11 53 -22 61 -29 -38 -36 9 24 -41 -23 -56 -31 -55 -82 21 -46 -63 6 43 27 3 -27 -4 64 57 -53 -4 32 80 -95 98 -66 52 13 87 97 -67 -59 -37 66 72 41 67 -24 70
-70 -94 -31 -50 75 -36 -27 -73 -7 -22 -11 21 45 52 55 -66 -65 -56 -83 -14 -38 -49 -73 -74 95 -97 -18 7 34 -27 -42 59 2 -72 -80 70 -32 -74 40 92 66 76 -47 -38 -37 -6 66 -54 28 -92 91 -100 -96 58 -91 86 -17 59 2 71 41 -49 22 56 -10 86 -83 -95 33 -8 -81 95 78 -5 72 -68 -11 -49 51 97 -81 86 86 -30 -8 16 43 -76 2 -45 -67 26 -98 8 10 -94 -9 -85 19 -15
35 76 6 -50 -20 28 89 27 77 10 75 18 -38 -69 8 12 -41 0 22 79 -38 -62 -35 28 7 -28 22 34 -73 66 -19 27 -79 4 -32 2 38 77 73 85 -12 -59 -66 -52 17 -73 -13 -13 30 48 -66 62 -67 42 -27 -8 91 9 25 96 -54 1 -28 81 17 -78 0 45 66 1 -95 51 84 -56 99 -51 -74 -8 -41 -29 -99 8 -49 43 40 -10 -8 38 15 -6 -14 94 -97 4 92 -6 46 -74 -36 63
-87 68 -66 81 21 -26 -18 98 -72 91 -57 31 -28 -90 58 -7 15 -42 84 -16 -7 -78 58 89 -40 52 3 -49 -30 43 13 -18 8 96 -18 37 -37 -100 -97 -61 -71 34 4 -12 -47 64 -60 72 37 75 -61 84 45 -52 41 29 33 -79 92 -47 -36 -29 44 -81 -50 -45 -54 26 -67 61 35 -11 -92 67 78 -60 88 93 60 37 -40 -80 43 5 -62 -57 -71 64 59 -96 7 95 32 -1 79 -13 27 97 24 -86
-42 24 -69 -82 6 32 48 99 -68 -23 -77 22 -45 42 87 86 32 -80 -38 53 -80 26 -96 71 50 -93 -56 28 -40 -1 -95 62 -71 -52 60 21 -44 -100 95 -55 -23 15 -92 -96 69 3 -96 -48 -9 43 -19 -14 -3 36 20 -66 80 22 58 35 -20 -21 63 -23 -39 -95 -93 -28 39 21 -56 38 15 -31 -5 -45 65 -23 -68 -87 23 14 18 -97 -71 43 -49 69 55 -3 -27 58 55 95 54 71 -14 58 -21 -90
-98 6 -82 11 -6 58 -63 49 -55 53 55 -64 16 -93 -83 -70 -100 -75 -23 -12 -92 83 83 -39 -5 -91 74 41 -31 33 -58 -8 -42 -18 43 7 -39 -14 34 -9 28 -67 -55 -47 18 87 -42 13 82 -83 23 -77 -46 -36 49 65 9 4 -68 -100 62 -89 -28 48 3 59 -4 62 -82 -64 13 68 -29 78 23 51 82 -86 -56 37 14 1 -14 -88 32 17 57 27 -25 64 86 61 -35 -94 -2 86 -22 12 86 -74
23 37 51 -52 64 -99 -55 -6 3 -48 91 -61 -4 -92 -1 -53 -37 -83 -3 -49 -1 -65 80 8 -73 -9 -30 -75 32 -10 -7 6 -59 -12 95 80 28 -49 -61 -38 -97 -54 3 58 98 48 -80 86 43 -68 -66 88 -86 75 -10 90 -47 -85 31 -93 -36 -68 -34 -99 68 26 55 -67 33 83 -8 -59 -53 37 -48 93 54 -97 -50 -2 78 9 36 12 20 -3 -70 86 27 -45 -25 -99 -46 17 -85 3 -64 45 -89 -29
-65 -83 -44 40 27 50 63 3 27 -57 16 2 -27 -62 5 33 -68 42 -91 -5 84 -14 -85 24 -50 34 -10 92 -37 9 -33 -95 -14 24 -28 -34 51 16 -39 26 80 2 5 -87 -88 98 -67 -44 38 -67 87 8 50 -91 -98 -7 -79 -33 -30 -40 70 86 64 87 53 -4 -93 38 73 78 -59 58 32 -43 1 -44 -94 -55 32 -60 -8 20 12 -16 -34 -44 50 -38 -58 2 73 98 -34 66 -1 -55 -9 -93 -85 49
68 -12 38 37 -17 -78 45 45 43 73 27 25 -8 -43 23 -33 61 72 -99 -47 -55 42 87 58 -22 48 -75 32 -55 81 82 -73 -13 90 -76 -3 66 54 -33 50 72 -72 72 9 -58 78 -89 63 -47 -46 96 11 13 94 16 9 -24 48 -65 77 -99 -57 -77 78 53 49 3 27 -52 -62 37 93 11 56 26 -53 -9 11 13 50 21 24 -61 -58 -27 -45 13 86 -1 -76 5 -55 64 47 55 55 85 39 2 15
48 90 92 79 72 40 -18 91 -46 -100 52 -95 -34 23 -90 -83 54 74 52 -26 -17 -67 95 -15 -32 -72 32 83 -52 9 93 27 87 51 -86 70 -68 -85 19 38 27 47 69 -43 -69 -2 16 54 -19 29 85 -77 -30 41 12 -30 11 11 -59 -97 -76 -9 19 97 62 65 75 -7 40 67 62 -11 64 93 -26 -19 -4 -25 39 -12 -35 -32 -14 69 49 -17 74 22 -90 32 80 -42 16 12 -99 91 -5 -6 -76 -96
34 8 47 -55 56 15 -89 65 -65 -91 14 -41 -87 94 -66 39 31 -45 83 62 72 -80 27 39 44 -43 -82 -29 12 -55 -69 83 31 59 -91 89 -87 -50 -42 88 -44 -27 50 96 90 -13 72 -65 -76 -81 -59 -37 -4 -44 38 6 33 84 -30 -85 -55 26 -49 -67 69 -3 75 -76 -97 -96 53 96 -80 -44 -76 63 -86 -73 71 -98 38 28 9 -39 47 -15 -13 -79 -56 -66 -52 -71 -19 74 49 15 -45 36 -37 78
-19 -39 71 -46 47 90 -48 10 38 77 -47 -9 57 83 85 -15 93 -97 92 45 -33 73 -50 -24 88 -6 -42 -63 71 -42 -32 -30 42 -42 -72 1 97 98 36 52 74 -50 -65 -86 31 -74 44 43 -48 -38 97 -32 80 -5 51 45 -16 24 -14 -55 -57 -19 -12 -22 72 -36 75 -36 64 -24 -70 59 -16 -90 -4 -51 86 9 -39 72 -37 33 49 10 52 18 -9 -68 91 -92 -48 29 -23 -35 -38 34 79 -84 -21 -25
3 86 37 -99 8 5 -39 -24 -75 92 -3 4 37 -64 63 78 -26 40 69 -15 -60 52 92 13 55 17 95 22 -98 86 1 -80 19 17 -61 10 79 48 -41 -9 28 5 55 10 -10 6 -31 -4 44 -2 -84 -39 -6 20 41 -23 -81 63 93 -34 16 1 70 -46 -59 -89 -39 -100 -38 -4 -59 2 -59 -82 24 97 26 -46 47 16 33 -89 -17 -42 -57 -48 17 -13 -9 80 64 -63 -99 51 -28 72 -60 83 -70 -83
-67 77 40 0 -34 73 -22 -84 -73 91 -17 42 -17 -99 28 -90 77 -26 -56 -21 -9 -81 91 86 -89 -49 89 -78 22 2 -41 40 -88 22 -100 -91 64 25 -11 36 22 77 -19 -29 41 8 -11 -52 71 9 -93 -91 72 -44 74 55 2 -9 -21 -24 7 69 58 28 79 35 51 -6 -16 -18 64 -94 29 46 -16 51 -79 77 24 -64 50 85 71 -87 35 59 57 69 3 13 33 -81 -12 -61 89 -49 95 -74 66 -15
-63 -23 -73 85 -90 21 45 -92 52 -3 -73 -61 -35 1 51 -76 -76 21 -88 61 -39 -86 89 42 2 -100 -93 -33 3 -37 -70 77 -2 -61 -35 19 30 84 35 22 -26 -10 65 68 -72 25 -69 -36 50 -46 73 31 -63 -83 -51 27 76 -1 -14 21 -45 -69 -58 -100 49 89 -91 29 -47 -58 -54 74 -37 -34 -53 52 95 71 6 -17 63 -43 -30 -31 52 48 -48 -96 -91 6 -43 82 -23 -24 -23 79 -22 -83 38 -91
84 54 50 -21 34 -92 -75 23 -2 37 6 -24 -12 -74 -15 -15 -12 -70 -86 -76 22 30 -100 33 67 48 57 88 24 28 36 -47 -19 -47 -84 -63 -7 90 50 18 60 41 -28 -49 24 -71 -33 68 77 55 -98 47 -85 -25 -41 12 -90 16 78 60 -7 48 56 -65 68 17 -4 -20 -55 -52 35 78 -27 -86 -55 79 15 21 -49 4 23 -75 -55 -97 11 32 -87 -45 15 -29 38 -66 67 -10 34 57 64 -18 14 49
-5 18 57 -51 4 7 -25 -13 -20 97 30 85 31 2 73 -21 88 -31 10 94 -56 51 -99 62 -34 -34 -69 69 -100 -7 39 22 -59 -75 -81 54 47 20 73 0 -46 58 -7 -32 -71 -60 -21 27 -49 -69 -11 49 -62 -82 -47 -41 -47 90 -50 71 -82 87 46 -99 94 -29 -96 15 -59 -21 72 61 -92 -44 19 -70 43 -7 -85 17 92 44 3 -29 -39 -10 61 21 -38 17 28 71 33 -5 88 35 -80 -85 75 94
12 45 11 -87 -91 53 -2 -64 -14 52 -76 89 -81 -94 -12 10 76 -75 8 -4 64 23 62 -44 -10 -18 29 78 12 -64 30 -2 12 -95 2 -96 57 -87 83 -54 16 68 40 -27 72 30 90 -28 -78 27 22 55 45 -21 -21 -76 -33 92 -93 46 -23 -36 -41 73 -42 87 -22 -74 65 -27 31 45 2 96 50 2 90 -17 36 -97 36 72 16 -15 46 51 17 -92 13 -35 97 69 94 28 29 -97 1 70 -63 -56
28 -70 -55 91 8 26 72 67 20 14 -56 -34 -48 46 23 -44 -19 21 -90 -67 -13 -1 -92 -78 -18 3 61 76 9 35 -70 40 -25 34 -78 43 56 19 32 -37 -32 -11 -33 -51 -10 -22 60 -25 34 -15 46 -40 -95 19 -69 -65 18 92 3 7 -83 -84 60 -51 -59 13 12 62 7 -47 78 -64 61 -94 78 74 -41 4 -78 -69 -59 -55 -98 -20 -52 -64 -1 17 60 6 -80 80 12 34 89 31 -7 -38 -18 -30
14 38 21 -31 49 -56 -7 -50 56 -29 -95 43 -64 -34 7 36 80 -44 -61 5 -22 61 -8 22 29 64 -21 -76 -75 -17 5 29 79 -26 -36 18 37 14 93 -60 -54 -62 -56 53 -35 -93 -61 -21 -29 89 62 56 32 -76 82 16 94 48 69 88 58 68 -96 31 53 -17 -29 -12 81 79 25 -11 -23 60 74 -74 -50 98 -17 -72 14 39 74 -61 35 93 -55 -52 32 17 -75 -1 -76 18 32 -100 -64 93 21 82
-57 32 -37 50 -38 -15 60 40 15 -29 -11 59 -83 56 74 56 -20 53 12 60 -18 80 28 54 -54 67 -78 77 34 73 28 86 38 -33 -19 53 -15 -85 9 -66 1 -22 -9 -70 82 6 -1 27 53 83 27 78 -73 48 -51 44 -61 67 83 3 66 -5 4 -34 -30 -9 55 -3 7 -37 -96 19 40 -89 -26 -43 65 -11 33 -71 35 30 -58 20 48 -55 47 -85 59 -57 43 -71 -85 -86 -25 -87 -34 -3 77 24
-52 60 97 -67 42 -8 88 83 87 83 84 -8 -75 -15 4 65 30 30 -41 -16 -26 12 94 25 78 -50 18 -66 -40 32 20 39 -10 -7 -8 -85 35 4 -35 46 67 44 -36 17 -31 79 7 -97 -66 69 9 -42 -28 -28 -100 91 48 -97 77 98 -2 -95 66 -14 -100 24 -16 64 -87 77 -55 80 -23 -99 -71 86 -36 10 -43 -9 -63 5 65 19 -35 -47 -80 -66 85 83 -81 -45 62 -84 -51 -9 35 14 73 -18
-13 -25 -49 -83 -20 1 -17 -85 68 -70 -35 3 -66 -19 13 -64 -43 -61 -82 -20 -8 55 50 44 -44 77 -91 -49 59 20 -65 -76 -50 -83 -82 81 -86 33 -73 49 -43 -80 -2 -93 -23 71 85 -64 5 89 -89 -60 97 -52 21 94 94 1 -39 17 -69 -44 -81 -10 66 76 40 -25 74 3 46 -52 -81 31 48 -17 44 -71 67 69 -57 39 90 -76 85 99 -25 19 -64 32 -62 46 -49 -9 -69 -90 -26 12 -15 76
85 -64 -96 -96 -83 -45 -49 -47 -20 1 -16 48 96 -79 59 -7 0 71 -31 99 40 80 -4 -82 -5 6 -59 -64 -73 -53 -39 76 -92 -82 10 30 79 74 -38 -93 13 62 2 78 63 68 -14 13 -94 0 -75 52 93 -89 -56 -83 -80 60 -40 -51 57 -60 -29 -94 -1 -15 -1 42 29 98 -15 -72 -98 -64 -92 -41 52 13 -27 12 50 51 -58 -11 -22 78 -89 41 78 -63 -17 72 -35 -7 -58 98 24 58 -62 -49
-66 -94 66 -48 66 -5 5 -22 -67 24 -96 -8 -32 -34 15 -72 -22 7 47 99 76 -46 -53 -5 40 -90 -60 -58 -93 -74 -84 -83 23 0 20 18 -72 -97 -8 -31 -41 33 75 22 -8 -74 91 5 0 99 83 29 4 65 -7 71 -38 -100 32 -32 98 -77 37 50 44 10 -49 -86 -17 15 -63 -8 -63 -93 82 -58 52 -13 56 19 -48 21 59 24 -14 32 -77 66 -87 -22 67 -75 26 -13 66 -86 -35 34 74 84
-90 43 -55 -96 53 -63 39 -28 -3 -69 13 -57 51 32 71 -88 96 -15 -39 5 -7 -16 -35 -27 -85 91 81 62 35 88 -43 -55 -88 34 -7 40 -1 -91 -30 -2 -92 -37 97 21 56 -97 -29 52 -95 -94 -92 -24 -63 8 54 52 93 -17 85 59 44 19 54 -73 -70 73 47 -35 -7 29 98 50 99 41 -61 -19 -62 13 76 75 -21 88 -99 -57 -92 -34 -33 33 -44 3 20 77 -26 -66 -32 -99 -73 -68 -30 19
41 -21 -40 85 34 -59 38 4 -39 84 11 -60 34 53 89 78 64 -40 -63 -27 -89 -92 -34 -23 31 -6 67 66 89 13 34 -6 -97 0 96 -27 -90 -3 -71 -16 -58 62 48 -84 86 -20 -53 3 85 1 15 79 38 53 -40 88 -32 -32 20 -91 86 -11 -9 -9 -50 -93 72 61 57 4 88 10 97 91 31 -52 -10 -77 19 -41 98 42 95 31 80 54 -85 61 -89 -65 22 -18 50 -43 76 78 9 92 63 -73
7 93 -30 -18 -24 -64 84 -44 -23 16 62 34 -15 32 -55 38 0 84 87 -8 84 -79 3 90 -22 55 14 -50 -58 43 99 49 -45 28 -56 -65 -1 56 -41 -48 31 96 -16 -42 54 9 -24 6 44 70 -87 42 77 -96 33 -91 75 -2 40 24 68 39 -66 -30 16 -3 92 -23 -51 94 30 37 -76 -27 -83 77 -18 -50 -46 0 47 -21 -32 -8 -43 48 -92 -67 -7 -60 33 -20 24 57 -82 -45 82 -21 -36 6
-31 -20 -83 29 -46 -58 71 -33 -32 -11 -58 -71 -59 -91 78 -13 82 -44 -22 -84 10 -38 84 33 -73 -24 -26 89 -29 87 -58 43 99 -87 86 -87 -16 95 88 -96 -3 13 11 -53 22 -75 -12 -64 99 -98 67 -13 49 -64 25 -21 93 10 -37 -62 -83 84 88 43 -5 -64 0 78 -53 -62 -1 -81 60 60 -93 35 -50 -52 73 50 -40 77 40 -87 71 -46 -37 -71 -12 88 -21 -54 -71 55 13 26 99 -26 -91 -78
-79 23 28 65 90 21 -54 -4 -1 -57 -55 48 67 20 -40 -93 -99 58 25 -70 -12 -88 -57 -33 6 -39 64 -70 -61 -36 -27 -68 -10 45 -40 -17 18 -94 35 -69 -34 -93 -91 -98 -40 49 86 -38 -33 -42 -16 -82 14 -79 -28 -79 12 -41 33 -17 33 95 -96 -81 85 -59 -35 31 38 -41 -79 -81 -94 -15 -27 98 13 72 -73 -8 -86 97 -95 -91 -61 -87 24 21 -96 51 37 -56 58 -70 35 66 19 87 -39 -84
1 89 96 89 59 26 40 -99 -48 -98 -29 46 85 79 50 96 51 82 -8 43 -22 -50 -39 83 -38 84 -11 -69 -55 48 79 7 4 -24 -77 -41 8 71 67 49 50 2 3 17 -15 14 -38 -46 14 -67 47 -86 75 64 32 -1 55 97 57 40 -35 -91 -90 14 -49 -52 -11 -40 -88 53 89 -56 69 -22 2 3 89 54 -17 41 -10 99 -19 -54 33 -7 -80 49 59 -75 8 63 47 7 46 -35 -24 96 86 -30
7 19 36 -83 68 -67 92 36 -92 -55 -40 85 -86 -68 28 -78 64 27 30 -84 43 4 -5 66 -12 9 96 44 32 -43 55 10 -53 -39 -60 -78 72 5 60 27 18 48 -55 -17 -100 -86 52 34 94 47 78 -28 -18 -49 -52 -12 59 -69 45 31 27 46 80 -47 28 -13 90 31 45 14 -94 -10 71 -91 96 -74 -57 -28 25 8 24 -65 -48 -75 99 79 46 -71 5 21 -57 -32 -40 -60 -83 -22 -8 -24 -86 -75
-31 0 72 89 -66 -35 27 -21 -14 59 -71 -42 39 -73 -41 -57 -6 -68 5 48 84 -58 48 -77 6 -56 33 -24 -39 3 -6 77 -91 83 90 76 65 99 -5 87 -79 96 19 -20 6 -5 79 -8 -91 -34 -31 -74 75 19 95 -70 -25 -37 32 -34 -73 -73 10 26 -12 87 95 77 -9 87 -41 -60 20 35 -60 -67 33 4 -45 -59 73 -61 -31 -13 85 97 46 81 -73 20 47 -3 57 52 -26 -48 -9 -55 -50 14
38 -60 28 14 14 -46 51 81 -7 78 -63 -80 87 -44 81 -58 79 56 -23 72 -85 41 -82 -75 -96 -97 64 -33 -67 -43 -52 8 -71 -3 93 66 -7 49 -89 24 37 39 -43 6 96 -91 74 -3 -20 56 -80 47 -37 26 -96 -82 51 -72 9 -27 60 -64 14 -32 60 -9 -45 -28 42 72 41 -66 -86 -99 -53 67 59 -98 92 -7 8 -43 25 61 72 -82 -36 -76 -65 17 -90 -83 83 67 80 -85 -58 82 -75 18
4 50 1 81 -24 93 -51 93 -48 -84 77 21 -52 62 -50 42 55 -48 -3 58 60 -22 -73 30 95 84 -77 96 23 -70 -94 72 -55 -16 -99 42 -18 37 -46 -58 -93 23 -91 51 71 2 -7 90 -44 38 51 -45 -50 85 43 -93 42 -3 9 69 38 79 -71 -99 70 -37 -6 -91 -39 -16 83 -69 96 -60 49 -16 15 -36 -20 4 46 -50 94 36 -19 2 -25 -79 -71 -25 -30 23 81 24 -77 50 68 -93 39 -91
5 -89 -8 39 -60 -92 -45 95 -90 4 -63 -51 3 70 13 -70 -58 14 -48 -18 7 -52 74 -15 21 -12 -75 -24 -79 62 42 -57 14 47 25 82 81 93 40 13 71 -13 97 -61 -71 -97 10 -38 -59 6 93 -56 -99 88 -30 56 -98 14 80 -74 -38 -24 -88 -92 35 -78 -88 19 -70 82 -93 -12 27 -93 30 -78 6 4 49 47 83 -97 -1 37 -2 -77 -88 -91 -82 10 7 -60 48 -69 90 94 60 -9 3 81
-90 8 -33 20 49 -93 0 -13 -82 -11 -34 -1 45 68 -67 45 30 -84 71 -54 9 -20 34 -77 -90 -35 -43 -44 33 -1 51 25 -64 22 51 17 10 -84 -12 -50 -37 33 -73 37 -4 46 31 -75 -78 99 -96 -95 -86 -95 -34 -23 59 -46 17 87 29 -18 -16 -33 0 -90 -5 14 82 -50 67 -36 -28 -46 -8 0 -13 97 68 51 -7 -73 81 73 51 -66 -74 43 -13 -96 36 -93 -76 -28 -29 10 -20 0 47 -21
52 47 -92 -23 -88 -40 -89 96 -9 -12 -20 99 94 -94 7 58 -81 4 -66 54 -56 34 45 -28 28 13 86 29 43 91 30 -16 -98 -72 35 2 -36 0 60 82 87 -61 67 -31 -78 48 72 -84 5 -58 76 47 -39 37 -39 -34 -47 -47 -36 -59 95 -34 -74 -46 -71 54 -81 -18 -30 -31 27 31 81 8 -80 97 -34 94 6 -11 47 34 69 -50 63 -68 -45 -61 -77 -84 -98 68 -20 0 80 26 50 91 -94 -72
-64 -25 84 54 81 15 -5 -34 24 -76 8 -80 -2 2 71 -10 -90 39 62 36 61 -1 65 50 2 -75 6 -61 20 -56 54 -10 27 22 16 35 -44 2 74 26 -69 -96 42 14 50 54 -24 79 -4 -34 46 -95 -55 71 35 8 51 -65 -7 -19 -57 -69 -51 41 -64 35 -20 -12 -42 -48 60 46 -84 65 -36 -79 -93 -33 73 0 35 96 -48 -71 -17 98 -36 -78 -84 49 -26 -57 -45 46 -73 -60 -23 -74 -59 -71
-56 -14 22 -46 -80 21 -39 39 13 68 -62 -63 25 20 -98 -33 -100 -77 -22 -2 -98 -4 89 40 3 99 46 42 94 -42 36 -62 -47 -20 -88 -6 10 -9 -26 70 37 -42 53 -6 -42 57 26 -33 -91 -74 -10 60 85 53 -39 77 11 -60 75 -56 -15 33 -79 -28 83 -52 54 -98 8 -82 75 -68 -4 -22 18 -69 -29 64 97 -53 76 52 28 79 93 41 42 98 4 -85 -68 53 86 63 13 -86 12 -94 22 94
-64 74 76 -45 -30 -97 41 33 -5 66 -72 19 29 41 92 99 77 -56 -11 55 38 -71 50 19 -37 -7 -9 -88 -67 -96 39 -63 85 77 -56 -96 26 5 -2 -12 -64 20 94 94 -85 23 94 74 -88 -77 -55 67 19 -81 12 -5 95 62 33 36 37 32 -24 -66 11 99 2 -69 -82 -8 -27 -12 -11 -77 -58 54 18 81 -62 -82 -77 51 -93 -8 -3 80 -85 37 98 89 -31 -30 94 -22 92 15 -81 -11 35 91
64 32 11 3 19 -47 -17 68 63 -85 -6 -85 73 43 -57 -89 -96 86 81 -80 -43 1 -9 0 8 94 4 -7 82 -9 47 79 23 -96 -25 24 84 -87 40 -4 -57 -10 -57 -13 76 71 -31 1 -71 11 45 -37 75 6 11 21 20 -34 97 -28 32 86 -39 37 -3 -84 -6 -68 -7 22 -1 -28 15 -11 -2 -40 64 94 -34 24 99 -51 -69 -99 8 -76 -87 40 65 37 -69 -40 -32 81 -33 -2 -77 2 19 -3
-22 7 60 -47 -39 2 -87 -73 -94 99 -92 -61 -19 18 -74 24 90 66 -94 -14 -57 -19 -80 2 -7 -43 13 -46 93 -100 -7 15 42 -99 -100 -1 -49 -3 6 -7 -98 -13 -41 -52 69 79 19 -89 -5 -67 -85 -28 93 41 27 -71 20 0 95 67 18 77 -29 -99 10 -70 -90 -39 72 49 36 -48 -95 -20 6 22 14 71 -66 -48 32 -6 7 -67 96 -42 65 22 19 -28 11 90 -77 -95 68 -76 -56 43 72 -39
-99 -15 -7 6 43 32 -57 29 37 -56 -60 -59 97 -56 35 -79 41 -37 -50 -4 -86 -77 92 59 34 63 -37 -49 -61 -72 -6 85 -91 -54 70 66 -37 -98 -52 5 -2 90 -31 58 98 -90 57 -20 -19 -100 70 -57 60 89 -60 96 57 94 49 46 25 -51 31 -75 -72 -92 39 62 5 63 27 78 -21 47 75 64 -73 -39 52 -75 -91 20 43 13 58 33 -91 92 -36 43 50 -94 54 -20 5 1 42 80 27 32
70 55 47 -82 -1 21 -7 -31 -15 -6 -8 -74 87 -41 27 8 2 31 86 -61 40 6 86 -30 70 90 67 98 -41 57 -64 81 48 -82 -32 7 72 78 41 -96 35 -2 5 -78 64 76 -75 -39 -15 59 -98 -10 -23 -41 60 5 -40 19 -95 22 -17 77 52 77 -82 -40 89 -41 74 -98 -61 98 90 26 -86 -64 -89 -87 52 31 -8 69 44 67 88 -65 -60 -12 -45 81 19 -5 -93 -36 60 -68 -77 61 -23 -69
-27 -11 -80 -46 -31 0 55 -26 -81 39 57 5 -93 3 24 -70 -65 -33 -38 -56 -71 43 -30 87 -12 -87 84 18 -26 98 -71 42 52 -72 88 -92 54 26 -78 -44 -2 -74 59 38 -87 -96 -88 45 -52 30 14 66 29 -77 -68 71 -45 -28 94 70 79 42 96 26 88 4 83 -69 -29 -14 35 27 -29 81 61 42 -52 -28 76 27 44 -67 -20 -68 -35 -30 -36 -39 -39 35 69 -1 -67 -79 45 50 -93 4 99 76
39 82 58 39 -50 92 83 -98 49 -22 5 -71 -42 -2 44 -89 -100 -82 -95 -14 -75 -83 96 82 91 -30 -79 -51 -3 65 10 6 89 14 31 -97 -74 -61 -86 42 -37 -12 17 -46 -77 -93 -60 -60 32 36 52 -12 28 -84 -51 -67 -94 94 20 42 57 29 73 -24 90 46 27 24 35 91 -33 75 -96 14 -90 37 69 -100 8 23 -87 -43 67 -96 -35 -26 35 67 97 -66 -66 -62 -62 69 80 -51 -79 16 80 -14
51 71 27 27 1 -41 94 -76 -25 48 -53 57 -19 99 60 -30 53 -59 13 73 53 -84 2 7 81 28 87 -6 -73 -79 73 -14 20 31 -13 -65 84 96 35 17 -86 -15 4 -91 8 -5 -99 -87 -33 -88 -66 57 -5 42 -72 -3 46 -75 -60 -8 70 -58 -91 -24 40 -76 9 -90 -1 -5 7 -30 34 -72 -12 -99 37 34 -65 -33 19 -25 70 -52 1 58 -69 4 -90 -41 64 -47 -14 35 33 -33 -73 27 85 -18
7 -8 23 -69 30 26 -5 -32 -25 94 9 30 -86 -62 56 66 96 -100 15 13 -62 82 44 -72 16 63 57 -75 81 -41 -67 -87 -8 82 88 -45 78 54 -50 -62 55 -55 -55 75 -76 58 12 27 -8 63 78 -32 63 97 2 -11 -14 46 -60 -81 -31 77 -57 2 -40 73 16 -100 76 76 32 31 3 -18 -47 -98 -62 -51 24 -28 -32 79 4 57 72 89 56 -23 5 51 37 -14 -80 -60 39 26 -26 -20 42 60
82 64 34 49 -53 -81 46 -60 -68 -55 -22 19 -42 66 72 81 72 28 -100 57 -48 10 25 67 -69 -84 65 -47 93 -43 -72 -40 95 29 -47 -59 43 21 -34 89 39 -83 40 23 -2 -54 90 35 -59 55 61 97 57 75 -34 73 -86 2 -48 32 45 76 20 93 -81 35 87 -3 -4 9 26 21 -36 36 -56 82 45 -5 70 49 -87 34 -82 91 96 84 65 42 -35 -9 -28 41 96 -72 -93 -32 79 42 -66 -23
38 -72 -61 -41 93 -67 -89 -96 63 81 91 -17 -25 -99 -99 27 78 93 52 40 55 -72 28 37 8 -50 33 -75 -98 15 35 -99 31 -3 18 10 -97 17 16 87 -29 -65 -48 -65 0 -35 94 21 -63 8 -30 -78 97 99 -20 11 13 -18 6 68 82 -28 -51 8 30 -92 1 26 -88 58 -64 28 81 21 88 88 -36 -56 -49 52 2 -23 7 -18 -27 -7 59 84 -52 73 45 -15 -10 1 0 87 56 19 48 -6
-35 -59 20 -61 51 45 -62 59 82 -87 -29 17 -64 48 -5 74 -99 -36 89 -36 37 -11 -40 38 64 -69 -50 74 -35 65 48 83 -29 -58 -12 -64 74 -45 14 -48 38 86 -26 -63 -29 2 76 -39 -60 79 -31 92 44 -72 -65 91 -58 38 64 -81 -6 -42 -84 85 49 -78 70 -98 81 -73 -10 -50 61 74 -13 94 28 -60 -40 54 5 -34 4 -64 17 55 -94 97 48 55 -20 -33 -15 33 37 62 65 -8 -16 3
20 -88 -5 -61 -14 27 98 -6 -30 45 -36 10 -77 -90 72 -23 20 17 84 98 -52 6 35 -96 14 27 34 41 27 -67 65 98 39 53 -4 -8 -98 1 -6 -69 -47 39 -29 26 -86 40 -43 -10 42 9 -12 86 76 -49 -49 -100 17 73 36 -53 -21 66 76 -60 36 -64 13 89 -56 -94 -16 -67 -10 -62 -86 -75 22 57 55 95 59 -21 -80 76 22 24 15 -50 -38 -67 81 32 77 -45 23 96 45 14 -6 19
-23 -32 -30 -37 -81 -76 -57 -63 -71 -83 52 -27 67 -70 15 -61 -61 57 93 54 -28 -80 81 8 64 -15 -15 54 49 79 43 85 -18 -32 -16 -4 45 55 54 29 -42 88 85 -63 50 87 -77 -24 -91 77 -81 39 44 -6 -40 27 -28 27 -36 -76 -3 6 48 23 -73 -38 -8 -86 55 32 -3 -51 -65 30 96 -30 -74 -12 -59 28 -48 64 25 96 63 98 29 75 -11 98 98 26 -89 -73 -28 -5 92 -93 -53 -29
42 32 15 75 -32 67 28 92 -5 76 -95 79 12 -7 -12 43 -31 -4 46 -53 -28 -46 -85 -14 47 54 6 -69 -5 70 -75 97 -53 -13 83 29 74 -33 85 23 46 94 93 -59 41 51 52 80 24 -37 10 -89 69 70 -24 -90 -11 -95 -80 44 -82 -67 2 -12 1 -32 24 -99 87 -24 20 -23 86 -76 65 -21 61 99 6 10 -70 53 -74 -51 -60 -78 53 -35 91 -71 5 -5 -30 -71 -81 -64 82 -99 -10 82
-83 83 57 -76 82 -93 97 -52 -90 66 77 28 40 -87 55 51 79 12 -29 -44 92 -55 50 -29 14 -56 10 -3 49 90 -28 19 -88 46 18 -87 34 70 -90 -29 62 -66 86 -3 -35 -34 -58 17 -18 74 80 -6 -100 98 -40 -56 -72 -63 82 11 35 -89 84 -63 29 -48 -98 78 95 -100 99 -25 42 82 -91 -83 7 -18 38 10 95 26 83 22 -19 54 18 -71 27 -34 97 -100 -34 56 -63 90 -50 -71 79 46
60 4 -15 -36 -98 2 -88 -49 -92 23 -97 21 -48 -16 -32 -93 -45 64 75 -4 -98 48 -53 -56 85 71 31 7 -46 78 16 8 53 97 -44 98 9 -18 -15 61 -91 -70 11 21 29 -66 38 -89 -83 32 -78 58 11 21 94 39 37 -63 81 28 -20 -19 64 96 55 96 48 98 -38 20 17 38 58 17 57 -13 8 28 31 -93 -68 97 87 81 20 -84 -85 44 32 1 12 -89 55 -31 40 48 -45 56 44 -29
-59 30 38 -67 52 67 -87 -62 -62 71 24 58 -85 67 -90 -21 85 29 -48 -11 -57 61 -52 -80 19 28 55 -76 69 72 9 -9 -40 -68 -39 -80 88 -45 35 6 53 85 -73 36 69 -20 -94 -20 55 -93 -4 63 -11 85 29 36 79 94 69 40 7 64 5 -30 -75 -49 -15 -11 -70 -16 -2 8 -18 -91 -33 15 54 -93 3 51 -49 -30 -68 95 83 -9 -39 66 -38 -86 69 -7 10 -74 -64 33 95 -34 3 -84
46 -76 70 18 -17 -59 73 -86 -34 7 -60 -35 73 -8 43 13 -81 91 -96 -9 -33 85 -65 -18 87 -14 -3 18 46 -15 70 17 -75 -68 13 62 -68 41 -30 52 4 33 -17 86 -32 37 57 -8 65 44 -64 91 -55 -99 51 97 -41 26 -34 -68 -21 -29 92 48 -67 83 -3 -36 -71 94 -97 16 94 -11 -3 -65 58 -86 -21 -60 -3 -61 -1 -8 -10 -79 -42 -92 9 92 23 70 2 13 -96 16 -17 -27 -8 -39
48 26 -97 -11 48 -52 67 28 61 95 83 -44 42 79 -33 -92 -77 -9 -92 -79 81 -11 48 79 -78 -45 89 -72 68 -95 -37 5 -94 73 23 -56 -71 -55 73 -83 53 23 41 63 -49 -48 -48 -8 91 95 -75 39 87 42 -6 -19 28 26 -79 60 -21 99 54 -78 92 8 34 41 -27 7 85 31 73 -99 26 -52 14 12 10 -73 -91 2 35 47 22 47 82 -55 -26 76 34 -48 -40 -5 13 69 30 52 -91 -95
85 71 45 -82 -97 70 20 54 10 55 10 -29 -62 62 -62 -74 23 -46 -39 36 28 72 56 -66 25 -14 74 88 -39 -20 -17 46 49 69 43 -76 -97 39 -93 55 -15 96 14 -54 -55 -4 -51 -49 -86 -100 77 62 -31 60 -53 -25 74 -73 78 37 -26 -37 69 27 64 13 70 -96 -88 97 42 -32 -30 -92 77 21 15 80 -11 -26 22 74 -37 16 71 -43 -38 -26 -29 75 -77 -14 -8 -88 -28 88 -33 -12 96 -89
-86 76 -80 -35 -83 -39 -47 88 89 -84 74 -3 61 -27 15 9 -33 -98 81 -78 -32 31 -36 63 -53 92 -51 60 -68 52 7 -50 26 38 -75 23 22 64 -56 -71 -16 -98 -67 -92 18 49 -81 -56 2 -66 -88 27 -7 -14 70 -35 99 -80 0 -3 -58 -8 63 25 -73 74 -44 -61 -42 84 73 -1 -28 15 -12 82 -22 32 81 13 81 22 -31 58 -25 -71 -40 -52 22 60 -14 -78 -33 49 -20 -85 28 48 58 48
-22 -11 -79 22 -20 -2 -5 -76 -73 -77 -23 84 -34 -26 -76 -48 -23 -17 -33 46 34 -98 23 -73 30 -37 -48 -21 40 -18 -36 88 91 -7 65 -10 43 6 -12 -60 58 -51 64 59 -23 -99 36 -52 43 -57 88 -52 4 79 2 60 -73 51 -54 59 31 -39 -38 88 79 84 -39 -90 -63 92 -14 91 95 -36 -34 -71 -83 38 -64 66 79 -24 -72 84 30 -9 -27 28 -8 50 57 -76 -31 -2 49 48 9 -57 2 44
51 56 -38 -8 58 56 -63 -74 47 89 14 -1 -88 50 -46 -53 -21 -70 65 -90 67 29 8 -29 -64 -70 -24 -16 43 39 -11 -74 -57 -24 80 -33 42 -7 42 60 -92 91 -63 84 -51 -26 92 -30 54 -85 -73 69 16 -64 -47 -39 -86 95 -57 98 -75 -1 64 -63 94 -28 0 18 89 32 -24 43 36 3 -63 43 -61 -9 45 80 22 -5 66 -53 -65 41 -19 60 92 -96 49 7 67 -67 -11 78 81 -97 82 1
31 -81 12 -5 31 74 -69 29 45 -15 -45 0 -8 60 14 -72 -94 -18 -18 -6 -42 4 21 63 53 8 36 -30 92 -17 66 -30 -85 50 -82 99 67 52 -62 79 -40 41 45 -55 -10 -44 -26 -38 -5 -77 -70 40 56 28 -51 -92 72 29 -21 45 -46 -60 -66 -29 -1 96 -16 -29 35 37 -75 -44 -41 -18 61 5 -7 66 -46 4 28 -99 -16 -18 -27 -72 84 -41 -49 -45 56 19 -31 24 52 50 -59 -33 6 -63
78 93 -99 94 73 35 -92 -79 63 -8 -4 36 50 -1 32 -91 8 -31 43 -15 -83 92 71 75 91 73 56 -41 82 -78 -26 -79 81 36 -68 -82 54 17 -29 -15 -95 -6 -86 -87 -100 83 31 -98 85 -59 -90 -96 79 -6 -47 20 -90 -76 56 81 -17 -4 52 -80 -80 17 70 27 10 24 4 84 44 30 -83 96 71 -95 -87 -42 -17 31 -87 -32 -53 -81 43 70 -5 47 67 63 22 -83 -99 -95 -68 -81 -73 -5
42 -55 73 69 41 -6 34 -48 -38 68 36 48 -39 88 8 53 -23 11 -20 13 97 -53 87 -23 66 -96 81 -91 83 6 -76 72 86 36 24 -75 -96 -15 -47 -2 38 87 -33 65 -74 7 1 34 98 58 49 -9 -45 -68 -83 -51 62 -52 87 74 -49 -57 -20 -59 -84 17 62 67 -94 63 36 38 -33 -60 -8 6 61 -44 -46 -24 -88 -25 -62 -45 71 66 28 -58 -41 51 12 -58 70 23 -12 -4 -93 -92 -58 17
33 17 -30 45 42 -66 19 -85 -3 -43 -37 -56 67 -80 0 -35 -74 30 -40 90 -10 89 48 78 92 42 -18 55 -59 -9 -83 36 -74 4 -8 -43 58 45 -41 17 -89 62 27 -31 49 -31 87 13 -76 36 -69 -81 47 74 70 36 -22 -54 -22 -12 -7 -69 73 -82 -8 -70 -62 95 23 -69 87 -57 -85 -72 -76 89 49 81 -97 2 90 -85 15 -100 43 84 9 -71 -99 25 30 -73 42 -49 -63 -87 52 -79 72 -82
89 81 -88 64 -76 6 -60 -11 -54 -19 63 13 -12 95 -100 79 -57 -55 -29 -99 50 -90 57 41 28 67 20 -41 -88 -84 86 58 48 -37 -86 7 -3 54 9 86 69 5 27 -14 48 -35 66 -97 -77 52 -94 61 -42 93 -76 -32 6 59 -47 -44 -20 94 -96 96 34 -18 87 15 -16 -95 5 49 74 4 22 -26 -43 -85 -90 -15 46 51 74 -37 5 -56 6 -72 14 -97 -24 1 -16 63 7 33 6 43 -56 -32
-47 -37 -77 -90 7 -23 -52 87 51 -98 -4 36 77 -80 22 -42 -21 69 -35 20 -29 62 -54 -89 40 -68 15 -93 65 -48 32 14 -83 26 -18 24 -72 89 -100 -54 91 47 -70 28 -60 2 0 -68 36 96 -39 14 40 -34 -61 87 52 53 25 66 -47 49 84 -19 98 74 81 83 -64 56 -24 -70 68 14 -19 40 35 -57 -5 -67 -83 84 2 43 33 21 -90 -65 93 -100 86 1 -95 69 -66 62 10 21 -44 90
-47 -71 36 -74 77 -46 23 94 -51 55 55 -79 87 51 -60 -40 5 85 28 31 -42 -58 -72 13 -88 85 92 -24 -49 -71 -54 -31 -43 -30 48 93 -25 -62 45 -1 -88 65 -27 29 82 89 -93 -69 9 -78 2 49 -57 86 -20 92 -95 52 -88 -7 -66 28 -87 33 4 -4 -16 -40 -50 90 -53 -25 28 -16 -40 -90 -61 25 -77 5 -16 -86 44 75 -48 30 -88 78 -4 40 -70 11 -47 -64 22 20 61 3 -21 97
77 81 -56 36 65 -67 4 -29 -38 -30 -92 -66 35 93 11 6 57 13 -74 -88 32 -74 50 -7 76 18 12 32 -35 25 -80 67 93 -89 -34 12 39 -66 35 -3 74 36 -82 -4 -29 46 97 66 18 43 56 42 -43 -36 83 -95 -38 5 -2 -89 -30 -87 99 -46 19 -46 30 52 -47 94 -49 -26 -48 99 -39 77 6 -8 12 95 -92 -34 13 -97 52 92 10 -93 88 3 80 -40 2 -69 29 97 -94 95 -40 19
-66 61 55 -93 -99 -58 -31 75 -3 10 -67 -90 74 71 22 57 56 -79 67 36 -16 61 -86 62 52 -15 -65 -90 -90 34 42 -29 30 24 89 -88 60 -33 54 -26 -4 -20 -57 77 -28 82 50 -56 -88 -18 -12 -98 -50 82 -57 -83 88 85 52 61 -60 -96 0 6 69 19 -22 56 -69 31 -7 -44 51 82 -54 -47 76 -67 -85 -72 78 -26 -59 35 -2 -43 7 27 -14 60 89 -23 92 18 -27 -25 90 -7 -87 28
-72 94 -3 -5 -88 -46 27 84 -32 84 59 55 85 -23 22 66 24 62 -71 -51 -94 93 -2 -60 -64 -48 -53 -64 -32 70 -83 68 41 30 -49 -92 38 -41 -7 -96 66 2 -41 -46 -64 -30 -81 46 -40 -78 -51 -47 32 4 -4 -28 -79 46 -68 -18 97 -88 98 -68 -98 -2 86 98 34 74 9 -9 70 -53 -6 -72 -35 88 67 32 17 20 42 76 34 53 -53 -75 -78 70 13 42 -55 -81 -3 82 29 -79 -23 2
58 -93 -6 -80 80 75 98 -98 -60 67 -91 29 12 -6 -1 17 -67 -6 -15 -53 73 -55 7 20 -66 31 54 -38 78 48 -95 58 22 95 -77 -60 -58 -51 -95 50 -90 -48 -59 46 -41 35 79 -91 61 98 95 -90 43 -15 16 -13 -56 65 -86 -4 85 -74 67 37 -55 -85 94 -100 -76 43 78 83 18 -77 -63 -71 81 -3 78 7 -97 41 5 -8 80 45 -4 39 80 20 -49 24 -22 11 -81 -60 66 -31 51 -13
45 -16 -41 -20 -70 38 75 27 84 -45 -97 76 -83 74 -62 -48 -22 -41 -8 -34 -40 90 -51 18 -33 -76 89 -1 31 -28 15 -60 -99 -77 97 51 35 76 71 -69 43 42 56 56 28 -21 11 -27 -27 78 30 -11 -62 -29 -26 -34 42 -76 47 97 -21 -18 93 -90 33 -49 45 55 79 -53 -41 56 -25 -27 66 -26 -36 1 -46 78 -54 87 23 -79 64 -17 43 -68 -91 -84 -47 -72 -61 34 -58 88 -17 2 -83 -7
10 -68 -66 -21 22 69 6 90 -71 -75 87 20 -4 28 57 17 -94 -10 96 59 41 -57 52 -5 90 22 -19 19 65 64 69 -55 28 20 2 -15 -56 75 94 -8 61 30 -85 -42 -54 2 -18 -6 66 -96 7 -12 91 71 -43 43 -22 -86 -60 -45 -46 -57 -74 -99 90 -85 -80 28 -1 -78 21 70 -62 31 -83 -66 -29 1 26 16 43 99 -31 85 94 54 85 13 70 90 5 5 -98 84 44 64 38 -63 -97 5
53 -25 74 65 -9 37 86 32 -23 -51 38 -92 72 -12 22 -31 -44 -85 -47 -67 -38 53 4 36 -98 63 27 -41 29 26 15 64 -53 -21 -1 63 38 -26 54 56 -40 23 -30 -43 -70 -90 36 -18 49 45 -14 -96 -73 -44 74 -48 -44 -64 25 -28 -63 6 21 1 -37 57 -74 45 -43 -23 33 18 33 -34 1 -6 88 -71 -97 -67 68 69 -71 31 20 -43 13 17 90 72 23 -52 63 -79 79 0 -70 -10 68 26
44 -24 -56 -92 -52 33 95 86 96 69 -64 97 90 12 76 31 68 -46 -77 -35 13 -72 66 69 -33 -29 -47 92 65 -80 79 -29 -11 -19 -87 -14 -67 -90 27 -30 15 3 14 -11 -15 -42 -47 52 -89 -97 -5 71 -22 -49 29 -84 -19 -96 -74 93 38 62 -14 40 -38 25 -5 -22 -57 -70 -26 15 -97 -80 -73 -53 -10 -48 43 -7 58 98 60 -44 38 68 48 48 72 27 15 72 4 -36 92 43 -89 -27 88 -95
-6 97 67 -88 -64 63 -70 10 65 -5 23 13 42 49 -69 19 88 -41 -9 91 -66 65 -51 80 -11 -36 52 71 -91 25 33 -1 22 -82 -58 84 76 32 3 77 -63 -40 -27 -98 84 -39 37 25 51 -94 -47 -18 -94 43 48 8 93 84 65 59 -87 -45 -28 93 -64 91 -8 15 15 33 24 67 34 62 71 60 48 -74 -38 -35 65 -69 18 60 56 89 -92 -12 36 33 -46 -58 -39 -74 -41 -48 32 68 67 12
-17 72 24 -75 92 -9 32 -72 42 -88 -9 11 -41 97 -76 -78 -33 91 15 92 38 -65 -63 -48 9 6 -84 -89 -12 -45 81 -59 15 -49 65 -45 34 45 8 58 -80 75 87 -69 -96 -7 84 -4 -91 -81 12 10 -41 44 -25 22 -46 44 35 -14 -30 -59 62 74 -45 -94 32 -83 16 -86 -34 34 57 -10 31 93 32 39 -15 95 -55 95 61 -43 94 -46 94 -20 77 -16 -78 81 64 -39 -30 -84 34 -1 -34 62
1 -100 36 -91 -6 -2 1 69 -70 46 -66 -58 4 -28 -79 -57 -79 82 55 -5 93 -21 42 -4 89 65 8 -86 -27 -69 43 48 -75 46 -64 76 77 -7 -47 -44 -12 42 -8 -6 81 45 5 38 -99 -72 -78 -42 79 94 -40 5 18 16 -35 -99 36 80 30 -67 93 -33 -30 76 -18 76 -74 -100 29 -95 17 -95 1 -60 -55 35 -96 -51 -58 -66 -100 -5 43 25 -85 11 -1 -45 16 40 -20 -49 64 47 44 71
-62 23 -75 11 82 59 -34 -84 -1 71 -83 0 -13 44 95 25 99 -35 27 -65 51 -41 68 -58 -44 97 44 82 -15 -38 -66 44 26 30 32 -9 16 -87 -68 92 79 -48 17 68 92 45 -86 -9 89 -84 98 52 -64 -43 91 -62 -75 64 5 23 -33 -19 90 39 13 -57 75 25 64 60 -94 35 -67 -44 72 47 54 32 41 -64 87 63 23 -23 -32 5 -77 63 -23 -43 -74 92 31 62 -82 33 93 63 -85 -64
95 8 56 -40 67 35 51 1 -3 45 -97 99 80 35 -46 -4 -74 -20 21 -56 -7 -95 40 -36 14 28 -88 -24 -98 -54 -71 -88 -4 -18 -74 10 16 98 24 22 -68 57 23 -80 -58 -4 -63 -56 92 12 76 60 -27 9 -78 95 -11 -93 -74 99 5 82 -29 -57 79 75 0 33 -57 87 28 -93 30 -75 41 -14 -55 -66 -48 74 -53 20 -75 -55 40 68 24 7 -43 -76 -91 44 71 33 0 -45 84 -89 -5 -39
-23 -100 62 -93 -71 72 93 10 -30 -12 -36 -30 -31 1 70 -68 92 72 -100 -48 -54 -3 -64 -17 -84 19 27 -61 -80 7 -38 -69 20 19 51 -29 -23 -72 48 99 92 -50 54 -36 1 -6 80 16 87 20 -82 -57 45 -46 -3 -33 -25 -88 -21 14 -87 -82 -30 -57 94 89 31 89 -91 -99 59 -55 81 -39 91 50 19 -29 72 -33 96 -63 73 -46 9 87 -41 84 87 -26 -63 -21 16 -96 43 -44 -4 -89 -28 -56
-25 -38 31 -62 34 -51 54 -99 81 -47 -2 61 -24 58 14 82 -79 -21 98 -71 70 33 -39 -100 -50 94 44 21 -51 -82 -3 -39 -60 -67 -91 -3 94 -36 24 73 -2 57 30 -73 -48 -18 60 -8 24 -2 -76 96 90 -41 -75 -99 93 32 -3 52 -77 -58 -12 -80 -67 44 8 -37 89 46 60 47 64 -100 -86 -63 91 -94 92 -14 11 -68 -85 34 -62 51 -17 -91 -72 5 -35 88 85 -11 -17 -58 72 -94 -72 50
48 64 42 -95 18 21 92 5 -27 63 -39 -21 21 -91 -37 -73 82 -92 -74 -70 75 -89 -47 -83 17 -43 -21 -49 32 -16 -74 -89 46 -46 -15 -34 -73 51 -16 -6 -52 -89 62 -83 -53 -62 92 -59 23 91 -13 57 -72 78 88 -2 7 87 66 39 -2 -21 -22 -64 -17 7 39 16 -64 20 -16 95 -54 82 33 -88 -98 -56 51 -95 -80 -19 47 -42 2 11 69 97 39 -90 35 23 -56 -70 47 -23 58 -63 -87 1
-54 98 42 76 92 46 -15 -76 57 86 -56 -6 16 -61 -76 17 -75 84 24 -14 66 -87 -35 -6 -100 25 -82 1 -48 10 -10 -98 38 90 -75 84 38 -7 -75 41 -80 -99 -3 59 10 90 -15 -77 7 -87 -41 5 -99 76 -14 88 -17 75 86 -34 -82 57 -57 77 73 -90 -69 -6 -62 2 -46 49 -14 -46 14 47 12 -90 23 11 -19 9 -99 -14 -32 -54 29 80 -35 -37 -72 -12 -23 -42 85 -34 4 -73 -92 33
38 -89 -9 -93 89 53 -87 83 71 -41 58 97 -49 -42 15 -65 72 15 -60 95 7 -60 71 12 -52 -26 74 -1 11 -100 28 -97 -89 88 8 97 85 79 53 25 -7 -37 64 13 4 88 39 75 -18 -47 -46 -83 17 -74 -13 -79 73 -3 52 86 63 82 -54 56 50 55 -83 74 9 34 21 -34 21 -43 -49 -99 -81 -5 24 -31 -84 -49 -32 -54 47 5 38 68 78 -44 27 -3 80 -61 81 51 -22 91 -84 -5
93 -34 36 -47 -59 53 -45 74 -20 -95 16 53 -94 7 34 30 -37 34 -70 74 95 -20 35 -27 7 -67 60 -81 -87 -2 36 96 -75 -38 72 97 -99 -34 14 -81 -79 68 99 4 64 11 -9 34 -76 -5 26 -82 4 1 76 68 -49 89 -98 -9 -52 -57 26 40 -13 40 -70 -28 -82 -64 -57 70 76 73 35 75 -48 -82 57 6 -11 -36 -57 -52 46 -58 28 -38 -29 -1 47 -51 -28 -69 -31 -11 -63 52 14 -78
