-61 -82 51 -18 -47 67 -20 6 -81 -47 78 21 84 -46 13 -52 69 -78 24 24 65 -94 -5 61 -92 74 70 34 -79 23 51 3 76 -100 28 -14 -32 -4 -80 64 15 40 -60 -65 81 -13 -65 97 -66 84 -65 -29 -79 -67 -38 82 -22 -22 42 23 -74 -56 94 21 -71 -96 -53 -18 -44 21 78 34 12 61 34 8 17 6 13 -83 25 70 66 92 -64 34 -62 -37 52 7 45 85 -93 96 -88 -71 -97 41 37 -78
16 -38 -69 54 -70 -43 -78 -29 -52 -88 -55 -81 -63 -86 -43 30 -13 -14 -55 66 33 37 -94 98 -22 -48 -93 -69 -79 26 -26 -72 4 -93 99 91 -59 -28 -74 -11 33 90 87 84 31 26 53 32 -53 33 0 42 19 70 11 -49 -95 -86 -56 -57 -83 -38 -92 77 -78 -10 -99 -22 -2 27 -96 28 -94 -25 -60 -60 27 -22 58 -9 83 -18 64 -75 -90 68 -15 -85 33 40 58 -48 -49 -71 -83 -49 -74 -15 50 -93
92 -75 69 -7 -35 -83 -26 8 -24 26 40 -80 92 -47 -90 -83 -100 82 -11 -80 -78 -15 -27 58 63 -42 -81 -6 26 99 83 -76 -31 13 11 97 -70 -31 -65 86 -37 1 -48 51 -29 4 -71 -93 48 85 71 30 71 45 6 -93 -42 -27 -42 4 10 -68 14 -7 -2 76 -36 -53 73 19 -96 -56 80 -12 -93 -23 -44 -85 -14 -48 -34 42 -64 29 -46 -49 -53 -91 -47 62 93 50 -28 -5 -21 -11 -59 23 20 -64
96 97 -61 75 42 8 -8 57 51 -45 52 -63 -40 92 20 44 53 -22 -55 7 69 -12 61 73 63 -41 -29 24 -32 -24 27 -11 76 -74 -24 -34 4 29 4 21 -52 -64 -32 -29 26 24 69 -38 38 -95 1 43 -61 -85 35 -25 -17 6 -14 -35 78 1 -29 8 -50 20 -26 -59 -89 -19 9 -11 9 -2 45 65 55 4 -25 13 70 -19 40 -57 64 -40 10 53 77 18 11 43 79 -37 23 86 -99 -99 83 -37
-25 55 -98 76 -33 -43 69 28 -40 54 -54 -26 -24 -55 11 20 7 10 20 -50 -87 2 85 37 37 36 -72 23 48 25 -96 -51 82 -63 -95 -21 28 -45 22 67 -1 41 74 -38 21 56 34 -64 -67 32 -39 87 -95 55 -22 28 -74 -51 -14 38 86 45 -11 70 54 68 -52 53 -3 -95 -2 96 -97 77 -97 -79 -15 -6 72 -57 -77 7 48 98 -87 99 -83 48 32 -63 -62 -72 -75 7 83 5 -5 -7 55 1
40 -59 -28 43 8 -35 -21 19 -25 -37 -22 -88 71 86 8 -82 -49 -38 -41 -100 -31 -47 5 87 81 21 -34 -39 67 -66 -71 18 -9 40 -2 50 88 -52 -79 -48 -36 4 51 -72 -98 77 8 -70 -11 -25 87 -50 -30 -66 53 -20 -32 -28 86 33 -52 84 43 95 54 13 82 -87 9 28 -71 -14 -66 -5 12 41 43 -59 39 94 37 37 -55 73 -14 -13 -19 25 -88 -52 65 9 -3 19 -41 66 -26 -19 89 94
66 -62 -75 21 -78 9 99 -72 62 14 99 51 -67 -35 82 -9 49 30 44 -77 19 98 -22 72 25 73 2 -42 -95 34 64 58 -62 -12 -94 30 15 41 -80 -90 18 61 -92 71 15 17 -57 -48 -39 -65 84 79 -75 -40 -55 70 -4 -75 86 -36 78 -29 -93 -22 75 -96 39 4 20 -47 99 80 -25 9 62 0 95 -36 38 -75 -35 65 39 -86 41 65 -29 -55 -30 -80 -53 96 63 -30 -80 58 -97 96 97 25
-81 41 49 -11 -71 -100 -24 -31 -54 -71 -13 12 -23 -87 -94 67 16 -4 60 -78 47 63 88 75 1 12 71 89 3 5 62 -79 45 23 -12 -45 -35 21 -25 38 -83 -84 -49 -74 21 51 -56 -72 -6 10 7 -59 -47 98 28 -98 26 78 97 -85 -54 -7 91 39 -92 54 -84 -49 -74 -96 60 88 98 -84 55 35 83 67 -66 -97 -52 57 -68 15 64 70 20 -42 -98 -7 8 11 38 60 23 46 10 -37 66 23
-30 -70 6 87 44 65 53 -89 -64 66 51 30 12 1 -28 -85 -42 43 -95 -9 12 30 -74 48 -55 -21 -20 -35 60 -54 -54 89 88 -10 -21 60 77 22 -84 25 49 23 -51 13 -30 69 -36 -85 73 24 91 -47 -19 -44 -51 40 55 -37 9 73 -91 -75 -11 -100 -33 11 94 97 76 7 64 -62 -31 27 41 89 -75 -100 -54 -64 5 33 59 44 60 -66 -31 27 37 74 -90 48 48 -77 -89 94 -33 69 76 -37
49 -98 -21 -4 87 77 -54 47 19 -17 -41 88 -63 -87 62 -90 22 -12 57 -67 -10 13 -64 43 83 94 84 -18 -50 0 -22 -94 40 -38 -3 -28 -10 82 -81 -97 10 42 25 48 24 97 -66 46 -95 61 66 -98 -61 59 -40 28 85 -100 -49 -6 -39 12 -21 14 5 -92 50 85 -32 -39 -59 -56 47 -74 48 -88 93 40 -75 -30 -30 -55 -68 -86 -63 -37 29 -91 -46 -18 33 -95 22 92 -18 31 5 -50 -26 95
-18 -42 -24 -3 -5 -76 -34 -80 -86 -99 62 -8 -80 -90 -67 -74 61 -39 -45 52 -6 52 -66 48 -38 26 74 7 -9 7 16 -91 -21 -35 62 78 4 -60 -32 34 14 -60 69 -17 27 -35 7 -42 -67 -20 39 7 93 74 -63 -24 -50 95 41 -62 -19 62 -25 86 76 64 91 -56 95 9 -61 -90 92 82 -15 -17 -3 74 48 -48 92 19 -6 -15 -61 -30 -34 -29 -57 46 -58 -45 79 -71 -89 -45 48 -8 -77 -37
-7 10 65 -20 22 71 -53 43 -73 46 69 -85 -11 89 67 -8 -4 21 52 20 -20 38 46 -27 16 58 -73 -53 -19 19 88 67 97 -61 -43 -81 37 5 -16 22 -82 53 72 47 -10 45 9 41 11 -70 -22 84 -11 57 -53 -60 48 -39 -85 -53 73 13 49 84 -28 39 84 29 80 -42 1 49 70 -10 -12 58 61 -94 27 -71 60 -19 19 26 96 78 54 7 -46 -24 32 6 94 -58 1 -61 -14 15 -89 39
-83 -73 36 -45 44 63 17 2 -26 1 72 72 36 -85 77 -23 -42 -78 97 -72 -64 40 -90 -54 -100 9 -17 19 -79 64 -77 -49 33 89 10 -38 69 -78 71 -37 -74 -41 -52 96 51 54 89 -71 -13 73 53 -33 31 -32 -8 44 -8 -75 -27 -75 -20 -25 -37 95 48 -33 28 -17 -10 -51 -75 -86 -13 -75 23 7 49 40 -94 -36 -97 -11 -10 40 -20 -23 -63 9 55 -98 76 -59 -5 -15 -11 -11 -72 15 13 6
-51 25 -5 57 -40 58 66 -47 -18 -33 -99 -10 19 19 -45 -35 -67 -58 60 -78 7 16 -98 -1 14 78 79 59 -72 95 -78 -6 93 90 -62 -27 40 -35 43 57 28 -60 -15 54 -16 -96 -4 -88 75 28 -90 32 18 88 -67 94 59 -52 80 -38 62 -65 -74 -64 -8 70 29 -89 58 56 -91 69 34 62 -92 40 -35 37 92 -30 49 20 59 -3 -10 -100 -37 63 -60 82 7 -80 -7 38 -60 -83 -30 51 -40 12
-49 74 50 21 63 -28 -49 54 80 81 23 -53 16 -61 17 -17 -30 -43 -24 30 50 74 -34 -53 -61 -91 1 60 99 1 -66 99 13 -3 24 77 61 47 -52 -92 -83 -44 -72 80 23 -78 13 -70 49 -99 -41 -41 20 -87 5 34 -26 -74 0 15 91 -93 78 41 46 38 61 41 -90 53 97 -49 77 98 -17 -94 5 94 60 74 92 -60 31 -51 15 41 -99 -49 -77 -92 -75 6 21 -16 34 39 -37 83 75 14
97 64 10 91 -69 -54 -21 5 -65 9 -99 -22 25 -94 88 90 44 -89 17 -30 4 52 -55 64 -98 62 -5 65 -34 32 -5 4 34 25 -21 -10 -23 -91 -63 68 -60 89 84 -51 50 42 -10 -41 32 33 -78 -65 -54 35 -85 84 -12 27 42 -49 -22 87 1 -89 47 8 -14 -23 64 -29 -62 74 44 -51 -38 29 18 54 55 -26 70 67 -67 7 70 49 89 54 41 -4 12 32 -70 -81 -11 -62 -53 97 -71 31
21 -76 71 69 65 5 1 64 -6 -99 62 12 64 -4 0 63 42 1 -58 -60 -9 -55 0 -2 -50 26 6 24 -67 44 -40 88 1 -28 -78 56 -74 -62 34 85 -68 -12 -40 -43 -50 8 29 95 -18 -67 -81 -19 -17 -58 -83 -98 -93 85 -83 16 -62 90 -94 -5 -52 -59 81 -15 30 -98 -20 -94 5 -70 5 -81 -83 -66 -54 -93 74 41 -94 47 72 96 -4 -98 -92 -61 -80 8 -88 -56 -22 40 90 33 -44 13
36 59 -96 8 -29 19 -1 55 75 -7 -20 -90 70 52 -37 46 11 -97 27 -42 12 11 -90 -48 -14 23 86 51 -87 13 -94 16 -35 -7 -65 59 55 93 66 -73 -71 37 65 -12 70 -18 -20 43 -21 -75 91 -69 -83 27 19 -48 -19 -53 10 -79 73 -57 75 44 17 29 -10 -67 -89 82 84 -31 -15 92 92 -4 42 94 93 -33 -38 48 88 46 -38 -16 -15 -28 -47 77 69 77 -81 -72 99 63 81 -37 46 13
51 -39 66 -44 26 94 -28 -91 24 -24 63 63 18 -76 45 -17 -96 -92 -46 -58 -48 96 6 6 -21 -59 34 7 -62 -7 49 -98 5 -60 -54 -45 46 8 58 38 -56 36 13 -57 87 32 -22 -2 -98 -11 57 -1 83 72 69 80 -64 88 11 -66 -80 65 -69 -46 12 -93 16 -55 -44 -28 29 -64 32 -69 -93 -30 -20 60 -81 43 67 27 -34 71 -48 -73 4 -52 27 -98 -40 -15 7 47 -80 73 -77 99 68 -86
-22 43 -7 15 -37 -1 85 47 -63 15 12 76 -56 98 67 85 80 30 17 -47 -21 17 -38 -38 -45 88 4 70 -12 25 -53 87 27 9 14 45 44 -56 -74 90 -17 -62 -54 -33 -32 -35 -97 6 67 -85 31 -50 -69 54 -29 56 50 -36 68 93 88 -62 69 -33 -43 -94 95 -14 -10 -55 -38 -82 82 86 -37 -72 -34 -45 -33 45 32 6 79 95 -37 -95 -35 4 -66 90 -18 -70 -44 61 42 -69 -98 98 55 -38
28 21 47 -20 -26 63 -73 -61 -81 51 -73 -89 -22 -20 82 90 -51 -74 -76 -38 93 -25 59 -24 7 23 51 -10 -6 -4 -94 -71 -30 -92 2 22 -79 8 72 -11 -53 49 -26 61 94 16 92 77 -47 20 2 -28 8 -100 49 52 31 -82 54 76 -25 69 -84 51 4 -37 -23 -85 31 -63 -97 -64 68 90 -81 38 -67 -64 91 -88 62 8 2 -10 -65 23 -24 -79 97 86 -77 95 29 35 -9 -99 -45 10 -97 -44
54 -91 -64 -54 -82 -4 -20 66 3 -9 98 -77 -61 -3 6 -57 -2 -25 -52 56 -63 -4 -86 51 -74 66 88 -27 29 -5 82 65 33 -53 44 52 -47 -51 32 18 -27 -46 -60 15 -27 -82 -35 18 83 -25 11 78 53 28 37 98 10 -97 -80 0 25 31 43 46 -67 -95 45 -39 94 23 24 -25 -11 25 -99 -55 94 30 -65 -40 -98 23 89 91 31 62 -46 42 -40 42 -47 75 -16 13 25 92 -54 -45 18 -80
-55 80 -39 -34 -94 -2 -25 85 -14 -9 19 -70 28 -66 48 60 84 -68 -15 88 78 87 55 -78 39 -81 35 51 -11 -47 26 -20 2 -58 -1 63 -41 -86 -90 86 -47 35 -4 -38 -19 4 27 -79 41 90 -32 -86 84 60 -55 -65 -9 48 -26 -73 -5 -45 -84 -23 30 -68 3 -42 -98 -42 -21 42 -66 46 -11 -13 -36 -25 42 88 -19 -8 -65 -15 90 -16 -94 53 20 38 -38 61 -46 36 -54 53 -93 -20 -24 -58
-49 -58 24 -98 32 -69 -91 42 -50 -18 -70 -25 15 -56 35 66 40 79 -100 90 -5 47 81 -27 -81 -61 9 76 10 -92 -46 -73 -42 -66 -50 86 -3 -26 -56 18 -17 -20 -4 -61 57 -7 14 88 11 18 11 90 40 83 71 -75 -48 -14 73 -45 -54 -61 64 48 52 -63 -27 65 -33 94 -63 -81 98 4 -2 -89 -85 -25 45 71 30 20 92 -20 23 -62 30 -22 42 44 -91 3 13 62 74 -66 70 65 19 99
-79 -62 53 72 -19 -86 -29 -58 12 89 -7 -59 -59 -99 10 35 -28 -3 -66 25 40 -79 63 59 75 57 19 8 63 -51 12 17 -87 -65 77 14 10 53 -20 45 48 66 47 -5 17 31 -18 28 -85 -52 31 93 66 93 6 -63 40 31 -71 81 98 45 -46 23 69 -29 -85 -47 7 80 -37 -59 10 -49 -2 51 -50 -31 -48 80 -51 38 44 -64 -97 -19 -94 -76 44 67 -10 -32 -24 -66 21 -36 59 -97 -50 -39
81 -52 73 -32 30 71 67 76 88 54 58 55 32 3 40 -62 -19 -72 7 51 73 94 43 -85 94 5 -49 82 -72 20 -22 83 -42 -33 37 2 -63 89 40 90 4 -41 -25 40 -90 -98 -33 -5 97 -12 -74 68 76 -91 90 -43 -70 -62 28 79 59 -56 -69 -31 -11 -3 99 98 -55 -37 25 -48 -74 8 -55 -82 -86 1 -24 -62 -12 -32 -80 90 66 4 -71 96 -100 -47 -58 -57 88 61 39 61 83 -14 34 -14
14 96 -35 -78 -63 56 8 -47 -90 64 -15 16 45 -79 2 0 -16 70 23 -61 76 -100 -37 -96 -92 37 92 42 29 -19 -28 68 -64 -5 60 -10 -95 -25 -79 -31 71 84 -30 37 23 -50 83 43 50 -36 89 81 32 -32 -28 -37 52 -44 -88 35 29 -4 31 16 59 38 64 -38 51 69 -99 73 66 97 12 58 92 98 4 10 77 52 -12 7 62 -65 -28 -40 -93 -40 77 62 43 62 33 50 39 -38 -56 62
59 -98 90 -48 -34 58 -89 -28 25 -4 99 -31 -72 -65 -19 87 -83 -60 83 -62 74 -88 -6 -9 86 15 50 -97 6 -84 70 -51 -93 -87 -25 -62 89 -71 -55 23 -35 30 -95 34 50 -53 73 -59 -43 -10 -4 -87 -78 78 -16 4 29 98 -36 -76 47 18 -39 -33 -33 -60 76 -44 30 -9 92 25 85 -79 13 -75 92 11 -79 -87 83 43 -65 -46 48 17 91 73 -31 -74 -41 70 -11 96 8 -49 -94 96 -21 38
62 -74 67 88 -19 48 -20 -84 -74 -27 -40 -60 98 -31 -100 19 92 -47 90 -33 -96 -83 36 5 -71 -36 -37 4 -29 -67 -35 -41 -24 -51 83 -91 -47 81 -47 -1 -48 -6 -86 26 -46 -30 43 15 -65 -51 -50 82 -89 84 -31 -61 -71 -26 51 5 -99 -45 90 -77 -41 89 -79 -51 -43 -78 -4 -53 90 57 -54 3 17 -30 25 1 37 79 58 -4 3 -35 -5 -5 -34 91 62 -47 -39 78 -48 -24 48 13 59 -62
-19 9 49 99 -43 35 -7 -44 10 53 28 40 57 98 12 75 83 -66 79 13 57 -33 93 20 -11 -47 -53 31 24 55 26 14 -46 -12 42 -96 79 59 25 -19 -93 37 5 -100 -88 56 -22 92 -65 90 -85 -56 70 -88 -72 -9 21 -99 59 -95 24 82 -14 60 55 26 -63 7 99 -16 -10 -3 -75 77 43 0 -94 -99 -63 -17 -26 -31 -9 53 33 -47 70 -57 42 -52 86 57 -96 -71 22 17 18 -71 -41 -28
-36 -45 -40 -95 84 -100 50 82 24 62 51 12 -10 -67 37 37 -15 60 -47 90 54 12 -88 -37 35 87 97 -13 38 22 -27 61 -37 -74 87 55 89 36 24 7 67 -16 -95 36 80 6 30 55 28 46 -72 21 36 -13 -74 -84 -84 -57 -98 73 25 26 28 37 22 38 28 -52 -33 77 -43 -38 10 -78 93 99 49 -28 -94 -42 -43 -34 12 -4 -32 21 0 55 -54 6 52 -18 -35 75 27 45 -87 10 15 -93
-68 -97 36 -20 95 70 -93 50 98 95 -33 -87 73 -93 -80 -26 31 -2 -24 22 -23 51 -55 -34 61 47 57 78 -26 -78 -8 -16 58 56 -86 47 -80 -35 -45 95 -8 -97 77 21 93 25 -29 -100 41 -73 -46 39 78 0 59 -80 -30 -65 9 29 85 30 44 69 -5 -52 -41 93 -70 -77 -1 -31 3 61 76 65 -64 -62 -79 -35 42 -72 -19 88 -65 -39 -71 65 78 16 62 -47 79 46 4 -41 -8 69 0 -47
-6 84 -35 -60 78 83 -34 86 82 82 -59 -97 -6 -50 -97 11 21 71 48 -92 -1 74 -94 25 -44 85 -59 77 11 -93 26 -94 70 8 36 -6 -89 79 86 -67 23 -8 -32 -89 -42 41 -100 -82 -81 49 -15 17 -71 -17 -47 -52 98 19 54 38 34 67 -4 -61 88 -74 -28 70 25 -32 2 32 -68 -71 77 -45 14 -42 -74 -52 4 14 40 27 -88 -99 -63 95 -41 -66 82 -8 9 -7 -90 -5 -28 -91 -23 -44
91 -72 -59 4 96 87 -20 6 -61 -27 -34 -37 58 55 85 -30 -1 -94 -93 -4 29 15 -92 72 61 -11 15 76 -86 84 35 76 -90 -11 -3 71 -56 -65 32 -13 11 50 91 -15 78 -3 -85 -14 -91 10 -33 3 -38 -52 13 9 89 41 12 25 -1 77 -50 -15 -98 -54 40 37 -11 53 68 -100 4 94 79 -37 71 -37 37 -10 -83 -78 80 71 42 -94 31 69 -66 -69 -72 44 32 0 85 79 -28 98 31 -86
7 95 -44 -13 -34 -32 52 87 80 -6 -40 -44 57 72 22 65 -2 14 -66 -50 -46 34 31 95 63 52 12 -45 -64 -77 98 59 -14 6 -12 76 -76 72 -68 -78 -61 -7 31 91 -71 -55 -2 3 21 69 -45 93 3 -27 92 78 36 -72 -69 84 81 60 -22 -76 61 46 71 59 -88 40 -3 -38 -10 -45 -32 -23 -8 -11 70 -82 21 98 -75 -51 20 89 9 15 72 97 81 51 -38 -95 70 -32 17 -72 2 24
11 -42 -89 -15 -98 48 45 -21 59 -83 32 -54 -81 56 -23 -65 85 -20 28 59 87 -60 7 67 -45 -1 -45 -14 -100 56 85 -35 -89 18 -97 30 -1 96 34 -78 69 74 -35 11 52 -91 -56 12 46 -9 9 -60 21 -64 72 -3 23 24 96 -13 58 90 70 60 -86 1 -23 15 63 -9 92 -58 -91 89 -19 44 4 -34 -22 78 83 -37 -74 89 25 -22 -76 -72 89 -17 22 2 81 -92 -2 -97 44 -82 95 29
-54 82 28 -84 11 51 -34 58 -49 -90 -72 93 6 70 52 33 -77 -70 -44 84 -71 -58 10 14 -44 -87 -51 -66 -88 -45 23 -12 -97 -92 41 25 -60 -40 71 -14 -15 -48 77 -53 -68 -49 39 81 35 8 -19 -3 -20 -84 67 51 24 30 1 -6 6 -62 89 13 64 -71 -52 -56 -98 30 41 10 19 34 3 44 52 -67 -19 -54 63 -90 -52 98 -91 -18 64 -52 82 91 2 54 -89 -11 -48 -23 77 -21 21 62
-15 55 -83 -26 97 34 66 -75 7 -51 73 82 83 -6 63 -38 70 28 4 -35 -91 -96 37 -30 -85 64 -26 -6 6 11 -9 -17 -52 53 -29 -70 -15 56 22 6 31 -50 -47 12 -7 37 15 92 -73 13 -34 86 0 -34 2 1 -87 -86 51 -79 49 -10 -30 93 -46 -77 59 87 27 -23 -43 95 11 93 -32 15 -35 -89 -69 21 -2 -71 72 70 -95 26 -41 29 -37 7 5 -23 95 -79 54 69 3 -35 -75 57
-6 -45 -27 79 55 16 0 -19 -66 58 70 -93 -54 2 -12 56 47 -83 -87 83 -49 10 19 48 -84 53 15 -41 13 -70 55 -94 -14 78 4 -72 37 97 -80 -52 67 -94 20 0 -83 -99 -1 -54 22 -84 32 77 65 6 72 18 27 15 -100 97 75 45 22 -27 -61 -67 -10 55 81 -32 18 28 43 40 -45 -57 81 20 91 6 76 -43 -6 79 21 -67 -85 10 -1 -17 -17 -93 23 -38 20 99 85 37 98 90
-48 -75 -93 23 -17 -78 40 87 17 47 96 -99 -19 -87 3 34 -46 50 -86 1 -15 -93 -56 -3 30 62 53 23 -7 -6 78 93 26 25 79 -73 -60 -53 -77 -87 -45 97 0 -65 58 64 -52 -18 74 -4 5 -67 28 24 -99 -71 -40 83 -99 -64 -65 -85 -98 -51 89 -91 -95 -90 -98 99 92 23 -93 -11 -76 48 63 93 63 -20 8 81 -25 -3 41 97 -28 73 4 70 93 -56 -94 62 99 -55 -83 59 34 5
-86 -25 48 -38 22 -90 75 -38 -1 -84 77 -77 62 -95 -81 1 35 50 50 -63 93 -72 27 18 97 -51 -68 73 75 -40 -62 -18 86 -75 -56 -29 -7 77 60 -51 -75 -13 17 -29 -21 -54 51 -38 24 90 -84 22 -72 39 -27 -93 91 -9 95 71 52 -17 -92 43 83 -57 39 -76 -48 48 48 2 -87 55 81 30 -83 -42 -13 34 -96 -7 68 50 61 -13 -52 31 72 98 -89 -81 -16 -96 -75 86 -11 86 -80 71
0 -81 85 -62 2 -64 57 96 -17 -91 -74 50 -31 74 -21 5 -7 -58 -52 99 58 -78 -10 -14 -23 91 -11 36 -14 -74 -62 14 3 44 -16 57 57 -71 -38 -68 4 -10 99 -15 72 -90 -36 21 32 27 -64 42 76 83 86 68 50 -99 45 33 -16 -86 -84 33 52 59 -19 45 -42 -22 25 -31 86 57 -55 -49 64 80 5 74 57 3 26 -17 43 44 -73 68 90 -5 5 63 -49 -45 93 -16 7 0 -29 90
3 -28 -69 -41 58 8 18 -52 -54 -25 -43 23 80 -80 33 -36 2 -81 92 42 -100 65 92 77 1 92 -34 4 9 -50 21 5 87 -95 91 55 -19 48 24 -42 -4 71 -83 67 89 -85 -75 82 -87 -88 -1 -9 -95 -23 89 37 61 -73 -33 -54 77 -74 -95 -85 17 -45 -65 -51 -33 -23 18 -57 -70 -65 27 14 -36 -18 -18 -23 -80 31 -49 39 -54 17 70 29 -42 83 -50 -40 -92 -3 -48 88 74 -35 -8 62
-1 19 -81 -61 91 -42 -26 26 62 97 49 -5 -15 53 66 44 24 42 51 67 98 21 -99 14 80 -67 45 67 90 47 29 -94 -92 -20 -12 -86 15 39 91 -76 79 64 84 -30 -56 -72 -73 -71 19 62 58 -33 5 -43 47 79 50 95 39 -25 57 -66 62 60 71 68 -60 -93 -10 21 -97 1 -15 58 -60 32 -30 -39 26 5 -74 -42 -6 38 -4 99 38 98 -4 -16 -77 78 46 -13 -45 53 42 -31 12 -59
-81 34 59 0 64 81 25 -13 54 -18 -42 72 78 -56 -12 -100 -29 48 -18 -87 -97 79 99 -87 72 -84 -34 28 43 -9 42 -27 32 -37 -81 97 -2 24 -11 25 -68 -73 -99 -33 34 -22 3 5 -70 -9 -98 -52 35 -6 -56 61 95 1 3 -64 35 -58 -93 67 51 26 46 -86 -92 64 97 75 4 92 20 96 15 -65 46 -73 -20 -82 -49 36 93 -12 3 -31 93 51 -4 -73 67 -7 42 93 -48 20 18 38
1 -81 -23 -56 30 -23 85 5 64 -54 -72 -2 64 -64 89 98 16 78 74 27 28 78 -70 -59 -48 90 -86 94 -3 78 83 53 -81 -88 -71 86 15 -64 -83 -87 -82 -40 -30 -14 -19 72 -59 48 -89 -17 -91 4 -96 66 33 3 -35 35 -6 11 48 -89 63 5 66 -71 50 62 -18 -48 11 63 -72 -63 81 48 -54 14 -49 62 -70 -79 -6 83 6 -75 57 66 -46 -75 97 39 60 -4 -91 4 74 29 12 -29
-48 63 53 -26 -3 -6 -7 -5 86 -36 -85 13 -5 -17 10 60 -96 -99 68 -56 -71 86 -87 -53 -59 73 94 -80 19 64 -2 97 -25 14 -79 65 75 3 -59 -47 -85 -88 20 24 -47 25 -85 -60 75 0 -84 32 -31 80 -87 -96 -98 -68 73 -37 11 97 -38 -55 -92 28 21 -51 15 -68 54 60 -78 64 -63 69 -20 9 -53 12 -21 79 -12 70 41 57 85 23 22 -53 15 -67 -3 41 49 41 77 -63 91 62
75 -9 -54 81 43 -41 -80 -19 -21 -16 8 55 -62 -48 -3 -98 71 15 28 42 1 -14 66 88 14 -17 45 53 15 40 -1 58 -25 7 -50 -27 74 11 20 -41 -58 85 20 -21 -75 71 42 61 -94 29 34 99 80 -23 83 -66 22 56 21 15 -71 21 -38 43 -28 27 -84 47 22 -32 47 -19 0 70 -29 -75 -78 -18 80 -77 -48 9 54 55 37 22 -73 -85 14 -50 -83 42 29 48 -10 -12 35 73 36 25
52 -87 -74 -48 -67 15 21 62 42 59 -76 -55 -87 -60 -4 93 80 -38 28 3 90 80 -12 -40 -29 -82 -94 -34 1 -67 -94 79 84 28 48 98 62 -32 12 60 28 32 26 46 -41 -17 -69 94 98 -16 37 64 -52 -98 26 13 64 42 -1 -30 -8 98 31 19 -6 77 28 38 87 69 47 35 49 -99 -27 83 -62 9 -69 31 51 -64 17 -37 7 -56 52 -32 -56 42 45 51 -62 -21 52 57 6 -100 38 -73
-89 16 -22 -20 26 30 -51 54 -26 -97 -15 -94 80 -69 -96 13 -65 9 -41 27 88 91 -62 -51 -92 36 -58 -67 -7 31 -80 -85 -78 -65 12 -31 78 -9 79 -71 19 78 58 -45 62 0 -73 47 96 -87 4 -14 -57 81 -59 23 -62 4 32 -4 90 3 89 -46 -50 -52 -32 26 -48 95 -71 -6 -27 91 -49 93 -79 14 -32 92 -96 34 -5 46 57 59 77 28 68 79 -23 21 36 67 4 72 -41 23 -14 55
12 90 32 -69 17 -40 -56 29 22 -78 54 80 -15 94 -56 -26 -69 -88 -79 -68 -60 8 -76 -6 19 95 -45 -67 -92 12 -79 -51 43 -60 -4 -62 -98 20 21 -35 -22 59 93 -51 39 44 -72 -92 63 34 -68 82 -56 22 94 -83 28 -26 -36 -71 -16 -39 97 90 96 73 -43 68 -76 61 21 47 67 -100 -88 -15 29 -31 85 -38 44 -85 15 -18 -72 -35 -14 6 8 -51 -90 -94 78 58 -60 60 -57 -84 21 44
-1 -84 -20 -100 -83 -9 -21 -84 34 65 -86 81 -29 31 88 -6 51 -22 81 6 -33 35 -26 13 27 -58 54 45 8 -9 95 -77 56 72 -83 -54 -2 -90 -94 -63 53 76 86 -12 82 76 57 -74 -29 22 -11 -16 83 -80 -49 -73 1 -31 -16 -41 84 89 -89 -49 -41 -18 -7 18 73 99 70 -87 47 95 -52 -47 -38 62 -37 -50 -33 63 -40 52 97 -39 26 -23 34 -71 -14 -23 -82 57 -78 -54 88 70 35 10
5 91 77 0 39 -46 0 7 -24 -89 -21 42 79 1 -48 13 83 24 84 57 82 58 -54 6 -68 30 38 23 -83 -70 94 3 97 -61 -60 -70 42 35 89 4 -54 54 23 11 67 86 -29 -23 -41 -27 -24 -12 -38 -72 -11 14 59 68 16 11 56 65 -16 -53 35 74 -76 -7 66 41 -73 -94 83 -41 -44 -25 31 -33 14 -61 -66 2 48 -25 -54 40 32 -42 30 -23 11 48 14 -58 -48 -99 29 -46 -80 80
66 9 -21 -40 -20 95 -52 28 -63 -57 46 52 -48 37 61 47 21 -11 11 -6 -71 -72 59 -53 38 40 -9 -80 -74 52 -91 -91 38 -38 77 -38 95 -50 5 -2 -8 97 -88 65 42 -17 43 -7 87 36 0 99 44 -56 80 42 -60 29 58 -87 -75 -21 92 86 13 98 -27 -78 -45 11 -57 -89 49 30 86 -59 -87 6 40 -78 -65 51 -81 25 -59 88 -66 -94 41 -87 56 80 19 91 -33 -46 -10 23 -59 64
50 57 24 38 94 59 0 -80 -49 -54 8 81 79 62 -96 93 -85 10 64 62 23 -52 -93 -61 -27 -71 8 -46 24 -81 -92 20 -7 92 48 3 69 -29 88 25 54 4 -76 27 80 18 37 54 -73 -33 -18 -98 -43 -25 -5 95 -68 -95 -61 -47 -12 -74 13 82 -40 -69 -88 -61 18 -67 63 -25 88 8 -16 23 -16 -95 -43 43 -96 -69 -93 59 -86 86 -68 -32 78 57 34 -37 57 -16 23 -46 -86 9 29 -33
49 2 14 -98 -55 -91 -79 -35 82 93 53 5 -96 -73 36 70 -60 3 -38 56 91 71 -26 -41 83 26 -4 -23 -62 -81 50 71 47 -78 -42 99 49 -81 -95 82 22 83 -38 66 -90 -44 -96 -29 23 -72 -57 -7 -27 -70 -87 32 -31 -58 -37 12 -16 86 -40 -27 -38 88 66 -62 -37 -25 20 -38 -84 -64 -43 71 49 -15 62 -63 -10 86 28 -99 44 -26 49 81 -20 60 94 -36 -55 81 95 -18 0 -57 -25 83
89 45 -85 -56 -17 -48 95 -2 12 40 1 41 -44 58 -89 88 86 12 24 23 40 -74 54 45 43 60 -93 -9 -35 -16 67 -2 -72 -43 62 -80 -13 -21 -54 -69 -76 44 63 -52 22 13 60 -74 35 36 35 -13 -76 45 -55 -2 -78 27 -55 8 83 -97 65 -78 8 61 22 -60 -13 19 -81 -89 -27 -78 -55 -18 -91 -95 68 -85 37 -59 98 65 31 75 26 42 -72 -64 -22 35 56 -13 -4 -5 86 71 10 -51
44 -68 53 9 -87 15 -92 28 -53 34 -13 50 -83 88 -26 -14 29 7 59 -39 92 27 -69 -49 -88 -72 -72 -34 -38 5 -46 -6 66 70 -55 -62 -35 13 55 -66 67 93 81 -33 60 -76 56 57 -59 57 -51 28 -38 -4 72 -50 -71 -23 83 -99 72 -51 -52 86 -8 -45 -90 -47 -6 -55 -82 60 -72 23 -97 94 -92 -95 27 6 -37 97 -20 77 -9 -49 32 -61 -1 84 89 84 5 -79 5 -15 -54 29 32 32
-57 -75 57 90 -84 -17 60 8 -63 -6 22 37 77 55 -93 84 -82 -26 -13 -4 50 -72 53 32 -22 96 -12 2 -94 -37 -97 -21 10 -42 50 -76 16 -34 60 -38 -91 40 -80 -35 -49 -99 60 -94 75 34 -48 -51 -93 -20 -90 5 1 0 -38 89 19 -95 -33 44 -82 49 2 38 -1 -71 48 19 -79 -83 60 14 89 27 49 51 -83 -60 67 -99 -82 97 -66 33 52 -88 -87 36 48 91 -1 -16 -66 -76 -95 -22
76 -79 -88 32 99 51 -21 47 -95 -13 -77 24 17 62 -70 83 -21 34 -97 -77 -54 21 -93 26 92 -74 -36 27 2 -55 61 -7 -54 98 -77 48 67 57 55 56 81 -48 80 31 -12 97 33 -13 -84 -12 64 -32 -63 -1 12 -84 -33 -98 -7 -4 6 47 -37 -94 17 75 37 -50 11 79 -20 98 7 68 -38 -53 54 21 16 -41 46 85 55 -70 -86 -4 67 63 54 32 1 26 -35 61 86 -47 -66 -39 47 19
83 -42 -27 -47 -34 6 22 -91 -91 -76 23 -45 82 -39 -19 -64 -84 -49 17 63 49 -79 28 5 32 12 -77 -52 -100 1 -42 58 -16 96 1 -5 0 -90 56 35 42 88 -30 91 -51 83 10 -91 54 -65 -61 53 -19 -79 -30 -89 -93 16 -50 -56 -97 -65 38 22 -33 21 -53 35 -87 15 98 6 -83 -45 6 -48 28 -26 -93 7 89 -6 7 -81 27 62 59 -74 -42 -32 65 28 73 90 93 41 -81 66 -62 -31
-86 -17 19 87 88 59 -55 -48 0 -88 29 30 44 55 47 -94 27 -22 99 -42 50 -25 38 26 51 -64 -14 28 39 -39 44 7 -19 -65 -52 73 -37 60 -62 0 16 89 43 58 -36 13 -52 36 1 16 -25 8 93 -32 -40 -3 -56 98 -3 86 -13 -20 58 28 57 -78 -84 96 44 -100 74 -64 -76 -36 -58 -45 44 -75 -38 18 -97 -28 11 -59 -4 -21 77 -48 -76 -36 -2 -15 -25 30 -11 -34 -74 17 41 52
-82 57 54 71 -45 12 25 59 -24 -75 34 -90 -94 31 -99 60 96 79 0 -37 73 59 -24 -75 -40 -78 -99 -94 -92 44 -35 -39 37 41 -15 94 -17 22 -12 -26 -2 55 67 3 23 61 -5 9 -99 -9 -9 -31 1 -79 17 88 77 40 30 -29 -61 71 48 -60 61 -69 -55 70 -17 32 -91 33 -35 4 -48 56 83 73 95 74 67 31 -20 86 -55 69 47 -43 -1 -8 -46 -3 -31 96 37 -14 -1 -79 0 56
97 29 -74 -39 -67 -24 6 97 6 -26 0 -4 -62 -60 25 -32 78 -68 80 24 14 -73 -25 49 -9 15 38 -14 22 75 -59 -44 27 -10 -26 -73 9 -31 33 -45 -32 96 -71 8 56 -85 23 -39 -9 84 41 51 -36 -94 -49 87 -61 33 40 -39 17 56 -32 -41 -34 -93 -7 43 45 38 -42 95 1 75 50 15 53 -62 -9 86 -66 47 -53 8 18 -40 -37 79 80 -74 -88 -71 -37 86 -3 69 -68 -32 30 -66
2 53 93 -36 -40 77 -42 -68 71 -84 -54 -15 -91 -89 2 -77 -29 14 71 -14 -42 66 31 -35 22 -76 -95 -84 -19 -100 33 44 50 63 56 70 91 -28 77 20 1 88 -77 -82 -99 -67 13 -69 63 66 6 97 -95 39 21 80 -75 -57 -47 -52 -26 5 -97 60 -65 3 -35 44 -80 90 30 83 -69 62 -91 92 -66 5 -66 66 28 -40 -55 84 -1 -4 -5 -82 41 -92 37 71 -57 90 75 -21 -57 -23 -64 -2
81 13 -77 -5 -54 -64 -18 -49 9 90 -18 -7 -56 -44 37 10 81 -90 78 -23 77 48 58 -47 11 74 16 53 -74 -39 -77 52 71 34 -18 99 89 23 -47 71 25 19 -2 50 25 43 -81 -53 11 -26 -89 86 -64 22 -49 -53 34 -11 56 -7 -40 54 -9 -62 61 21 11 -25 99 -54 -20 26 -44 75 72 -78 79 -81 76 18 -48 -30 35 -78 -44 92 2 -86 -60 -35 23 59 -52 99 91 37 -42 -16 54 39
-39 -79 -58 25 -54 -2 -88 66 -60 59 -32 -18 89 -49 -81 74 -69 -20 -71 -89 -42 17 -36 97 -77 -92 -92 -25 -92 40 26 69 -42 52 -64 -33 3 37 -8 -45 53 -99 -67 -11 8 54 -60 -30 47 -87 -31 -91 16 -22 -80 -56 26 19 30 -68 93 -55 92 64 6 81 -60 83 -79 -63 87 -21 1 -12 -54 36 -86 79 -50 64 -50 29 89 85 25 5 -58 -97 -48 94 28 95 43 -70 -93 -97 57 -26 88 95
32 23 -3 31 89 99 -12 -57 -84 70 -36 24 -68 84 87 74 -51 49 81 -94 -85 29 -63 80 45 71 -46 -99 -87 -100 97 63 18 -68 -28 -20 -19 -17 60 43 -80 -18 0 83 -51 60 13 -49 -88 91 37 23 47 51 43 -30 28 -97 1 -59 -71 23 -17 -78 1 -62 97 -70 85 69 27 -68 -39 34 -58 67 38 71 34 -3 58 52 -62 50 -50 58 84 -53 95 -2 47 -69 38 86 -74 -36 30 -99 -67 48
25 6 -31 -67 18 45 89 60 -99 8 2 76 15 -43 20 -27 -76 37 14 -71 63 -29 12 -86 -85 72 -20 59 84 58 60 41 -46 66 -72 -6 -2 89 -97 37 -21 62 -71 -52 96 -22 -8 -88 -74 -4 -81 36 -78 -1 88 23 60 -42 -26 -37 -51 -33 -91 24 -28 -80 84 -57 42 -39 80 -31 -17 -93 -81 62 -98 -70 -48 61 -89 91 36 -34 38 -60 -23 17 19 59 94 -15 13 50 -6 84 20 48 19 2
-43 11 25 -49 -51 60 -40 53 -58 -33 35 3 83 -75 -75 78 65 -25 -14 86 -38 -92 98 -86 -92 -95 28 10 -83 61 -50 -29 -71 -84 23 -73 -54 -2 42 -14 56 -2 -26 57 86 -42 -61 -61 -86 77 80 40 -95 -2 -60 -20 -4 93 53 -58 -61 70 -19 -14 44 -63 -16 -6 -90 -34 25 -60 89 93 9 71 31 -70 -42 46 91 69 -40 -58 35 -9 16 -26 -63 25 98 -50 -12 57 26 -12 -26 2 3 27
-50 86 76 30 75 2 58 39 -1 52 -95 79 -51 54 76 -98 -92 -5 32 4 37 99 85 -81 98 13 -63 -25 85 -11 -66 -1 24 -31 80 -59 90 31 -98 -66 -79 81 1 -45 26 -76 -97 53 28 2 -76 6 8 66 -9 10 -47 -43 -14 -25 4 -43 -59 93 -28 -4 92 -81 -57 18 -69 -61 25 -95 -76 -78 78 94 66 37 -18 83 37 -86 60 -18 15 -76 -11 -43 -25 61 10 -93 -10 -16 -79 -48 -9 -14
32 -66 33 -82 34 24 41 6 -54 63 -59 42 79 71 54 70 90 58 -2 63 2 -94 16 -83 -94 97 40 91 49 -15 4 -69 71 -48 -82 -30 -7 -3 -24 77 -9 -78 46 54 -98 -92 -73 86 10 -80 93 43 -91 77 34 29 -94 96 -74 29 99 -44 59 69 -90 10 82 -48 50 -39 -24 53 -19 -80 80 9 34 64 -31 -55 88 62 -40 46 71 62 -92 55 -95 -77 -23 -94 19 43 37 -71 -38 -18 42 -50
-53 49 89 51 58 61 -48 54 -53 97 -30 46 63 -60 -91 96 -63 90 -7 -42 47 -26 -22 13 8 52 53 -55 -66 -34 -27 -17 0 39 -67 32 7 -88 8 21 13 -42 14 63 66 43 -35 -63 -8 6 87 -22 -88 22 -73 10 -32 69 39 -36 -47 -12 -5 76 -14 -81 90 -4 -36 59 33 72 -47 -64 40 -76 -95 87 -72 42 -99 92 79 42 34 -47 -56 -54 19 -75 -61 65 -61 -81 -77 40 34 74 -93 -60
36 24 -52 72 6 68 -1 61 -99 86 11 -39 -52 -19 -16 -30 -67 -16 -28 -17 -10 -64 0 -60 44 -61 86 44 80 -79 38 7 -36 46 -9 -42 28 75 -78 -83 -54 93 -77 -25 50 77 58 11 -48 38 -65 85 96 44 16 -76 -6 -16 -31 -99 -76 -15 16 35 -13 -98 -2 -73 16 37 -94 46 43 -31 -85 94 29 50 -76 -86 0 85 -23 -93 -28 -2 -27 43 -58 50 -59 31 -43 -93 68 87 -93 -16 -73 52
15 -62 -58 95 91 -67 -3 -95 29 -86 -14 -67 -46 29 39 85 -71 43 96 -25 -91 12 45 -45 -92 -13 70 53 -49 28 10 56 19 28 99 29 89 -70 47 -1 -87 -46 75 38 -45 0 -90 -77 16 67 56 -71 -4 -60 24 -78 19 -99 45 -53 -97 54 79 -85 -72 61 -21 -62 67 7 45 -48 5 30 -56 75 80 -44 -4 -90 -55 -50 77 -34 80 -34 54 78 67 -82 -62 58 50 -20 51 -51 15 -100 42 40
-3 79 -6 37 76 -63 15 69 -81 -72 80 75 60 24 -75 35 93 52 -60 86 93 -99 82 22 88 -61 -79 -63 -37 20 -69 58 26 -87 -94 63 -73 12 13 -22 76 17 -81 -98 76 72 -57 31 -11 67 29 37 -98 -39 16 84 51 -59 -76 23 -54 26 40 -23 7 -77 -53 31 66 -36 46 -8 -34 65 -22 29 -18 31 -1 -4 -45 8 -83 12 81 -63 87 33 35 -64 68 66 -47 -27 -34 -89 -95 33 -11 69
-95 98 79 68 -68 -100 -22 53 79 48 7 80 74 42 85 47 -87 -89 -47 68 -99 -24 68 -38 64 -26 77 94 98 18 99 39 77 63 44 -40 -3 -51 -86 -13 -32 56 -54 49 68 93 6 -26 64 -91 42 42 -65 -83 -14 -74 -9 -98 -87 -49 -9 -68 13 -1 -69 64 31 -20 -99 95 95 81 -64 -25 6 -100 -70 95 78 -34 -6 97 -72 8 -15 27 2 -62 48 23 61 61 -45 -74 -18 -98 31 89 89 26
29 45 49 -1 -99 -83 71 -28 93 -64 -35 70 2 -61 73 -49 -81 -58 43 34 97 68 -48 -33 -65 40 14 80 -92 -52 -41 44 54 -65 -70 86 84 59 -96 -88 88 -98 -36 0 -61 29 -81 23 -64 61 79 -78 24 25 19 61 81 23 -44 9 -14 20 14 -14 23 6 52 -94 51 28 53 62 59 -84 67 -3 50 -47 8 -60 3 46 -56 64 62 24 13 24 -15 16 -39 -89 55 73 -12 26 -18 -76 99 -98
-64 36 -44 -97 -21 -12 3 -93 69 -78 87 94 74 24 22 -39 85 45 -44 13 -6 17 69 -66 -35 -3 -83 74 -78 -87 37 -83 -39 33 -10 70 11 88 23 -75 -15 83 -18 -28 11 78 -93 -100 -19 -29 40 96 72 16 -26 25 38 -92 26 24 83 -13 59 -11 -94 98 -82 62 26 28 74 29 -11 -4 -19 13 -47 92 55 -37 18 -30 71 95 -45 -51 95 47 79 93 -70 -44 47 -60 -65 -92 -33 77 70 -78
63 89 15 -71 53 22 -36 71 68 82 56 29 5 2 75 -12 -27 -91 -27 -40 -19 85 23 -32 -48 67 -98 56 99 -53 -28 54 23 -33 -44 -100 18 -81 -73 69 90 -94 -52 -66 86 -94 -82 -43 -25 -97 33 -44 41 55 -47 3 -95 -43 -62 -14 42 -3 62 -83 -24 20 -56 14 -77 -75 -6 21 -73 79 24 -33 -14 8 -100 -37 47 87 52 -43 6 21 97 10 -17 77 -24 81 -29 -21 30 76 29 25 -80 91
24 -73 86 -13 24 34 -45 8 -12 -80 -86 82 -7 -51 -26 -97 12 55 39 -30 -77 21 -60 59 64 -40 56 -73 -6 -55 -7 -73 -49 -27 82 13 27 51 99 74 -19 65 22 -29 36 27 0 16 -16 27 -35 30 55 -18 -64 37 94 -73 -83 86 -20 42 82 59 -84 -6 -98 35 23 -28 -64 72 54 57 -57 -25 -24 20 -17 -68 -27 86 14 -6 51 -11 85 -59 -32 -100 19 -55 15 -70 72 -6 57 -79 20 -85
24 59 53 -69 26 41 -69 -77 -20 84 -20 50 80 -21 2 -79 -29 -12 31 -67 1 -71 30 5 2 -43 -7 68 -72 46 2 86 42 -90 97 -87 67 -42 -49 29 -93 22 69 -84 -55 -99 54 82 52 -17 18 -79 68 -74 94 -56 91 10 -12 77 -10 24 21 72 -96 31 5 -84 5 90 -9 14 -11 -54 -74 22 21 81 75 -15 28 -81 9 -16 14 99 56 50 -9 41 75 8 74 66 39 -87 39 -77 -89 -63
55 13 -37 36 41 -94 -16 69 10 -35 81 45 47 -100 -89 -2 49 56 61 -33 69 -71 -9 -61 -4 -9 -76 -8 86 25 13 17 44 -97 -71 -88 -98 90 49 -35 47 17 -54 -35 -33 30 -45 98 -16 95 -66 32 -14 62 0 -31 -40 -65 50 21 -77 26 -24 -48 -24 27 13 30 -45 -50 67 -12 -71 67 -61 -83 29 -45 -58 -33 3 -37 38 -15 -65 -26 -94 -89 57 69 -33 37 44 -9 -57 46 -34 5 -8 84
-99 86 -61 29 18 57 77 -2 -37 47 92 -35 48 -61 -1 66 -45 90 -57 0 -41 40 53 55 -23 18 7 53 -38 91 86 8 38 44 56 26 65 -53 -96 82 -77 45 -90 -59 -63 80 -100 -59 -41 75 -75 -82 -24 -28 -19 13 80 13 98 80 -94 -69 -50 33 -94 -17 78 86 16 57 19 1 31 84 -80 -58 13 -73 -54 -34 49 11 -10 -21 -71 -3 -8 -15 -98 19 38 22 -55 -82 -18 -42 -75 -48 68 -62
42 -100 -57 37 -47 85 43 35 42 -77 70 -38 -60 -9 35 -90 51 66 -60 -20 97 -20 -90 35 67 93 10 -41 -74 -74 -60 46 42 -85 6 -43 79 35 27 -37 -90 -29 7 88 62 93 56 -66 -76 -59 -43 -18 -88 39 -16 -98 11 61 49 -48 -23 4 -44 -12 28 -83 -44 58 93 17 -33 77 3 21 -85 52 -14 -88 18 1 -28 70 71 -28 -32 70 36 -71 43 9 79 34 -85 58 86 -84 -74 17 -91 25
-25 -86 -84 -34 -55 -68 -73 1 2 62 -72 -79 54 55 61 -82 -65 6 -11 -47 -88 -33 -19 60 88 44 -31 70 -58 78 1 -89 -37 -30 -99 91 -11 -68 90 -82 42 -34 -31 -50 85 -69 -97 48 -94 -86 20 80 -36 90 -92 39 -43 -39 -54 38 93 -60 -12 16 78 47 -2 -19 -48 -90 -51 -28 -22 32 -67 94 -53 49 58 -43 -32 -89 -28 -86 -54 32 37 98 -74 -86 82 78 94 -85 60 65 76 53 6 -11
17 -16 -21 27 -100 21 -45 -59 -99 9 0 6 57 -49 -32 -78 -63 12 23 68 66 52 37 -42 72 -76 -1 -31 12 -66 -71 9 96 27 95 60 31 50 43 -61 -91 -18 -51 83 24 59 -41 44 19 -36 91 59 65 27 -36 74 8 -45 -98 -30 -9 -63 9 21 -80 69 -23 0 7 25 -20 67 12 -77 66 84 -24 -6 -64 -59 -59 38 97 -1 -26 81 -55 25 -13 63 59 -55 -95 82 -67 -18 25 -20 81 56
13 5 -97 -89 73 1 75 -3 34 -23 20 -32 61 39 -94 92 89 -72 82 96 -94 47 -58 11 61 -99 79 -52 -97 70 48 39 24 47 -79 -25 -34 66 -37 37 -88 20 -71 -12 -1 -11 -59 -51 -13 65 -24 -34 -99 -70 75 48 -43 -10 -75 65 30 -62 -62 -84 12 -8 -3 39 73 84 14 -95 -86 -63 16 -80 -38 17 21 32 -84 31 73 -95 -67 -51 93 82 95 2 -78 -29 -87 -59 -97 -22 48 -36 33 -88
-30 6 51 -10 -1 34 -51 -3 -94 -16 -4 5 -59 68 96 -13 26 -36 44 52 31 -6 5 -90 -76 68 73 -30 57 -20 -49 -78 66 14 -33 58 -54 20 -81 -12 -15 77 98 31 40 24 -62 -58 39 31 -88 -27 15 -59 -12 60 17 4 -3 -6 26 -39 -40 54 8 25 -92 54 2 41 49 83 93 63 -14 53 83 62 95 -54 51 -50 63 -4 16 33 -52 -59 -87 -77 -5 10 0 69 -38 -53 8 -74 1 48
-6 67 -41 -34 -65 32 -47 72 -70 -95 73 98 -21 5 -7 31 -93 -20 59 92 60 36 45 17 43 68 -42 -18 -31 26 -73 -20 0 60 4 -14 69 -9 -35 -32 56 -56 45 -61 -10 -100 88 -97 25 -49 -97 1 -20 29 -67 71 -67 -18 -30 -9 44 -38 73 42 40 72 73 89 -20 87 -48 65 -95 47 -46 -66 -67 55 79 -24 -25 18 58 60 -2 -3 41 -79 13 -85 -13 -89 -53 97 27 6 -40 -14 95 48
67 7 -55 35 -73 -50 -76 47 -51 -68 51 65 34 -13 -49 -3 73 59 -79 2 94 83 16 88 -41 -7 -23 14 59 -38 77 -50 -1 84 28 -60 -89 4 8 -75 56 47 -4 -98 87 1 12 -72 -10 6 51 -29 29 -16 -33 -33 88 -49 39 82 -71 62 13 67 28 -6 52 83 -49 -78 1 -50 -99 94 81 -44 91 -12 -48 -90 -18 1 -33 70 50 -41 -84 -1 9 83 87 -97 -88 67 -44 -35 24 -74 -43 12
-37 51 31 -94 -86 -67 -82 -58 40 39 70 32 -72 43 84 37 -1 22 28 -52 7 -25 -89 96 50 -26 -2 -34 68 -48 -17 -69 86 81 25 -15 30 -61 72 -13 -45 -95 -91 -2 -44 -98 -41 -57 81 18 -74 84 -88 -10 36 -70 18 1 -65 25 -80 -50 88 36 -74 -5 93 -32 26 23 91 81 69 46 84 64 -37 -10 -83 28 20 31 10 78 42 -4 -91 35 68 -58 12 19 -99 -26 -5 35 -65 -58 16 -38
87 42 27 6 17 50 -95 73 22 4 -85 -46 -15 15 58 46 -14 -52 42 55 -46 70 40 54 24 26 -72 -3 -28 0 98 -93 93 -31 24 31 50 -79 -2 91 31 57 -38 5 40 52 18 -3 38 -16 74 87 98 -48 -84 -84 -52 79 34 38 11 36 83 -79 34 71 77 43 54 -47 37 0 -85 69 8 -82 -6 -59 -52 -100 19 47 35 51 -15 2 -69 -11 66 -3 71 90 91 -31 -65 79 -54 19 27 -49
-30 88 -12 -59 -50 52 -78 27 18 -49 48 -87 53 -74 -90 40 74 -88 -11 -80 57 79 -75 -73 -56 -33 -80 -74 1 94 66 3 -97 66 -92 19 28 83 17 -98 -67 40 -73 -35 -5 -95 73 -75 -22 -21 -41 30 -64 -58 -8 -13 64 79 29 -21 24 -73 -68 75 15 44 48 -26 -98 13 76 -8 51 41 77 -42 31 16 79 -45 -39 41 -4 -41 -32 37 49 -18 83 57 -90 67 99 39 25 58 98 -87 59 88
-31 23 -41 -33 -40 39 -27 10 -89 79 -31 -1 87 89 -10 -92 68 56 -99 -33 -100 -46 1 -33 10 -40 -94 -36 -33 78 85 67 63 70 -27 83 -100 -59 -68 58 31 24 -88 -36 91 -88 8 -81 80 -32 -77 55 38 81 -44 -2 63 0 70 -20 65 97 42 38 46 39 -6 42 -36 -77 72 -54 83 -40 -13 -47 5 -6 72 68 49 -45 -57 5 -47 -92 41 11 28 -69 -40 49 88 87 -90 -20 65 -45 -68 29
-71 -8 -85 88 -99 18 -47 -26 29 57 -72 38 56 -33 36 67 -61 -39 50 -87 -55 49 -98 -50 62 99 -89 -62 -18 -89 54 61 4 91 18 87 96 74 -78 -91 -40 44 -52 -65 15 -8 22 27 -27 -13 86 -25 -75 -32 -80 60 30 -1 36 22 -55 71 15 42 -54 35 22 -64 -44 11 12 8 -3 -99 -74 -29 23 -63 -2 97 -95 -5 3 1 65 62 97 -19 46 20 9 50 87 -77 -81 70 -37 65 20 -94
37 -51 -98 93 55 61 -77 46 -48 11 23 -66 -11 42 9 -66 74 17 -56 10 -25 -39 87 96 -95 -60 -58 59 -6 -27 95 -80 -33 43 -6 51 -6 16 -90 -75 -33 -85 55 49 -56 88 -55 -69 91 7 2 -41 -27 55 -49 30 10 59 -95 -71 -5 -5 97 -74 7 19 13 -26 45 83 97 -37 98 -58 55 66 -9 -39 45 34 -80 -28 -60 23 -13 67 -30 -12 -89 -20 26 19 64 97 74 -81 -78 -84 -50 -55
63 -57 1 -87 -32 -76 9 24 -43 41 16 5 -44 -13 11 -36 -86 25 9 24 44 -37 -87 -24 24 8 -4 47 -34 13 -52 10 1 35 -99 -44 -95 14 96 -80 -38 -100 -4 -1 8 -54 -66 46 -75 -69 -29 10 49 -33 22 98 -20 -16 -10 -24 -48 -29 -46 23 -95 -75 -82 -94 81 88 -2 -80 -85 -59 82 -9 -99 0 -14 -36 -12 93 89 -80 87 5 -8 -8 82 86 6 -47 96 -62 -71 6 96 -92 88 -77
-21 -92 -3 35 41 82 -3 32 23 -4 66 20 12 -17 44 -42 -93 -22 -80 43 74 -51 22 22 -54 55 -14 -89 -16 -53 -78 22 97 -88 46 -58 -14 -16 -16 56 -1 12 77 75 -56 -49 -8 -46 76 23 74 39 -1 -95 -6 -82 -23 -15 62 -20 -53 43 84 -5 77 82 -11 -8 8 19 89 8 60 -56 -92 43 -68 45 -98 62 90 48 -23 -46 -30 -52 69 70 -30 88 -22 -90 16 20 -71 31 -23 -10 3 -80
-47 9 -81 45 51 33 -19 9 -63 46 23 -75 55 -52 -91 -68 65 79 66 -20 42 -72 50 82 5 11 -56 74 -3 54 67 40 22 43 33 -21 -27 -10 -82 91 -91 32 -81 88 71 39 -94 86 18 98 -62 60 -53 -26 20 25 -37 -95 -29 -36 29 -37 -56 27 29 14 -11 -44 63 9 -47 -41 39 15 63 -81 -7 11 47 -22 20 59 -51 2 -59 69 -53 -10 89 -74 -55 -52 -53 -20 21 82 69 -40 63 -49
