-79 -12 64 45 -70 -69 -67 72 71 -27 -44 -18 -51 -4 -86 -83 -89 8 -8 90 -72 -88 3 -43 -34 -78 57 6 -6 -44 -14 -63 14 -30 -72 -73 32 -86 -6 -89 -34 82 34 67 -40 -42 0 -68 18 -8 -82 82 68 -32 -55 38 -13 -60 95 -8 -8 79 -65 61 -83 -92 -1 -54 66 -58 -81 -43 34 62 -36 23 76 35 -87 28 46 -49 74 -29 5 -39 42 41 50 -57 -11 51 -78 -68 80 92 83 -92 92 11
-31 -50 -22 -99 23 -9 -84 19 9 16 -36 35 -97 -37 76 -90 7 -90 -36 47 -14 -4 -27 81 12 50 96 -26 52 91 -98 60 92 -99 -100 -34 85 -40 93 -46 32 17 -12 -97 74 -38 93 97 39 22 -81 89 86 -36 -83 -20 68 -40 33 -61 -13 -75 -58 -97 -35 53 14 -42 -49 56 19 26 18 80 36 -43 -37 35 -16 -43 65 17 3 -32 -56 -64 92 12 52 99 40 -8 11 -30 -14 -78 -12 -8 -97 -9
-19 -39 1 -54 -33 91 -90 -85 93 -96 -7 84 57 -69 -26 -64 -97 41 1 -15 63 -45 40 -65 63 12 -58 -25 -44 42 52 -85 -69 59 8 -52 14 -14 -16 -81 -64 -18 -24 -86 -76 84 -52 49 97 73 -92 33 52 38 -40 28 61 83 40 46 -69 -67 -12 -95 -54 -27 94 32 99 54 -49 -19 35 89 15 -95 68 76 26 -94 -47 -97 -16 97 -30 -50 -92 61 90 6 95 11 -93 -33 -54 -73 69 71 -90 20
-3 49 5 42 70 45 10 -84 -7 87 -67 -62 -93 -62 58 16 76 -71 23 13 5 -90 -80 -53 -50 14 42 65 -56 -14 -43 23 -8 33 9 96 -93 -74 61 89 -17 53 8 40 16 -71 64 -38 86 -53 53 62 5 -44 32 22 -34 -36 -35 46 -67 0 49 32 -51 90 -71 -32 -99 34 52 75 55 -29 90 -33 -23 4 -11 46 84 -72 46 89 47 -92 49 -36 -9 77 97 9 -58 77 -57 53 79 17 -47 -97
-9 -36 -24 -40 -27 6 11 80 -11 70 50 -89 2 50 -87 67 23 -75 5 -79 -3 49 2 -49 -27 25 -81 33 -53 18 -36 73 -6 65 -84 -39 -3 -99 -40 49 -77 66 -78 -48 -61 71 60 -51 95 83 52 39 84 28 -20 9 48 -76 -79 80 -54 -80 -29 55 4 45 49 8 -3 -52 34 -58 5 99 47 5 29 94 -13 -49 54 -22 -4 -88 88 82 78 -93 32 60 -31 44 -63 -61 10 86 -24 38 -78 66
-63 -95 37 84 26 20 59 -78 -55 -27 -62 17 88 -31 19 4 -34 46 -52 26 -95 -10 -69 50 -36 -78 -64 -29 -7 -16 -26 5 39 -14 -98 -1 -62 23 21 -50 -91 86 48 31 20 -33 -34 47 -88 57 15 -67 30 -79 17 14 72 -89 44 25 -93 -9 9 6 42 -35 84 99 87 32 -21 91 49 88 -16 -4 -19 76 30 17 25 -31 -16 -97 -70 53 -41 -36 62 -34 -56 -92 -15 -6 64 -95 7 -54 6 46
18 20 71 19 -93 8 32 -87 -83 -34 5 -22 -80 -87 97 -43 -46 88 29 71 -2 61 6 -76 93 47 -46 63 7 -53 -52 78 -14 66 -78 -64 19 -61 41 17 53 -30 -74 13 34 -23 -98 -10 -58 29 -76 -57 31 11 -66 54 33 -72 99 25 31 39 95 -90 95 5 31 -80 -64 23 -12 -92 -9 -62 7 -89 -19 -77 27 31 79 -44 -80 -96 -93 26 -44 86 -100 -96 70 66 -25 -83 51 -56 -12 59 -11 52
44 -41 -63 -87 -37 -64 -69 -73 -33 -30 -45 -20 -58 54 95 44 -95 -88 -83 92 37 -99 -33 -97 -30 11 13 -68 -69 -49 -8 -52 -2 87 38 57 42 -24 -42 -65 95 1 37 -48 -17 20 -68 -60 42 -82 20 76 36 35 -100 -76 -6 -89 52 78 27 77 34 -37 -78 -36 -47 -95 -46 8 -12 -34 57 -58 -37 -37 34 94 41 77 -5 -80 -10 55 57 -5 6 -74 -9 15 -51 18 33 -95 -33 -59 -3 76 16 37
55 -60 10 43 -85 -22 48 66 93 -53 -5 -22 -93 -17 -78 -37 64 -28 4 85 -91 99 95 92 86 80 -42 15 -5 23 -15 -25 51 86 -43 -28 -8 97 -64 92 84 -48 -12 -41 52 -29 76 25 1 82 -16 -66 -24 -65 -40 -98 -63 0 29 41 59 -20 77 -50 -71 -1 9 -3 -10 46 -58 44 40 66 78 -76 98 -17 15 -1 71 -84 -86 -61 62 -44 2 -99 29 -54 -93 -84 74 38 -52 6 8 51 -73 93
58 -30 34 69 -89 35 -42 -59 55 -52 28 62 7 -30 10 -56 -92 -34 62 -11 92 -75 61 75 -2 65 -66 -20 57 -31 -31 75 85 -72 29 -94 -86 12 -83 73 7 25 -5 -42 -73 -46 -85 -70 41 12 3 -38 93 36 -23 -66 -79 -56 44 5 30 -80 9 -40 10 -79 -71 -62 37 -36 49 -10 -75 -88 83 -96 35 -90 98 -17 51 67 25 27 -40 -76 -59 39 48 -66 19 47 10 -62 -90 89 84 -47 4 24
30 3 55 60 -97 -16 -41 40 12 28 -39 6 -95 95 13 -58 -93 31 40 -53 33 -86 -65 -62 92 85 44 21 51 -31 8 20 -40 89 64 -86 8 71 83 -90 19 -65 22 52 43 -53 89 63 -97 -1 50 77 -1 50 -88 38 7 90 36 -9 -11 80 34 78 -17 -76 19 -78 -76 -21 -52 99 -61 96 -87 66 73 26 43 68 -95 9 11 5 45 43 26 12 -2 -68 41 11 -72 44 -99 70 45 -32 87 48
72 -4 45 63 75 40 -48 -71 -50 -42 84 97 68 -65 -70 75 -67 -83 84 -52 66 0 -36 80 -1 88 65 82 -53 -32 -44 -47 12 47 29 60 -55 37 93 -2 53 -92 -6 2 -85 73 -17 -80 -33 -6 19 -75 -26 -58 97 89 91 12 70 -33 -26 97 93 -3 82 -27 -11 20 76 8 -6 -7 -92 72 -24 -34 -17 93 73 -32 66 9 18 -17 92 -4 -90 -71 93 67 60 -30 -6 18 17 96 -89 3 58 -82
-13 -40 14 -60 83 -16 58 68 35 35 40 49 -4 -21 75 87 -72 -70 18 23 -48 40 11 25 16 -17 -28 9 -22 50 34 37 34 6 -46 45 -89 22 39 64 16 21 -94 -46 80 18 9 68 39 -51 84 -29 -11 88 -91 -3 32 23 59 14 -12 66 -96 65 -39 4 -88 59 18 2 9 51 -14 -52 32 -80 62 54 57 -23 31 0 85 -79 -82 51 4 75 52 -92 -52 -86 -62 -95 33 23 -32 62 50 17
93 -72 47 38 28 1 -73 -9 -25 58 -41 98 -1 41 64 -58 9 -54 38 -15 -59 91 -33 69 71 72 -81 84 -16 -46 -4 -42 6 2 22 -62 56 -1 68 74 13 -45 -93 -39 16 -79 11 -4 -59 -52 -9 -62 90 64 -39 73 -49 45 83 -64 94 -93 47 36 72 -25 57 71 88 33 -48 -62 97 -80 -34 -76 78 15 50 -19 5 83 -76 40 29 84 -7 52 -16 -77 -71 -100 99 -8 -81 -61 18 -12 -91 83
59 73 -52 -56 -85 -96 3 62 -75 -28 85 50 54 -92 -17 -16 -52 17 1 -28 39 4 -100 69 62 12 95 81 15 67 14 -15 -71 -62 -1 89 -51 53 72 -77 -4 -33 73 45 62 12 -90 68 84 63 25 72 -82 52 -74 -7 -9 -33 -40 -64 83 68 -82 -95 -70 90 -6 -76 89 -49 40 42 -14 -79 53 -48 37 94 69 -97 52 20 -38 -17 45 -81 -63 53 30 -20 41 78 41 26 -74 65 -4 -71 34 -74
-33 -99 -21 49 80 54 -40 -30 78 65 -31 -25 -73 91 12 -61 -85 -64 74 -43 54 89 -53 70 -97 -31 -39 85 -61 73 -27 -21 90 -24 -62 84 58 85 -31 -56 8 21 -80 34 -30 -27 81 -100 -89 6 92 -57 56 58 -92 -4 8 -10 78 -1 33 -26 3 28 10 65 65 -80 8 29 -85 -42 -86 -34 -78 -88 -62 78 -82 -9 20 -83 85 55 -98 -83 73 39 48 1 18 87 -60 16 -12 -65 19 14 -55 -42
-87 80 6 -1 -40 -45 -44 -61 77 -5 26 35 -11 -94 6 -96 88 98 -91 -10 78 68 -60 -100 38 -57 48 53 -35 -68 -76 98 -100 45 -83 -84 -80 -38 -3 -26 -22 58 58 -15 -88 95 29 78 56 -87 -84 81 10 40 -22 56 -56 65 -50 -64 -47 25 -46 80 64 -12 20 69 -63 -76 -87 -6 46 71 31 25 -76 -91 -34 -33 53 -42 2 -76 82 -92 -97 -34 -22 -41 24 -31 33 -88 -100 -100 -55 -16 -35 40
91 8 63 -85 -81 -4 36 -97 87 73 34 -37 50 -47 77 70 73 20 36 33 81 -85 -99 -66 69 77 32 -55 44 44 -69 -77 45 -65 78 -20 -25 32 93 -58 81 -96 75 82 23 -11 -55 56 -50 71 88 15 95 -76 63 15 -77 -13 88 72 97 26 96 81 16 -90 -25 22 77 -87 -36 44 -42 -19 28 78 77 -33 -82 -44 -85 30 29 85 -85 -27 -82 -44 -34 80 -87 -100 -16 -1 -63 80 -11 28 16 9
47 -61 92 -31 -17 -47 85 94 -9 56 -20 95 61 84 -79 97 -31 -75 9 99 -97 -12 -79 -44 82 42 61 30 97 69 67 5 5 -1 99 85 15 -36 -74 -49 -48 37 -75 45 42 -1 14 -6 -99 -5 -79 -42 -46 -83 -18 -72 11 -53 -48 12 -32 -81 -76 3 64 -61 -38 -58 -47 61 -47 66 19 -66 52 -86 -21 -64 -41 31 54 78 -36 -40 -47 -26 15 -72 -6 84 -96 28 72 98 -88 -19 40 94 -85 -85
-86 -16 -61 -78 -71 -49 -4 -54 16 76 46 -53 -80 37 -74 96 44 -21 -26 -40 96 54 56 80 -23 22 82 35 -25 62 -96 12 73 -68 -43 10 -87 -60 -31 86 -34 86 -58 68 -25 85 -4 66 -96 -64 72 28 74 65 30 10 65 -56 -19 -7 10 -20 -19 -88 -18 63 -7 -82 92 55 67 -66 98 -74 31 -7 24 49 -38 11 51 -83 -72 40 -86 38 -19 41 -76 6 66 46 39 -13 21 80 57 -16 15 55
11 -90 -15 18 86 72 -27 47 -43 11 1 14 -30 -57 7 91 -7 95 -99 50 -23 94 -38 54 -22 29 -72 76 -38 31 17 56 0 -31 -75 61 -54 -72 -53 66 -73 -61 97 -52 32 -82 -60 53 -76 -45 0 57 -39 93 35 -99 0 8 71 -26 14 44 5 23 -44 83 83 69 -35 66 30 38 -17 57 48 18 5 23 -84 75 -41 1 37 -3 -91 -51 25 31 19 -16 -76 -36 -69 -18 -71 -34 35 -98 30 50
-44 -62 93 52 53 -1 -93 -91 -67 -31 -74 -38 16 16 -79 -51 -36 -38 23 -7 13 83 -54 -60 31 38 -10 -18 -52 -68 -42 -69 47 56 17 -56 77 52 95 -41 -52 23 63 53 -26 -40 17 47 40 87 49 -47 44 90 -94 94 9 -71 90 -63 1 -23 37 8 26 -25 30 -63 -93 -3 -3 -80 -74 -61 21 -80 78 -4 -87 65 -71 -6 14 69 -40 -68 -20 17 38 -15 83 -58 26 24 68 -42 61 -57 -31 -95
64 -59 3 -57 -46 92 8 -8 -88 50 40 5 92 -96 0 78 -46 88 -28 -17 -92 73 7 -100 -51 -16 28 39 3 42 -27 33 70 -33 13 15 -58 -93 -36 -79 99 -11 31 49 20 27 -91 95 -30 -50 20 92 -80 -33 -6 8 5 96 69 -51 -14 -95 54 23 98 -54 -31 3 -58 87 10 -1 71 -42 50 -64 -26 24 -94 84 72 -95 55 61 88 -90 -23 -59 53 29 57 -37 72 -96 -52 14 60 -20 -48 6
-46 19 -30 -83 -1 -32 32 30 2 51 -28 -13 69 38 73 68 -61 -58 -1 -35 86 7 25 -2 -89 -65 -32 -79 7 29 -75 75 -77 61 49 -24 -24 47 -75 25 -38 18 -21 29 44 -15 34 23 68 56 59 1 95 -30 -23 65 5 -4 64 36 21 83 -97 85 -41 53 -75 40 44 -32 -71 89 72 -58 -41 53 4 -24 0 15 -73 74 49 57 -51 -46 30 28 -1 90 -8 -89 51 -84 -36 -24 -56 -78 57 -42
-35 45 22 82 -77 -90 36 82 21 -78 25 -98 65 -48 2 -39 -7 -14 32 -99 49 52 67 30 85 -59 -92 20 -74 53 -44 68 58 -93 92 -9 -90 -20 -38 29 -47 41 -73 79 63 54 -32 -59 -86 52 -95 81 55 37 -73 -89 25 -14 -74 20 9 96 13 79 89 -45 -38 20 -23 -19 49 -76 -21 67 -27 44 -13 89 -31 88 -19 -48 44 -2 -7 29 -3 -93 15 23 -100 97 17 45 -90 -69 -92 -99 50 -12
-15 -88 96 -30 22 -9 -91 -16 -44 -95 -32 6 78 4 35 78 85 -6 4 94 -60 -11 39 84 97 7 -43 17 -66 -66 -73 59 20 18 -62 85 71 72 -34 58 23 -44 -8 -17 45 -45 28 13 -18 -34 51 -25 64 34 46 56 29 71 39 50 -29 17 30 77 -52 62 3 -36 90 -16 -96 16 88 22 -80 24 75 97 -77 -63 -70 31 68 -43 3 15 -22 16 -56 28 55 16 -76 -10 77 -55 74 -20 86 -27
-86 -67 26 -99 81 -15 -51 -96 -44 60 -94 -44 -75 4 -17 58 -49 19 -86 -77 -69 -59 49 27 88 82 94 46 55 37 -58 32 -95 3 -75 23 -79 86 29 13 -85 -31 36 -46 -98 -28 10 -41 61 -20 -68 62 -81 83 14 65 -51 -78 28 80 48 -97 -55 35 31 90 60 13 97 47 34 50 93 -49 9 4 -31 -12 -8 -73 59 23 43 -26 82 -49 96 85 58 -91 18 73 -89 -15 -5 -63 81 -8 37 24
13 14 55 -90 63 -53 -40 -29 -45 99 -87 -29 -58 59 81 98 59 -34 43 57 55 69 -89 32 -54 -37 -35 -64 93 -89 55 36 -24 3 20 -3 -98 35 8 26 9 -49 26 8 -56 65 73 -16 4 56 -21 -23 57 -17 48 47 -43 -2 -25 -13 -68 -57 -75 -91 -61 37 10 21 -10 -77 30 11 -73 -36 75 16 66 -46 51 12 3 71 -47 34 87 5 69 27 -35 1 54 54 -83 -17 -4 -74 -3 -42 -79 -99
-97 96 39 18 -36 -68 64 -68 -66 6 94 -70 65 -52 -99 -25 56 -51 80 -26 -28 66 50 -13 40 62 95 -100 44 98 34 77 -25 11 -90 38 94 -41 -99 -18 -8 6 78 86 54 -39 31 -53 -23 41 1 -89 -35 -38 89 -22 40 62 21 -95 -39 82 67 76 69 75 -64 75 96 24 18 -41 -94 34 -27 64 73 94 -75 -43 -17 -6 -64 50 80 89 70 -28 -36 48 14 76 -95 12 8 85 -92 28 22 48
-72 -7 45 98 -90 -62 -43 87 84 -60 20 0 -27 -49 -72 -48 21 -68 8 11 -55 -30 -82 76 67 7 -94 47 43 -27 -60 3 14 61 17 26 -68 39 17 -65 58 -36 -10 63 42 96 -27 53 8 -60 -75 -75 92 89 45 -33 -3 21 -22 -78 -45 -98 -14 15 47 -28 90 15 -36 -34 -37 23 98 -35 -67 -80 15 -45 -100 -23 -2 88 -23 -66 -44 -22 -79 -1 -43 28 71 -39 -9 -47 96 80 -24 93 -89 -13
-53 -56 64 39 62 -66 -47 -69 84 -75 92 6 -99 -13 -55 54 23 55 94 -74 92 -85 99 52 -87 -71 69 17 -51 -30 -68 94 96 96 50 -11 -25 51 39 59 25 52 94 3 87 97 6 10 17 65 -87 57 -51 -47 -83 -29 76 69 39 -31 2 54 -97 47 71 76 1 46 9 75 -99 47 58 42 -82 -44 -92 -9 -8 31 51 -42 37 -69 0 -6 -51 -90 -58 -55 56 -8 -68 4 85 -87 -67 -24 28 92
53 22 -82 -9 21 83 81 99 -51 -23 80 -93 -4 -19 -83 -15 37 81 -33 -47 -14 -21 -30 74 -88 17 -83 14 70 29 49 -15 -69 -3 57 43 80 90 -74 25 34 85 91 35 64 97 -69 -20 -71 -5 36 23 50 -50 7 96 -76 -96 10 -16 63 -19 96 -80 -92 -28 -38 59 -48 16 -90 65 -41 21 87 71 97 6 30 -25 -6 59 -37 59 -24 -85 -2 14 -81 -10 60 78 48 80 -41 72 -27 6 -91 73
-63 99 79 -80 -88 -47 -41 -47 -3 8 23 -65 -6 -63 64 -99 -95 2 17 -28 65 -84 54 -28 -81 -77 -49 78 -28 -12 -59 -89 -88 36 49 77 -11 -42 -33 -89 -32 18 54 55 -24 0 71 25 36 54 98 -63 90 -80 92 -30 -6 -31 52 74 93 -15 -57 -55 -8 0 42 -25 -85 10 50 30 -97 0 24 -88 10 -82 94 -76 -60 -91 -29 -78 70 -29 41 -41 -23 32 -49 -9 -74 -34 70 -82 62 93 45 50
53 -42 85 -61 -24 82 -1 -59 -47 31 87 1 -39 -43 8 50 71 58 -77 -27 97 -10 59 75 -35 69 -43 -7 -13 -36 -80 -56 -38 -82 40 -60 -1 -96 -8 -38 42 -28 -46 -85 -82 -53 86 -70 16 -68 35 -58 -20 40 -8 11 63 -4 -33 42 -22 -70 73 7 -31 -64 -57 -31 -77 51 30 -38 7 -26 65 66 10 -55 -4 -3 -46 -11 -37 -76 80 -77 -50 7 -17 54 -29 94 -11 95 36 -1 92 68 -37 -100
37 57 77 50 12 -61 81 29 -77 73 82 -8 39 22 90 20 50 -73 -90 -99 77 47 -16 -1 84 -86 13 67 58 41 -19 21 -27 -89 -45 -32 7 -57 -21 -58 69 -68 89 39 -56 3 76 96 32 -9 15 10 8 -80 -80 -61 -5 77 56 62 -96 21 4 -79 30 -33 -74 -40 16 30 65 -96 16 -100 27 -71 95 98 35 -55 15 38 38 -71 -17 64 -93 97 69 -78 -44 0 1 36 0 -4 -62 44 -62 55
91 -15 -34 -13 1 39 -41 -80 -56 -63 17 -94 94 48 27 -45 -34 -82 95 57 4 81 -91 70 -63 44 13 40 -96 52 -16 -79 10 7 47 -80 -42 -46 42 30 71 7 -22 64 60 -90 74 -21 19 -24 56 80 -52 -86 85 -46 19 52 6 81 -87 18 13 -31 -21 96 -91 -34 -73 -2 12 -5 19 -20 45 53 -26 -78 93 -63 93 45 -96 55 -78 -61 -52 86 -6 -17 -55 73 -35 -85 -8 -38 46 0 20 -54
-42 -41 -72 61 53 1 -79 -91 -20 -56 -12 -83 -54 -56 -40 -31 77 -13 -34 83 7 25 16 -40 62 74 -44 -12 43 90 19 10 -26 -10 5 86 59 -55 -68 -9 68 41 -70 -91 -79 -38 65 42 28 -91 53 -81 -86 95 12 92 -42 -3 -86 6 8 -61 4 -64 13 6 -13 35 84 96 -54 49 46 -62 -52 -56 18 -40 12 76 -38 13 21 84 44 78 -27 4 -80 -94 -28 -70 -61 64 7 -79 -72 47 72 8
-18 89 -29 16 -90 59 33 -95 46 -85 2 -42 -30 -36 77 -24 -70 48 -14 -54 -85 -97 84 23 28 83 26 53 42 66 -80 79 45 95 -51 -66 12 80 -12 -61 -57 -3 44 47 24 -77 -37 13 0 -64 69 -75 -100 8 95 -2 -97 46 -30 -30 -91 38 -88 -58 23 -72 -96 -87 50 30 -22 8 3 -96 -87 -65 38 -7 -45 -18 -38 -100 -82 25 -24 -82 2 61 -11 32 94 55 -69 -38 8 98 51 29 -11 -91
75 -62 84 -89 64 -64 -91 -18 8 1 -2 -79 4 -53 -86 -69 -24 -59 70 38 40 -53 72 15 70 -100 48 69 36 56 20 -87 44 58 -10 87 -36 -44 -36 78 79 -67 -99 2 -28 -76 97 -46 -63 96 -25 9 40 -88 -47 -8 -92 -21 78 -1 -8 43 -11 79 77 65 12 37 -52 -75 -10 -87 80 25 96 50 -79 43 -88 -35 -6 -82 76 2 60 62 48 42 -33 -96 72 63 84 14 70 -43 -23 1 -55 30
70 5 -85 96 44 -49 9 -66 -81 41 -13 -47 50 15 46 -65 -48 -12 -2 -3 -14 -87 -28 -8 53 -46 40 74 94 -17 -72 -22 89 -44 -88 68 -51 -81 6 -70 -1 37 -89 12 -95 -72 92 -7 -21 26 34 -53 43 21 -23 5 18 2 -41 13 -38 -63 23 56 -83 -79 -32 -2 -95 30 -88 -78 -76 -3 -54 78 -63 -60 -60 50 10 48 -60 -49 -26 58 98 93 98 -64 71 11 -5 -53 76 -89 -53 -92 -72 21
88 -70 -14 -8 -2 28 90 34 -18 4 58 -26 9 37 -74 92 40 32 88 21 56 15 -98 51 90 -23 -83 -46 -2 94 -33 32 -12 98 -74 -30 -59 93 -48 -72 -36 35 36 -69 -85 40 48 16 -23 16 -61 33 25 75 -90 86 27 -81 65 -29 -22 28 -97 73 70 -68 -18 2 38 -24 44 -1 -64 -61 -62 -19 -14 -44 46 -38 -66 36 28 -90 -90 -42 39 53 5 -1 96 11 14 35 44 19 -73 -65 89 13
91 -14 -45 -99 74 -28 19 80 63 -33 -26 81 25 42 -100 18 -87 27 58 -87 -26 34 41 -85 82 51 34 -42 34 -69 56 -96 21 -13 17 4 -88 94 -86 32 49 21 76 33 19 96 -49 -9 12 -11 -33 -63 68 40 -47 -5 14 24 -52 -56 -62 31 64 -64 63 80 -80 -61 35 -51 -42 12 55 59 -65 11 69 -50 -79 -86 -70 97 63 -92 7 -95 50 -46 -62 96 75 -4 -64 90 56 62 47 26 60 45
-93 -94 -12 97 -97 -69 2 4 -28 19 -21 -26 24 -81 73 -28 -18 42 -90 64 -78 -80 77 -21 -10 -50 5 -82 90 18 -82 -61 27 -67 -83 2 -100 -97 -40 -14 15 1 -14 -62 -34 70 84 -79 -81 -68 47 -33 -54 25 74 41 -70 -61 -16 40 -75 29 -41 88 -84 71 -85 -92 -75 -5 -74 76 17 23 -13 42 37 3 89 98 99 -15 -50 72 -33 51 -77 -41 75 -5 79 56 46 -61 67 21 67 -8 -83 -5
-97 98 37 15 -98 34 34 -54 82 37 -51 -27 -10 8 -48 -76 73 -28 -13 72 21 -83 -12 -100 -71 -22 15 -72 64 49 45 -11 8 -69 40 43 19 -25 75 85 -19 2 11 15 22 70 51 81 -53 -77 -79 83 -36 7 -78 91 87 -13 -1 -26 -26 63 -67 37 61 97 -13 -62 -51 33 -58 -82 -89 -73 -62 -98 -92 -92 -78 36 57 -46 15 65 45 -53 0 -72 78 -51 -71 61 69 -9 -50 92 64 -85 38 -66
-83 65 13 65 46 -100 -67 4 -54 -72 99 -86 -21 89 -100 17 -47 63 43 -23 86 -7 24 -51 -69 -13 42 -78 53 17 26 71 -84 21 44 40 47 -92 51 -43 29 43 94 22 -69 3 -17 41 28 -33 -24 57 -25 -38 -62 65 27 -73 83 17 93 0 16 -32 55 86 -47 -85 35 -43 -3 -20 -100 39 -70 50 -3 3 -29 -93 97 -33 -11 31 -76 4 -60 35 19 37 43 11 18 51 -59 -1 -48 -16 -72 -85
-27 73 50 5 -45 -74 -23 -24 74 17 17 54 87 -99 -41 -90 -73 5 -58 -58 -1 34 -77 77 36 -80 62 -2 38 -81 -47 -14 -30 15 -22 -60 -74 22 99 36 21 97 10 51 -37 -92 -33 53 -1 -46 -39 6 34 -94 12 -77 69 -97 23 17 -71 29 -55 48 -6 19 7 -14 5 40 -76 45 40 33 -1 -52 -39 96 -40 64 -7 22 -36 -73 -31 -78 -62 -88 -95 -53 29 -74 42 85 -6 -4 88 58 -9 -91
-77 -90 58 0 36 75 -97 -36 -57 -95 -14 -47 19 -1 -42 -80 17 -44 57 79 98 55 -15 90 1 -94 -24 41 1 69 -45 -31 28 -29 -4 -35 66 17 6 -98 -82 51 1 13 97 9 84 -5 -98 1 -77 -30 12 -9 7 94 -73 32 86 38 -26 26 -79 51 -21 33 -87 -13 -19 -27 -60 95 -9 -75 15 -39 16 29 -51 -3 48 97 -66 34 -17 28 -13 -32 99 39 -15 8 -86 -2 77 -71 96 -73 -64 76
92 -65 55 20 23 -28 61 66 20 17 1 -1 75 78 -75 24 45 -66 6 -4 1 -91 17 -49 76 -30 30 25 16 1 22 -90 94 -91 -77 23 33 82 -79 -29 21 75 -6 -82 -97 35 10 69 92 -31 -46 -28 33 -54 -63 -67 12 99 -9 11 -16 15 2 51 97 -30 -50 66 91 25 46 91 -23 -33 78 -26 37 95 8 -62 47 -40 38 -97 -44 -57 31 -69 -73 -22 -51 -2 -71 -33 -80 -97 34 9 -100 -99
-43 -33 20 56 10 -47 97 90 -75 94 -43 -80 23 10 17 -53 -49 -71 79 -25 18 -94 -31 75 -96 17 -89 9 -18 -45 1 -14 61 -44 48 -92 -78 -38 28 -34 92 -33 94 54 -24 50 -54 -20 79 -48 75 -29 92 44 10 -6 -48 3 -75 75 -78 -57 -27 31 -82 -36 -48 74 92 -5 -95 -3 -96 60 36 -36 96 18 64 -77 -43 43 28 66 14 -43 41 -91 28 28 21 -59 52 82 12 -83 70 66 7 -37
-12 -12 -25 -68 25 -56 68 -42 -23 36 -43 50 -91 97 -64 75 7 -62 -74 -87 44 39 98 -33 -45 -84 -80 -39 -41 -97 71 -25 -95 -54 1 42 -34 8 -85 -2 -77 -11 -69 -78 82 -32 -38 -41 59 -69 73 94 -93 58 -90 -78 72 49 -44 80 -93 19 24 -19 -84 25 90 51 29 -100 -76 37 -89 47 -32 -99 24 94 60 92 64 85 51 12 -42 -79 -18 -74 -72 -1 86 87 2 75 -45 -72 35 39 69 -31
-13 -46 29 46 -88 -37 57 53 -17 39 1 24 34 98 81 -46 -72 -48 0 26 24 91 -33 -42 12 -86 -78 42 -13 59 -67 58 -81 1 77 -18 11 22 5 14 93 18 -34 -41 -37 -94 96 19 7 -46 -77 0 -72 68 -10 21 30 -76 -68 -1 -86 -31 -19 -9 81 -97 49 -21 98 66 -85 -54 -17 -65 -100 53 -52 51 27 61 52 -73 77 95 -19 77 -87 -31 -32 41 -72 -1 -28 5 20 -39 -43 -40 89 22
-91 -32 -5 16 -36 75 59 -10 -33 -69 -53 -34 19 -84 -8 -85 -95 91 -66 -25 -63 20 63 -33 -50 -95 84 23 6 -51 30 -40 31 -66 -8 68 -7 5 -97 -77 -68 23 50 79 -85 -66 75 -11 -100 79 -3 10 -45 -81 89 -75 87 35 -86 -82 11 -81 67 -59 -92 -68 -85 -96 75 -4 -78 56 -25 43 -97 30 70 24 8 31 52 94 70 -38 -82 59 -12 22 91 -52 21 -38 -50 52 -59 70 -47 33 -81 -12
-48 -55 9 -49 -65 96 -83 40 37 -51 -50 -21 91 -45 88 36 -75 -70 -58 92 75 -38 -82 5 -8 -96 -36 35 31 -93 44 96 -69 80 74 -99 -31 55 -41 -59 73 11 55 63 -45 6 -50 50 23 -39 -36 -85 -25 29 4 26 26 -28 -68 -29 -41 4 64 55 78 -15 -35 -69 -3 92 -62 -16 -35 -23 30 -18 -81 -3 -8 74 -74 44 89 -67 87 -47 -85 -4 -59 41 -93 -21 66 -37 35 -26 -34 94 21 -87
-90 -9 -3 10 72 -64 -42 75 -29 -28 16 -68 15 93 -13 -65 98 16 -45 -27 -76 -30 -84 38 -31 67 65 -25 -83 78 -86 1 8 -94 79 -77 74 51 -53 80 47 -40 -39 36 69 27 -24 12 -36 -17 -12 -75 -13 70 18 -30 51 -72 -65 -35 73 2 -19 -35 93 83 23 23 94 -33 22 59 85 56 77 84 60 -5 49 -3 88 74 93 -23 -88 58 83 95 46 85 93 46 62 -60 99 96 35 19 -94 48
76 -80 44 77 -3 -82 -5 -6 -100 35 91 -17 95 93 29 -16 80 -88 -26 -75 10 41 -8 52 39 94 -14 58 -99 4 57 -72 32 -81 42 -38 8 50 -83 19 27 73 61 -41 15 93 85 9 90 -28 -80 95 54 99 -81 74 36 75 -76 -61 -61 -6 97 -57 7 93 -100 -28 45 43 -62 -57 -38 -5 3 -8 22 -2 -57 98 -14 -27 -80 -6 -18 7 9 88 78 43 98 3 -89 57 46 10 -98 53 73 70
-43 89 -42 44 62 28 -78 -44 35 -68 69 31 74 -12 -94 64 0 -60 -97 79 60 -62 61 -12 73 -76 -89 12 16 67 -52 -45 1 17 46 43 89 -35 82 94 44 72 -78 34 70 -6 3 94 52 -9 -17 30 44 26 -2 -6 -25 -77 78 -10 64 -80 98 -1 -99 -35 -74 -41 90 85 50 69 -60 -51 -7 13 62 91 18 94 -30 -94 4 75 -64 79 -23 -67 -36 -84 76 60 53 -94 -65 -14 -49 14 39 11
-9 15 70 81 56 74 89 98 -75 -32 71 97 -39 82 41 -30 1 16 93 82 -87 78 -37 94 57 48 83 -77 -16 -60 -98 -30 -29 7 60 9 -74 36 -20 -31 -76 -43 48 -24 83 -10 -18 80 29 92 -46 -50 23 84 -96 -70 -27 -59 57 45 -51 64 32 13 -27 -72 -75 -31 66 -93 86 4 72 27 81 86 -67 48 90 -11 -4 39 -66 83 8 65 -17 -87 77 -5 57 4 22 -65 -40 9 41 -51 77 14
35 15 35 -79 -66 -4 8 96 -7 94 84 -54 -41 -35 88 -18 -83 -53 54 96 11 80 -23 -39 -3 -67 -45 22 -23 -46 94 28 19 -50 43 -66 82 65 89 -29 40 -57 92 -45 78 88 92 0 -74 9 75 91 -13 -97 -29 -98 93 26 66 55 12 -30 67 90 -24 26 -61 -73 9 25 -57 -6 30 -64 65 -42 -89 -81 -44 62 64 -24 33 67 2 38 -38 62 29 -77 -98 -42 56 38 86 -84 20 36 -73 -55
36 24 28 -22 -85 7 -80 -74 93 77 29 -9 -31 -83 5 36 -73 82 90 34 75 -51 82 28 3 -33 -10 -61 44 -29 17 35 -58 -39 78 70 -65 -12 -59 91 58 -79 58 -79 98 7 72 -8 -53 -41 -65 -76 85 -93 -41 20 82 64 43 50 -54 -76 61 76 53 79 -86 -46 -24 -28 41 54 61 -54 -7 20 -61 38 -17 54 -98 87 55 -62 88 65 99 43 -34 -51 -30 59 71 85 -21 -31 49 -30 21 60
-84 -7 -21 -98 43 -80 19 71 -99 36 1 -41 -54 -86 41 -84 -95 79 26 85 6 -90 -4 55 61 85 82 65 13 48 68 19 63 -90 23 -68 52 -91 95 -28 32 12 17 -21 -45 87 -50 65 -81 -41 5 -6 63 -88 -12 27 -67 -94 -62 75 13 41 7 69 -52 -28 -44 -34 -4 73 56 37 67 -36 61 58 71 88 -50 -73 55 -51 -90 73 -91 64 -72 -84 -75 -57 64 -78 5 42 32 -10 -13 -1 26 43
75 21 -73 -54 -11 -55 51 -3 73 27 70 9 -48 16 10 65 56 35 88 83 -24 -28 -95 -69 0 -66 -48 79 81 0 -36 43 28 -78 -15 -73 -65 -64 -47 41 51 -62 -73 53 -38 -80 -36 -67 19 73 -19 2 19 65 80 -60 45 -20 30 73 -91 -80 20 -62 91 -99 -31 73 -58 43 -5 -94 -5 -27 -65 69 45 60 58 99 77 61 -80 0 87 -4 -75 19 39 20 -17 -48 65 -12 13 -26 25 -48 64 -20
69 24 -46 -99 75 19 -32 84 -73 -32 14 22 15 75 -6 -39 -86 45 56 -69 -17 -64 67 84 89 46 -34 73 44 59 -45 -86 -15 -17 -72 -23 56 98 41 -96 -93 75 63 -94 83 53 -98 39 57 63 -26 -16 79 -77 -17 -89 85 89 58 -53 21 -54 15 -24 52 -99 -34 9 71 -39 -64 15 -78 -60 65 -34 -18 -59 77 36 75 31 -72 46 56 -52 -65 81 -47 79 81 -86 16 98 74 62 43 -21 -47 2
19 44 86 77 -74 90 -55 53 -97 -89 -81 -73 -34 -15 -71 -99 -87 -69 71 12 15 53 -54 -87 -15 74 -64 93 -73 -25 26 57 -68 -40 68 87 -88 51 -25 97 12 28 -4 44 32 79 81 -91 -19 -47 24 -52 68 5 47 -37 76 24 -34 55 -62 34 74 83 94 -44 80 24 -25 -37 51 17 78 -35 -31 49 -11 -59 15 78 -76 92 81 -78 59 77 -18 -30 62 51 44 -16 60 2 87 2 56 91 97 46
-21 40 23 -6 -19 -27 -33 92 -73 -4 -86 -19 -9 -29 66 22 -37 5 -49 -41 36 5 73 94 22 23 40 68 4 63 89 -21 -21 -16 -66 1 -21 63 11 -80 -38 86 -98 -54 -64 48 71 95 47 82 -89 54 69 71 34 45 -98 70 -31 -59 18 -49 -25 -75 -36 -77 87 55 21 97 29 -42 94 -62 97 84 65 20 41 -91 -46 35 -12 -50 16 -98 -94 -53 -88 38 13 77 -82 97 89 -53 41 -35 -75 -3
-23 -34 -83 41 27 -37 -38 14 80 37 80 -38 -64 -31 6 77 17 -28 -26 48 4 61 47 64 -94 -25 54 91 78 -49 -34 51 24 93 26 81 89 44 85 92 -3 -77 -49 -45 51 89 -65 -33 -88 31 -50 -80 -35 -49 47 21 -4 -86 58 -56 -36 12 -57 -4 -37 -36 -37 21 -56 -74 -16 33 85 59 26 -12 -10 -16 -12 -79 59 -90 82 84 -12 81 -40 -64 -54 60 -42 -95 40 -34 81 -84 26 82 69 41
-83 -18 93 -88 -36 88 -60 -9 93 96 -67 -63 19 70 3 76 58 84 -99 -78 -32 89 43 -99 27 -34 87 -26 -17 -68 11 -97 -20 -40 82 82 12 -74 46 -64 -49 76 -3 -64 46 -79 -1 58 -21 -34 73 45 17 -38 29 46 77 -56 75 -11 2 -68 -37 -2 -48 -60 63 63 -17 -68 33 -60 -20 27 95 -4 52 -37 1 77 19 -80 -11 33 -41 97 38 -66 96 81 -12 -33 -57 -66 -89 -38 24 -61 -93 -83
-32 -16 -42 95 57 29 -7 -42 -25 -40 -38 18 65 -87 -59 75 84 74 72 -83 -97 19 19 -88 37 -65 -23 84 86 25 23 -77 -7 1 -15 88 -49 -87 17 -9 -36 -44 -68 -49 40 67 35 12 65 -51 99 -35 39 98 40 -22 -36 -54 -46 -36 37 -67 -31 47 -17 -47 58 13 62 -11 54 -24 10 54 33 -3 -94 -39 32 -92 -27 64 -68 35 15 -85 1 -43 86 77 79 81 -95 -71 12 90 -52 -33 73 29
15 -95 -62 2 -12 -94 1 37 77 9 -30 99 9 -51 0 -63 -10 -81 -88 -43 37 -32 66 -5 -63 51 65 -51 -75 -63 72 55 -24 7 -53 -82 99 -87 16 -34 -99 -35 -19 -24 -81 86 31 85 -14 19 -61 -56 -2 15 -57 55 41 -85 -52 -70 91 -84 6 -93 -47 -4 -69 50 -41 -85 80 37 0 -37 45 97 -5 67 75 3 -54 -28 -34 35 -60 -87 71 6 -61 -54 26 69 41 6 -22 -54 14 7 -50 24
-64 -90 -77 85 -93 -98 -36 89 -81 -95 96 -31 34 -83 -68 53 96 54 -9 4 -53 -44 -36 24 48 -48 51 37 32 -5 -63 28 -69 13 -100 93 40 -37 10 67 83 -15 22 29 0 -61 42 -8 -83 99 -4 29 64 5 93 71 -54 -80 51 80 -38 50 45 34 24 -84 14 53 85 81 -1 15 56 65 93 86 -47 38 -91 93 -3 -10 90 6 7 -17 95 94 -56 -26 79 89 -54 23 -14 -92 73 5 -21 77
-42 19 -7 -78 56 -18 -69 15 -61 -40 -97 -31 62 53 79 53 -43 41 -75 -74 -13 -24 -66 81 -55 -13 -72 80 49 -39 -33 90 50 -88 -70 46 -19 73 99 -37 17 60 -46 -13 19 28 -93 -61 32 65 63 87 -65 30 -56 63 -9 -3 25 49 -55 17 67 -60 28 84 -96 -9 64 20 73 38 -39 28 40 -42 -91 -59 74 33 -89 -49 -65 -45 -60 30 -4 60 -37 95 31 35 53 -83 -27 56 -47 -61 -53 -98
53 75 -12 12 43 -16 -98 -90 53 -1 11 30 -60 -91 51 27 90 -88 -63 -38 45 24 -80 -30 43 -43 -50 42 86 77 -77 24 -90 75 -13 60 -57 98 98 74 28 -4 44 -17 -20 87 24 6 21 -20 63 -41 -86 79 -20 -14 -66 -14 -30 -31 42 55 -3 -11 -45 -54 -80 82 73 33 48 -49 -27 -81 -30 68 -18 43 -14 70 -27 12 -25 64 8 -23 -10 -89 -58 -16 -79 -77 16 64 -32 -3 44 -57 76 -19
33 -90 -19 22 29 86 64 -70 -29 5 27 -38 -3 9 -61 -92 -75 -38 -11 92 -32 74 -99 -58 -57 -48 -35 5 -1 11 54 -66 80 67 -69 -13 -2 -85 55 29 -91 13 49 38 66 -71 -79 -15 14 5 -10 24 -4 8 38 2 -77 23 -78 -21 -43 -1 17 16 2 -20 81 -65 86 -5 -93 41 -68 -5 -58 27 -7 91 43 24 17 -51 85 -7 -43 -86 91 -42 10 -84 -5 -38 73 -50 -30 -47 -17 -41 41 -1
-94 0 87 39 66 22 81 -23 -100 19 40 -56 -66 68 -8 32 -66 56 19 91 51 98 0 -89 49 51 66 34 -68 35 -26 -52 78 -38 19 -46 84 35 -77 -98 38 -100 -96 64 -53 -23 34 51 -94 50 28 80 -26 27 53 92 16 -30 -28 20 -61 -97 26 81 18 -56 7 75 -76 -30 -10 96 -81 2 88 5 -80 -98 -78 -56 84 -100 68 -36 -46 -48 -27 -14 -27 20 96 -14 88 -16 -38 -82 -5 23 -91 -81
-91 88 -75 15 -100 -84 -75 -81 -57 -3 -89 -89 87 -39 49 -89 -59 33 -12 -62 -54 81 -17 14 53 74 78 -4 -43 -69 -55 69 -26 -82 7 12 -82 -50 -52 -92 -17 84 -43 -96 -83 -91 -32 -25 -85 24 -50 -93 50 -11 47 -82 -47 -30 -81 61 -48 -29 -2 -24 -23 67 -86 93 47 -33 79 -36 -64 88 -39 -4 -84 -26 -64 53 57 30 44 55 39 11 -75 -43 -98 43 -37 42 24 -90 44 41 73 -34 -71 68
43 -81 -84 -48 99 -79 -76 -7 -54 -100 55 -2 -42 96 79 -100 52 -4 55 86 92 -28 45 21 -98 -82 97 27 -54 13 -9 -99 87 64 5 -33 -39 28 -86 1 -34 64 -1 -42 -45 -10 58 -9 80 -100 59 11 -19 85 25 -98 -53 80 98 35 -91 99 -36 43 -28 67 -24 -82 -84 70 -43 31 -52 92 31 -47 -97 -76 6 50 -65 94 -37 -5 -50 -74 -22 -41 -89 -64 -52 27 41 15 -19 73 -65 28 7 97
-65 -75 93 -33 42 46 -42 -74 -15 83 53 96 -6 -58 0 -47 -2 -27 -19 -66 -22 15 4 -65 43 -74 53 -2 6 -98 81 -44 86 42 49 79 45 57 16 2 99 15 -25 -12 10 72 5 68 -69 11 -39 -67 -100 -8 -49 -21 -70 91 -15 -46 28 54 13 51 25 49 99 -62 15 -17 -90 -12 -62 -82 -8 -31 -26 -93 55 -14 99 -48 -94 -72 -33 24 -25 43 -32 -23 -46 -32 31 -84 86 17 14 9 81 -85
-25 93 -71 -56 -2 -10 67 45 4 93 77 -95 29 -13 87 -62 26 72 -55 89 -47 24 69 68 -36 -21 -17 50 -16 8 52 73 62 73 -33 63 -86 80 9 93 60 65 56 -16 80 77 31 -29 17 -12 -67 -51 11 3 -68 -63 16 13 31 95 -90 29 -75 -98 61 80 90 -15 60 -87 81 -54 0 -9 -79 -80 -51 -47 -55 -74 98 -51 66 -76 -4 4 6 -38 -70 96 73 41 -30 -72 79 -12 14 -69 -80 84
58 48 -62 85 79 82 1 26 -7 -25 -49 13 -57 58 44 32 17 -62 -83 -50 -87 -54 -87 -57 -95 -37 -37 -44 5 -75 -92 62 23 -57 -75 -10 -73 81 -83 -76 93 74 -54 -94 97 77 72 90 82 20 29 -49 -9 54 55 51 16 -44 16 85 75 13 59 99 -41 23 -94 34 -11 -5 86 -65 -97 -55 57 -25 -76 26 -40 -15 -59 83 -47 -69 -51 -54 -71 -35 -63 64 -87 83 57 -15 9 -56 -20 15 -8 -24
-21 -80 -25 -73 -28 96 -60 48 -89 -93 -97 16 -54 54 16 61 -23 99 -86 6 88 -40 97 -73 93 -3 -81 43 52 -45 41 49 -4 2 -36 30 -90 62 -61 84 5 -28 -98 -59 22 17 27 -58 -46 40 74 62 -24 25 -19 24 -51 88 29 -25 -43 -12 80 -98 -10 26 44 87 14 54 20 66 -90 -21 -29 -87 61 88 -11 38 89 -92 55 -51 -63 48 -18 55 -79 -76 -44 -57 -13 -48 -87 -52 52 -24 -46 -42
11 86 35 -14 -3 -60 -8 80 -88 -79 -60 95 -65 -15 -34 -28 51 -94 -3 -44 -38 -68 6 -49 -60 -89 50 -70 38 -5 36 98 73 -8 65 -87 -64 -73 44 -44 -75 88 -28 77 -74 -10 -63 4 47 -5 -71 29 -14 -88 -31 -76 -62 19 -5 27 79 35 55 -73 -10 48 24 94 12 18 -94 -20 -89 23 -20 89 98 27 -29 -75 -64 -58 -81 51 -5 33 -26 -4 78 -87 26 -86 45 63 -23 -2 23 -62 79 6
-100 -48 72 -58 10 -35 99 -71 86 -86 -5 -53 37 -26 -8 -17 66 45 -45 -59 24 -13 -20 10 23 3 -47 -82 -78 89 79 35 55 74 2 -25 -46 -15 -27 -88 -74 15 -34 10 94 33 31 10 26 -12 -3 44 -48 39 49 -47 -61 46 30 -79 97 -81 29 44 -22 33 50 -49 83 -90 47 -60 84 -39 34 -74 -16 69 65 -74 -21 -19 61 76 44 -27 -13 3 -56 -42 -70 -51 -60 -67 41 -23 -69 26 -51 -9
65 -85 14 -77 46 -58 -42 46 76 -90 -90 -88 75 -68 -65 77 19 -74 -2 -45 44 33 68 -72 -18 36 13 -75 21 -90 68 37 -32 -12 -67 46 -98 26 -45 -65 -72 54 30 67 -51 1 17 -47 87 69 -86 36 -80 -97 10 88 18 15 -46 9 -13 71 -47 -6 -33 -68 -87 -57 41 69 9 -18 -68 -89 -76 46 71 52 -73 -61 13 64 16 82 -70 69 16 42 -35 -67 74 15 89 -82 -18 -73 -33 87 43 36
-9 -95 -23 -10 7 -91 44 50 -28 20 90 6 -97 26 76 11 -48 -77 15 14 -9 -24 15 62 49 -64 0 -71 3 -8 33 -92 -98 24 33 -38 43 91 -63 28 63 -74 -18 65 75 -98 48 -92 19 -3 88 66 99 72 19 32 3 90 61 -45 15 -40 94 26 -28 15 -82 29 47 -54 52 -20 -56 -78 56 -44 86 -90 18 -48 -49 -54 96 -38 -31 55 28 -43 60 81 -8 42 -61 -15 -9 -1 -20 26 -91 -64
-14 -80 -4 93 -2 -19 -86 -89 72 -6 -87 -19 90 19 2 -99 -50 -22 -64 77 57 59 38 -61 -85 72 -9 32 -13 37 -6 -89 -79 -64 -83 77 -65 -27 64 61 43 76 12 43 58 -59 -24 -21 72 -83 39 5 57 -44 51 -14 64 52 99 -4 3 -61 14 71 -94 -96 -74 32 -39 85 -20 -60 -87 -47 -72 65 95 -55 -27 -81 28 -94 16 -89 -50 -21 99 54 -77 12 31 58 -27 -33 8 17 -23 76 17 11
-60 -52 -72 -61 40 -17 -68 -28 -29 80 68 -75 -33 -39 18 5 -20 84 -58 -63 68 -53 -97 76 66 -45 -63 47 -55 26 16 69 56 37 -81 39 -32 -88 -97 -72 -71 -43 -87 71 49 69 85 -40 57 19 -86 -75 54 20 57 54 35 18 -28 -80 -96 73 -16 -13 99 35 19 -93 45 15 -86 -23 -58 -30 42 54 -53 -14 -69 63 91 -100 83 -94 42 48 45 7 83 -67 3 29 -97 43 31 70 -35 -91 -35 -28
71 -89 28 -48 -79 38 16 28 -94 -3 -60 -31 -94 90 30 -3 32 -53 -31 -82 34 -50 51 -11 72 -60 21 94 91 64 81 -60 64 59 -4 45 -72 -63 54 -90 -85 -87 -63 -74 -7 4 58 56 60 -99 -37 93 56 75 37 65 6 -4 89 44 41 63 14 80 72 67 75 -17 -18 24 77 44 30 -39 27 -26 49 -7 1 -13 -93 -7 -75 42 40 -6 -18 60 -19 -26 -45 12 -75 85 93 -43 63 -26 35 -83
-53 -56 -73 24 -54 -47 -99 -12 34 -79 14 38 -20 85 -50 68 -100 26 27 -39 -20 13 -80 -83 -86 -90 4 65 -81 42 86 7 -16 52 -44 -23 7 8 -90 58 80 -13 -100 99 -41 98 -43 66 -67 -86 30 -45 -30 -100 86 50 94 95 4 -41 -41 -98 -34 66 97 73 87 23 3 25 -99 79 60 65 -62 -49 -93 94 -62 52 -47 -98 59 -15 29 19 -48 -98 52 4 -39 52 -84 55 -62 17 27 23 -52 0
-67 97 -97 -46 87 -38 -42 27 -65 72 61 -97 -52 -70 70 -98 82 -83 -48 72 62 68 22 -42 -65 -84 98 58 -19 23 17 -93 -68 44 35 53 -28 -32 21 -4 -98 -61 35 86 70 -36 -34 -28 11 87 18 13 39 97 -99 74 94 -74 -7 -81 72 42 41 62 -50 94 31 45 66 -34 -98 24 89 -98 76 31 54 82 15 -13 52 -22 82 -45 94 1 13 -12 -25 3 7 42 -34 78 -22 -66 -22 57 -31 99
-94 -81 81 93 -94 -33 75 -70 15 -40 -19 -3 75 94 56 1 19 -8 74 4 67 55 55 68 -24 27 -100 -37 25 -13 30 64 -45 -67 30 46 -76 20 -96 68 2 -45 33 55 -3 82 -24 -20 -62 -40 65 -63 -76 20 91 98 -90 69 63 -23 -81 -6 -53 94 53 90 -23 -48 -15 75 -5 -63 -62 84 99 44 21 51 -91 54 15 62 -80 31 -8 -64 -79 -71 30 -86 -84 -62 -7 82 40 -87 -87 65 -32 40
-17 -25 67 -12 -79 -53 -12 -67 19 28 -74 99 -10 76 89 -92 6 -65 -77 -53 -37 -15 18 -50 72 58 85 -6 -80 36 -39 59 81 60 10 -99 -79 56 13 14 55 34 85 -74 7 42 46 14 -73 -68 -86 10 1 -53 -21 -35 -37 52 69 49 -38 51 30 -48 -85 70 -77 29 93 42 27 40 27 -87 -29 -10 99 -72 74 82 -77 1 69 30 55 52 -75 78 83 -95 21 -26 -42 -59 -61 13 81 54 -41 7
93 42 17 32 -11 -56 -36 63 -45 -100 73 11 -24 34 80 -72 -2 35 -97 -56 -10 25 15 -86 -53 -42 22 45 61 39 3 97 52 -40 -86 0 29 9 62 46 -82 -85 -95 -62 83 45 -6 -45 -96 92 -81 30 -34 51 36 31 -51 24 -61 -42 59 -5 -78 93 61 85 -19 -89 55 99 47 -80 91 -85 30 -5 -17 13 3 -76 39 -66 19 29 -62 95 -1 -41 -35 -54 28 56 -60 -55 78 -33 -20 -23 -51 -86
87 76 -85 -18 -6 -19 82 87 -56 -17 -25 -96 -46 -98 -24 68 45 43 12 38 -63 69 -86 -96 29 98 -78 -16 -27 -41 -8 -60 30 84 -25 22 86 -92 81 -17 69 -79 32 -59 -57 3 -75 58 90 27 -70 11 -88 38 72 -23 57 -35 10 37 -70 -75 84 24 18 -40 -22 61 48 -48 -86 -89 -32 74 22 -13 8 -94 -97 89 16 -73 19 34 50 -58 76 75 35 -68 -12 -17 -13 -79 -83 96 76 -39 2 -11
-83 -85 84 98 -72 88 -54 -75 -38 23 91 -73 -90 63 65 -83 -29 -81 5 -25 -47 -97 90 84 23 -96 43 -92 -75 -89 -9 81 55 95 98 -7 -70 17 -78 84 -58 5 -17 -48 -95 -6 -26 93 59 83 -92 -56 8 -28 -63 20 2 -51 -55 97 -8 17 39 -56 98 32 20 -84 82 -76 66 98 31 75 -61 27 87 76 87 65 11 53 -84 16 -62 14 -66 31 -20 -64 -70 -93 -69 -19 -7 -10 77 -49 -89 -21
-83 -95 53 -82 50 -80 -42 98 -17 -28 1 65 -59 -11 89 -19 18 -100 33 -53 -51 76 81 -91 -11 5 94 -18 74 -48 33 -97 -41 -65 80 40 -62 26 20 -4 36 83 62 -32 35 69 -58 2 -38 28 91 42 -23 14 -88 -92 39 -13 -96 -12 -100 -75 -76 -45 -16 88 -68 -22 -65 -39 7 -1 -17 59 65 -85 92 -16 77 2 31 69 46 -98 58 -22 28 -11 31 -13 42 91 -44 -21 -24 21 -79 -85 49 -32
-13 46 73 -61 99 -50 35 -81 87 -67 -17 42 -29 -90 58 -48 92 17 -22 4 -98 65 -57 46 24 85 0 -17 -37 74 99 80 65 5 -41 50 45 62 -95 75 -68 96 95 -51 -13 28 -70 -88 15 -59 12 60 82 71 -83 -68 -49 -58 47 14 -85 75 74 -40 -27 2 90 47 17 -76 -6 90 -18 -48 -46 -62 -14 41 -49 -89 77 -66 -86 -2 -83 -23 -34 10 -91 -27 -19 91 78 -73 -53 67 -47 40 58 -23
-97 -48 60 -29 60 -99 -32 -32 -75 21 32 -96 32 -94 -61 -95 -85 11 47 -85 -18 -75 22 51 -30 -16 74 46 42 46 11 39 73 33 -28 99 -16 -74 -96 -26 -62 -55 9 -8 -81 -89 63 16 -99 -81 -22 -93 22 -41 89 -81 49 -13 -52 -76 -54 30 92 -14 17 -71 -33 -46 17 -44 -71 -39 46 98 -50 13 -86 0 -76 -96 35 -18 3 94 -1 40 -6 -49 -33 -42 48 -44 80 56 -9 71 -66 -71 30 70
84 66 -39 54 -43 -34 -48 -65 30 -97 24 -31 -94 -12 99 -99 62 -15 -5 27 -74 -92 12 73 74 32 -92 -73 -44 3 77 30 -26 73 -100 -10 -81 -56 -73 52 81 -1 74 39 -29 42 -93 89 37 63 -95 -8 -59 52 50 -71 22 -34 68 -20 -8 55 38 58 92 81 -35 63 91 86 91 -68 -3 -4 -42 68 -33 -82 -35 16 -86 -20 29 84 -17 22 -18 82 -59 -61 69 11 -63 74 -6 -18 -24 81 -82 -6
57 -71 34 -35 26 -63 21 -39 24 -93 -44 -54 -74 17 45 -48 30 -49 14 -27 85 -58 98 76 63 72 65 28 -14 -4 -40 -10 -56 -59 -83 -59 -16 -85 59 -24 22 -65 36 24 20 -49 21 -35 -88 -13 24 -7 61 98 -87 14 83 -57 74 -31 -30 -3 42 -2 20 -57 -56 -93 -37 78 -48 15 93 -99 96 -84 -72 -75 96 -77 -97 -35 37 -44 -16 61 -64 -57 96 -58 10 36 58 -22 87 22 81 -38 66 -51
57 71 74 44 6 -56 84 5 -57 -27 28 28 69 -47 -99 -25 -84 -100 -27 -60 -48 -11 -77 32 -49 -21 3 -36 -53 -58 58 82 80 -89 -7 -90 -78 64 72 -71 20 -76 -21 9 77 90 -52 59 -31 -49 -53 72 -28 -8 50 -96 -50 91 -82 91 -72 -92 60 -67 99 -77 79 -12 -60 -61 85 86 89 -4 56 39 31 29 -47 16 57 57 80 -39 -93 -38 -82 34 58 -36 41 64 22 -54 -72 11 -77 -68 -7 -79
96 -81 49 38 -70 66 8 -3 93 -53 47 3 -3 -30 50 -74 67 -82 41 -60 10 81 -47 71 96 6 74 35 84 -62 84 50 -22 -50 98 -27 35 -75 14 10 -66 -85 43 -53 -24 -94 -72 67 94 73 -97 93 72 82 -43 -59 -91 57 74 -78 9 -83 -83 -87 39 -61 -74 -25 -16 -12 -53 52 -72 -98 25 -57 12 -2 -56 14 20 39 -5 53 -75 36 9 -74 -88 78 83 15 98 -72 -20 25 -71 15 -25 -38
