-50 -88 -62 -82 60 61 3 7 -54 -94 -14 40 -90 -69 -5 17 -69 -50 20 25 73 -100 -82 -40 -32 15 -71 68 -60 93 -28 28 -68 21 -30 -70 76 -56 -93 81 72 13 -94 71 58 -70 15 -9 -66 68 -88 46 -88 -93 -31 -90 79 -61 -64 18 65 -37 -81 65 -95 -24 -93 93 5 26 -3 -74 34 35 -14 80 -3 48 51 -71 71 -85 -36 -79 -41 -84 -66 -6 76 -88 10 55 -50 -49 -67 6 98 -27 -1 46
-51 87 -14 23 7 -2 -53 76 -72 60 19 -94 67 95 86 97 -70 -15 -8 78 0 -14 62 63 -48 15 -12 -51 -9 61 -24 -21 -61 -49 -10 -3 93 81 -9 -91 47 -12 -57 -9 48 91 48 -88 -34 -83 -61 90 47 -93 -92 78 -20 9 65 -17 -41 -75 -25 89 -82 -93 76 -43 20 61 13 -97 86 19 -18 -29 -47 -11 -45 -33 34 -18 60 87 35 -61 -55 -56 -59 -31 -100 7 -15 -77 62 70 -95 99 -37 25
-96 89 -58 -3 -100 -38 55 54 -96 -31 19 70 51 0 -29 -1 -52 72 -62 -75 26 89 -89 74 -57 92 47 -67 92 9 4 -42 7 -7 -25 65 5 -52 -93 -27 -28 24 17 94 16 97 95 21 36 98 -81 54 -92 -72 0 27 39 -80 35 29 -86 -49 9 14 39 -28 59 -9 -61 78 16 87 -99 -10 1 47 56 34 18 -83 -4 93 37 15 46 55 51 1 -94 18 74 60 -19 63 20 -94 12 42 76 91
-23 68 97 96 79 21 94 72 26 60 85 -13 -4 49 -56 -17 55 -65 31 52 72 -23 70 -41 -92 -94 -29 -83 18 -39 77 -47 -96 -50 82 -72 -72 -33 -88 -69 41 10 91 81 61 26 -81 -82 -57 -13 -61 -61 54 33 -53 -7 -96 -40 -90 91 21 25 -5 -66 24 88 -80 68 -17 7 13 0 -88 49 66 35 -70 -77 -69 -24 -1 65 -35 -68 -9 14 82 4 26 88 -92 -56 -77 64 62 -50 -26 -73 80 -63
-13 -26 40 -47 -59 67 -26 -68 -32 -38 -21 -50 99 -39 -64 53 -20 -83 53 61 -4 -2 90 -28 3 68 89 -32 90 36 -94 -49 -52 -81 10 -80 -32 88 82 -71 72 82 13 -19 6 -65 14 -92 30 -38 96 -13 85 12 -36 67 57 97 -65 54 -14 88 -73 76 51 33 30 -67 55 -44 -66 63 86 18 -79 53 -91 -19 -74 77 -17 -49 92 -33 -5 53 -100 47 -45 91 50 -93 84 88 89 -37 55 -66 6 83
-36 18 70 -55 75 -1 -22 -32 86 60 -9 -83 -34 -42 -96 22 24 -14 -98 -16 34 60 -77 36 -27 70 35 18 15 -12 78 90 49 -79 4 -34 -6 -35 -91 40 -80 45 0 43 27 16 -59 66 -6 70 -40 -48 81 58 -78 40 22 3 -76 -97 66 65 -51 11 44 -5 30 -81 20 60 -21 84 67 93 -3 77 -61 60 -9 59 57 -10 90 32 46 59 9 -82 47 28 16 -85 -47 81 28 64 98 -94 93 -11
18 -33 7 -34 -21 -13 88 84 72 -47 -10 -84 -26 9 91 -79 -15 -64 -91 -77 47 11 9 16 79 -99 -89 -6 -57 6 -19 58 -43 -76 -50 -68 51 -29 -10 29 77 59 74 -7 86 -91 35 -12 -14 -4 94 -100 -14 4 76 86 -23 -51 -87 98 -79 59 11 40 -42 -63 -43 41 28 95 -28 -73 -59 60 68 -77 -85 -44 -18 87 -92 -76 98 -6 -31 17 60 14 -80 -75 81 4 -45 -76 -75 -87 -28 14 8 -88
-47 53 89 86 -34 -79 -73 -77 39 93 -89 -40 -7 9 -77 28 37 78 -4 -65 16 82 -2 -48 5 91 -53 -10 77 34 6 -32 -60 -84 -84 11 -55 58 10 1 -88 26 -31 5 -33 57 -63 -56 -63 72 -8 -7 -24 88 -86 94 74 -12 -99 0 76 72 72 -52 37 58 -75 -9 -27 84 66 -46 78 23 -45 47 72 -96 -12 -38 -4 11 -93 85 23 -43 -47 51 17 -11 67 -62 70 -37 -56 74 53 -97 10 85
-45 27 97 48 -59 33 19 78 -41 -44 25 34 76 38 39 -76 50 15 45 -56 -100 36 88 -85 -13 80 16 30 -13 -40 21 70 79 -54 6 -29 -47 49 -78 0 90 -7 31 80 -12 -8 -100 67 -27 -98 31 24 -85 -36 40 -42 98 -13 83 -8 -47 -80 68 -28 83 -78 -2 -19 26 31 -11 35 -93 69 59 -2 -71 -77 25 -87 -76 -56 15 46 26 30 -4 42 -87 26 -86 60 48 66 -56 -24 -17 69 -12 -83
20 65 93 87 -98 61 -35 15 19 67 96 -53 96 -8 -81 39 41 90 -96 -38 39 -56 94 -15 55 95 -23 47 -96 81 7 27 -15 64 54 89 -97 -91 35 -72 72 61 -7 -29 -70 -83 99 84 18 99 -78 -58 81 32 96 90 -94 -53 68 15 33 39 -91 21 80 1 29 -20 78 95 -42 -67 25 54 29 27 -63 -85 5 -62 20 19 57 -95 -9 -93 -99 31 20 -86 59 88 -57 51 68 -21 82 -23 75 -10
-59 -37 -13 77 -19 20 -34 -8 -46 90 41 -10 96 71 -21 33 60 66 85 -94 52 91 29 -100 92 82 -78 -16 -99 60 30 31 86 -1 48 -6 76 -45 54 -6 53 35 -4 79 -86 20 43 93 47 1 81 7 -19 37 63 52 -27 -41 -19 53 86 34 -15 -2 -80 -1 33 90 -39 74 -73 95 -36 31 -42 71 -65 61 98 -4 -48 78 93 84 -91 -28 -75 -48 -54 -57 12 5 52 40 46 -37 96 -22 -43 -93
-8 80 -49 -14 57 30 11 -74 5 -6 5 -38 -17 -7 53 -95 63 87 89 -1 50 -64 36 -67 35 64 22 -99 -15 99 -41 98 -50 32 80 39 -50 24 -95 69 -69 -73 63 8 45 -53 -89 -44 21 46 -30 -14 -66 -13 50 -79 93 92 -14 -88 -19 92 97 -85 64 38 84 -76 16 -6 21 -28 -73 -92 -93 -22 4 -97 48 -98 -38 73 -75 -45 57 30 -8 -88 -58 93 -48 80 -37 79 4 36 -50 6 61 14
-83 8 30 -52 -7 55 -18 30 95 -5 71 91 92 -49 20 -59 79 -23 -69 -98 27 -87 89 -79 -76 34 -62 11 0 -30 40 -69 29 32 -50 12 95 14 16 -57 33 76 -96 75 43 73 -97 -83 57 -4 -34 -5 35 15 65 50 92 -70 -6 -95 -75 68 -13 7 -71 62 94 -12 -36 34 27 -88 88 -94 -66 -94 -34 -10 29 -32 -33 -22 -99 -84 -96 71 35 -90 33 70 -59 39 -50 -66 -75 67 99 -25 -3 15
-30 35 78 -61 -77 89 -45 76 71 26 -19 31 35 92 34 -23 -83 -25 -79 -82 -46 -49 -25 67 -8 -29 -7 61 -16 -69 69 -4 -71 5 -57 11 -18 29 -27 -5 -97 85 6 -91 -4 -37 55 66 -13 -15 -77 -10 87 77 -39 -65 -65 -72 41 81 -8 25 91 91 6 26 73 -6 -79 -4 62 -83 25 87 -43 42 -94 0 -28 -25 94 51 45 3 -30 -88 -69 -6 74 -57 -22 -34 -18 48 -61 -16 -96 -21 -95 41
-67 75 67 -53 -100 -48 36 31 21 31 -21 -53 -81 -93 -8 86 -58 -35 -99 71 92 72 -67 -7 -77 -94 56 52 -28 68 -84 -54 -85 86 -42 -78 55 62 78 -64 -26 -42 37 12 94 -30 26 -36 -1 84 -70 -5 -36 54 75 -65 -30 -97 -69 -81 2 -79 2 34 59 -34 19 -51 96 -59 -34 -6 -67 3 81 -53 -13 -43 98 2 62 98 -45 81 95 -47 94 -96 28 52 -86 75 -98 44 -65 -37 -6 27 85 18
-38 -65 1 89 -45 76 -98 61 -41 -88 17 89 64 23 -78 -78 55 17 -6 2 -1 -69 -96 85 -26 51 73 65 70 46 49 -33 15 42 13 42 -82 -96 -98 -91 36 -43 35 80 -30 -62 -98 -23 13 -53 91 -27 14 -69 29 -63 -74 63 -64 54 44 -42 -57 35 39 -25 10 25 62 -68 33 28 62 -36 28 -8 92 -22 66 -17 34 23 36 28 14 63 -49 -60 -65 45 -20 -59 20 27 34 96 -50 23 30 -54
-89 12 -90 -100 20 2 -93 -100 15 -90 20 50 63 -13 10 -52 1 29 -64 -99 -91 -68 -54 -77 8 -15 5 -38 54 90 18 72 -52 -36 38 38 -96 17 -92 -45 26 -84 34 72 22 -26 7 21 -20 -61 -18 -52 49 -81 26 49 84 -84 -32 -54 57 -17 -28 70 93 -65 -5 86 -55 -53 -38 1 33 79 -91 24 -41 31 60 89 36 49 -60 -56 -83 -88 -74 -70 -4 -91 -43 84 -48 -16 37 -37 -47 55 21 -34
-37 -7 -57 66 60 6 -81 16 -11 4 -20 22 -98 -17 -26 -100 77 -40 -14 76 97 -89 -17 22 -92 -1 -69 -99 29 56 89 -77 40 -36 70 -87 66 -45 54 58 -30 87 -46 40 -7 -41 29 50 97 21 -56 78 -1 -21 75 -69 21 -22 -34 -78 98 -56 63 51 -89 -11 -54 -57 -45 92 -64 -45 -87 -30 5 28 -79 -51 87 -67 -47 24 -2 -29 25 -93 96 -53 64 87 93 -65 -2 -41 -96 57 9 -45 73 58
15 -53 90 -98 11 -32 40 42 -77 96 68 -69 -96 44 -12 -77 55 87 1 90 -61 -95 -93 78 -79 -36 94 -21 -55 -86 92 -92 41 -79 -95 -52 93 -92 50 95 -7 -17 95 -13 33 -34 81 92 -54 -7 -6 -96 68 73 98 56 -53 -75 -44 21 21 -30 -12 -80 30 -12 89 33 -31 -72 57 52 -87 -58 60 4 58 -4 -92 -23 34 -44 63 67 -72 -53 -89 -5 11 -26 -66 -86 70 56 -61 24 -36 -55 -48 -10
-27 -83 -66 79 -62 -41 62 -53 97 -66 -54 -89 -98 -31 -87 46 49 -84 -17 -85 -26 -5 -83 -87 24 -26 64 -39 30 -23 -8 60 30 11 0 -14 -54 -40 31 84 -10 41 -69 67 82 -92 -87 -23 -21 14 -35 -42 91 90 72 0 26 -17 53 -9 -73 -96 18 14 -64 12 10 -83 93 21 85 -99 60 -51 -38 12 24 28 51 -94 81 -22 68 -41 83 -76 -60 -61 2 -75 36 46 -88 -73 -77 -14 76 -19 86 93
14 81 -75 74 -38 -98 1 17 -8 88 37 -32 87 41 73 8 31 35 50 62 23 15 -42 -39 72 7 15 -97 16 92 -80 -12 -80 75 36 -9 54 18 41 58 -39 65 46 -86 72 -37 62 -32 -79 -92 -50 99 98 3 24 83 -29 65 -55 -15 -47 -31 -43 89 43 45 -35 14 71 -51 -92 95 63 -9 16 39 41 78 -86 -59 91 -21 -38 -100 86 -92 83 78 5 -83 -96 -15 -89 28 -86 39 -28 26 18 41
-50 96 -78 -2 70 -68 71 49 43 4 -91 71 -88 -26 -65 30 65 27 72 60 -48 -72 -37 85 82 54 49 -66 61 -20 -27 12 33 -46 -47 -53 -33 90 -30 65 -98 14 58 -1 43 -25 -24 99 13 16 36 -46 -66 28 -85 -29 23 -97 61 -55 -39 68 -85 37 9 10 -12 -61 -65 59 -35 -64 72 -39 -17 -31 31 71 -47 96 -21 96 86 -69 -57 44 -49 66 8 77 -41 -59 -42 -81 -45 19 10 47 93 -36
84 83 -53 -23 -28 91 55 -54 42 21 7 73 90 -38 87 -85 -1 96 -89 86 33 38 -30 -80 -74 -81 15 -17 -90 -70 -87 -45 -60 1 -48 27 -44 47 -1 -67 -100 -55 50 27 -79 95 20 5 40 95 -26 -19 47 -85 -28 70 37 -89 -77 -58 38 55 -80 -52 -85 29 80 -16 34 -2 -66 -13 84 99 44 -58 83 -41 63 54 94 -86 -91 -70 2 2 2 15 20 -7 -42 73 -100 -4 88 39 -69 -86 -66 46
69 69 -50 24 -85 52 -30 -4 -86 21 64 70 84 9 -51 5 3 88 10 -41 1 87 -82 2 -42 93 66 -94 -70 -61 42 97 -45 -91 -65 80 41 46 -89 87 -9 -57 -86 45 -95 -54 51 94 17 45 -77 84 1 -8 -49 14 -7 72 11 11 -38 49 -85 73 28 55 59 -12 72 -9 46 -38 -39 94 -21 -23 83 92 -95 -57 43 53 -46 69 -49 98 79 -91 23 -6 81 98 26 -48 48 22 34 -91 -28 65
78 54 4 37 -90 -79 61 1 41 84 74 -74 -64 -54 -11 16 2 88 -8 72 -79 45 -31 -54 53 46 15 34 80 92 -11 -60 3 -74 46 -9 63 92 -27 67 0 43 85 68 -85 67 92 -68 3 -17 78 -90 49 -35 18 -90 -57 -63 38 -61 -54 94 79 30 38 -9 -61 -60 75 51 -92 -21 -61 -91 61 77 -38 -90 81 29 -54 -60 -16 59 -43 -84 -52 -95 -36 4 -67 -75 -18 -55 66 -2 70 65 -13 -9
-91 -21 2 -15 -69 57 -56 -40 -53 57 39 -80 -7 65 -5 -7 -85 28 -71 45 -74 19 -20 59 20 -93 6 18 -14 -23 59 -86 73 -13 11 33 1 -67 15 -75 -22 -54 91 60 -9 70 20 -48 87 -71 -81 -44 -89 37 21 90 -51 -15 -5 55 27 -22 64 15 -77 -3 34 51 2 24 33 71 -27 23 84 -49 -72 -23 83 -91 -25 0 -75 77 17 -25 20 -87 58 17 -96 -73 -31 28 83 -50 67 64 -57 11
53 -64 -38 -36 29 81 -54 23 -41 53 58 75 70 -46 -98 33 62 95 -62 21 67 75 -62 -55 97 -58 -75 94 -54 -33 -19 57 94 13 -13 -25 15 -60 -59 40 81 -23 11 72 4 -33 31 59 29 -2 -23 93 57 -25 87 -84 -53 13 34 -65 57 -99 -34 -89 12 53 -36 90 -59 2 -57 69 -52 -93 38 50 36 6 68 92 10 -41 92 -31 82 -94 52 -3 -28 -79 66 -43 -70 1 -98 -95 85 94 -73 20
65 -13 -71 71 -25 59 -90 -80 12 15 -29 -39 -36 -3 -96 -7 -27 64 -90 9 -19 17 60 -12 86 57 -25 4 5 -76 94 26 25 -73 97 74 -39 70 -1 -1 30 -72 42 -68 -31 10 85 -29 -63 -79 22 39 60 59 94 -24 75 11 -39 21 34 -75 -36 -94 -1 18 44 72 46 -28 15 -46 -9 -49 88 44 -69 92 -34 68 37 60 26 -42 -68 -80 -51 93 -65 -33 11 -97 -23 31 80 -94 87 -79 -2 -35
32 -13 -76 -5 46 -94 64 83 -3 -80 -36 60 4 -94 -40 71 1 -45 92 -23 13 -62 -100 -44 70 -81 -76 2 8 40 54 59 -2 -7 -48 -33 46 45 -4 97 27 -21 -72 49 14 -86 -56 -3 28 -81 52 82 -74 -36 45 12 -95 -93 -91 -55 -21 26 -86 16 -84 50 -42 -24 -28 -11 -33 57 9 -37 66 76 -32 -47 -82 32 70 64 -41 -23 -83 -90 82 39 14 -29 9 -15 26 -96 14 -78 77 -7 94 46
-74 -47 -83 86 -5 88 -28 11 -98 -86 70 -68 24 26 -37 72 -52 -35 -8 60 -71 -21 41 56 68 75 -37 18 -54 -16 32 5 -71 92 82 80 26 84 38 95 -15 44 -91 -14 89 -83 95 25 -9 73 -83 -21 13 79 71 90 -95 -90 44 -97 -8 6 72 12 -11 -57 -20 86 -11 44 -93 -74 49 57 -94 -91 99 66 -61 20 84 2 5 19 -92 -54 -49 95 64 29 85 20 46 -20 -16 -27 74 -50 -11 12
-53 52 4 55 85 -59 -18 -83 -99 -46 3 -47 -51 45 -43 83 67 -17 -24 -85 -28 -77 99 0 53 -86 87 -95 -11 15 46 -50 67 34 36 -8 73 69 20 -54 46 -6 -3 -60 2 -26 96 99 -100 58 80 -61 74 90 -22 -65 -38 80 93 98 68 47 45 29 -5 -97 -5 -62 31 17 -86 -3 -76 -70 -18 54 -79 92 72 -12 12 -97 -7 -65 34 91 -45 -45 -65 -98 -26 -13 76 29 84 38 28 51 13 -32
-63 47 -13 -68 57 -73 49 40 -12 56 -19 50 61 37 44 -78 -26 11 92 -67 60 -92 43 -32 -61 77 96 -20 -88 -38 -86 80 12 49 53 -37 59 93 -51 38 -61 -7 -97 -36 44 49 -7 -20 15 -53 74 32 9 21 -11 61 -88 -10 -2 41 -50 -40 -13 83 34 -12 83 85 41 -60 86 -82 29 -91 19 -46 -59 8 -66 17 -93 45 87 -28 -67 -52 81 -92 31 -20 4 -81 63 9 -36 -27 29 3 4 55
98 -26 -44 94 13 -92 9 97 57 63 3 -46 14 -98 -93 99 -67 -49 -57 -86 -66 41 -82 29 37 -85 -41 -46 -8 -75 -18 9 99 74 67 62 -62 -78 97 -68 21 53 65 -64 16 12 -74 27 -74 16 16 -75 18 -75 -87 -57 24 63 -41 -18 -57 -6 -36 10 16 0 -10 -4 -100 86 22 -13 10 7 83 -38 2 -88 57 75 -50 80 1 -25 50 -6 23 17 -58 66 -78 45 31 -37 44 -10 -88 30 53 72
-4 86 -71 52 -14 -62 -70 1 -11 85 -62 17 -49 -63 -17 -47 -42 70 21 -50 -97 -92 -20 -45 26 6 -91 -57 -52 -40 -39 53 -82 -29 -7 51 -62 95 90 -22 23 -57 29 22 74 -68 59 -81 -11 60 33 0 96 -72 19 7 -76 18 22 -47 48 90 -72 86 65 10 -27 50 -71 21 -83 -36 7 -47 -30 64 -65 -59 -71 -62 -12 36 40 -14 19 -58 59 -42 95 -75 70 -90 8 -55 18 -85 82 55 19 86
-68 -59 92 68 79 -31 -33 15 -58 -24 -37 48 93 52 -43 81 42 -32 -25 68 78 -13 -45 -61 71 -94 47 52 -88 22 -33 81 24 -93 25 -31 -43 -40 -90 -82 90 83 63 72 46 29 -66 -94 50 28 85 -20 -86 73 -96 89 38 -35 49 20 -12 32 -98 -23 32 -26 -33 -45 77 39 -23 72 80 38 26 13 -77 95 -16 -5 -46 1 26 -93 11 -20 57 49 -85 15 13 80 -23 -97 -10 -20 93 32 -10 67
96 -52 -75 30 -42 -32 -72 93 61 34 -43 -52 -72 47 57 79 -57 -25 -39 71 53 27 -62 95 -34 -53 59 -27 -12 90 -57 -77 28 77 -13 -53 31 10 85 83 66 -73 8 -98 46 58 -23 81 48 74 69 0 79 80 0 -32 16 -55 -98 39 -31 85 84 23 16 81 -40 36 17 -39 -19 -83 83 -7 40 74 -32 -36 60 52 10 41 -26 88 -50 7 -98 62 65 81 -46 45 -3 -79 -99 -1 54 -83 29 1
23 -83 69 -67 42 9 -20 -97 -11 85 50 95 -88 -19 -33 48 43 30 -97 -94 7 -59 -35 -58 -90 -5 23 12 -11 -99 -83 -81 1 -70 -27 -23 -90 44 81 73 -31 -22 -22 -9 -98 27 55 -43 60 10 -70 63 19 -42 26 30 28 -56 59 70 -59 44 76 -10 92 73 -16 -96 23 35 34 -38 98 85 -89 -29 52 16 -49 92 -41 -11 -89 -23 -47 -95 30 -81 -35 -15 5 -94 17 -26 -71 -66 66 -43 -100 27
39 36 -67 -41 -13 64 -85 86 -62 50 33 -96 11 84 -44 -74 -6 64 9 5 87 -54 -21 84 -93 0 21 42 -26 -32 -91 69 -8 -1 39 -15 87 -40 -75 -4 -88 -10 90 -67 -54 20 -12 39 50 33 34 -54 14 -27 -99 2 90 -100 76 -89 -77 -36 85 -24 -52 -4 -42 -15 -5 13 43 -78 -66 -81 93 64 -23 -3 -71 -29 25 52 59 -99 -1 15 13 -13 -49 25 -28 45 -7 -54 14 21 74 46 33 -8
-6 6 -93 -30 -84 -79 50 -14 83 -30 -98 38 0 3 96 -64 -50 5 -89 28 11 -20 -78 37 62 -4 95 -8 54 26 -34 14 88 -35 97 46 -40 -99 -30 61 78 -66 43 42 -28 -54 78 73 -87 -65 -69 76 90 27 78 44 0 -58 50 -32 50 -42 -39 16 55 58 24 15 72 49 63 4 -40 56 44 -1 -41 -100 -99 74 -33 52 -83 74 -10 33 -8 38 54 30 -15 -24 28 21 91 -38 -92 -49 -14 -68
27 -78 97 62 -81 -51 98 -42 -9 -72 -87 -89 -85 -15 58 -72 -93 87 79 -98 35 9 -96 89 29 56 0 10 8 -43 47 -60 66 -53 15 -69 -87 71 91 -71 -85 -48 41 -73 -8 11 96 24 -46 7 35 -64 -4 -64 -30 -85 -57 72 -74 53 -37 -77 -1 91 0 61 -66 46 -95 -8 -95 -13 -72 -3 -31 47 -29 -19 88 -23 -74 -28 72 -16 12 -19 63 93 64 -41 -7 91 -46 -71 -28 78 -47 21 -66 18
-99 89 12 -93 -13 50 -11 -4 -42 61 69 -28 -89 -50 -37 92 -40 -55 -2 -30 -20 34 22 -33 92 48 5 62 -27 42 55 -90 8 6 -34 2 -34 -34 -34 -75 30 -42 69 -60 -87 -64 47 28 95 -59 86 16 50 44 -12 1 9 -45 91 -12 61 24 30 -68 38 91 86 -95 -84 -64 -13 79 -44 58 97 -39 -88 -67 -1 -62 -12 -42 -85 96 -11 96 31 88 -6 -88 -74 42 84 91 78 -7 20 24 83 83
-23 -40 -89 -14 -41 9 39 -54 68 -89 -85 26 -82 -21 -38 87 38 55 -17 31 7 26 26 74 53 -75 37 -51 8 98 -48 40 10 -59 -41 -99 24 -5 34 6 -35 55 43 23 21 -86 -68 9 41 -77 91 76 -62 -7 -6 48 43 54 7 13 -27 98 20 52 -95 -6 -42 50 -46 32 -50 69 2 46 20 83 -93 54 -3 17 2 -53 -38 -61 8 -73 -72 -37 50 -1 -87 37 -74 44 -19 88 -95 -4 -78 -58
-7 1 85 -3 86 -42 99 92 39 80 -65 -48 -85 82 -6 -33 -20 -100 -86 -45 42 70 -27 72 -19 -80 -10 -10 97 -82 -82 -83 -91 71 -49 -75 -2 59 67 -97 83 42 -96 90 -24 31 -51 92 35 64 66 57 55 -28 72 -19 95 1 -26 32 -73 19 9 -3 -57 96 87 -6 -39 43 43 -40 51 -4 12 -51 60 20 91 -74 23 86 -94 19 -49 -85 25 61 77 -49 94 21 -44 85 75 75 -2 -38 54 -100
48 21 95 -53 -79 -81 -97 29 94 -39 37 -91 75 16 11 -95 32 -38 57 85 -41 -32 9 89 -33 -10 13 -79 -49 -94 -13 -37 96 32 38 86 -100 -28 6 9 -57 11 -22 67 -21 -51 37 -44 -81 -68 69 -86 -98 -89 -42 -5 81 -12 -45 44 38 -40 -60 -4 -41 -78 -90 -99 20 54 50 1 -100 -8 -71 -39 37 81 -54 33 24 -19 32 -70 -64 -28 59 29 43 82 57 98 -43 -21 -5 -66 -67 -48 49 -23
-93 15 -21 -69 92 -84 -29 -62 82 67 42 -87 20 32 -8 -52 16 -9 88 89 17 0 32 78 22 86 -96 24 32 39 -47 -77 16 -76 9 23 -72 -91 56 33 80 -96 -62 57 95 -28 -33 82 -41 -74 -89 69 16 15 -78 -55 81 -62 -34 5 -26 -37 62 26 6 99 -88 -18 18 -37 13 -68 22 28 -5 -12 -42 26 86 76 -94 -71 -41 22 -31 -61 23 39 -27 4 -28 82 -81 71 92 36 45 16 -47 39
-78 -58 28 -91 70 -6 84 0 -35 -99 -50 90 86 -40 -81 -37 -84 -26 -66 4 -27 8 -13 96 70 -95 -54 -87 -94 -33 9 68 -40 -95 21 -84 -13 81 -40 59 79 -57 52 -60 40 74 75 10 -31 -26 -40 -9 67 -21 58 -45 -56 -6 68 -29 -10 62 2 -65 -20 51 72 33 -54 58 44 -63 -83 54 87 89 30 72 -34 82 -47 24 -71 -65 -95 44 -71 -41 -98 56 -51 74 34 -60 -72 82 -4 38 61 66
65 -35 16 -20 -71 83 17 87 37 -68 -63 43 92 65 -67 -23 -21 -1 31 -61 -44 -54 26 26 -29 56 99 7 -42 45 16 -91 37 -64 -16 54 -4 39 62 88 31 -20 10 -53 -19 73 63 -90 50 28 -97 34 -49 -82 -48 74 0 -62 -63 -41 -12 -93 -50 99 -80 93 -48 84 73 -20 -35 80 -73 -64 79 -60 -64 -64 84 -19 81 -37 85 -20 65 -81 37 4 56 -38 16 -44 81 8 -18 -12 -60 -81 -70 -25
-5 -34 -75 -54 -92 17 43 -52 8 32 65 -91 95 76 -78 -25 -47 78 58 -77 -40 32 98 91 -26 -62 -63 -48 80 -69 -94 33 82 -45 24 32 11 -42 48 96 -45 81 76 -64 12 9 27 83 10 93 81 -93 48 -64 38 0 -84 18 -93 -29 14 0 95 16 52 59 87 -6 -27 36 92 -36 78 -75 77 -86 -98 -51 78 -38 -84 -87 -65 66 62 -5 57 -36 -46 -8 63 18 96 8 -9 90 -57 -19 -2 15
34 -54 -23 -25 -48 77 -30 31 78 -95 66 -17 -49 -88 -4 -48 -86 87 -86 54 -42 17 -71 -75 -6 37 -50 47 -58 -71 51 -78 21 98 26 65 -22 95 -62 99 -71 -4 -69 15 -18 -73 25 94 -40 42 -35 -12 -69 -42 72 3 -56 -52 40 55 13 98 -82 67 -25 -20 5 73 33 -35 -6 -15 88 -46 74 51 -91 -25 -1 -28 -57 11 -76 -61 11 -66 -55 12 -15 42 -81 34 56 89 -26 -13 -20 69 -21 31
2 62 -90 -94 8 96 93 -89 13 -77 -37 91 1 9 45 -6 -7 -45 43 -97 48 37 -57 -2 27 -33 6 64 32 0 63 39 -47 -6 -44 -86 3 -30 -21 -99 86 67 -65 -95 9 -99 -100 80 -27 -71 -53 -30 -43 44 32 -56 -10 -36 17 6 71 59 44 8 58 71 -5 -25 -6 75 31 -86 -14 92 32 -84 -12 -33 48 -42 -3 -85 -43 70 -2 -63 -9 -82 -35 65 -85 -27 86 53 45 90 -6 56 13 21
25 65 40 1 -9 -85 -85 -57 -52 87 -48 66 75 12 49 32 -51 -48 27 -57 -43 66 21 -13 -58 16 -4 93 29 -32 90 -82 80 -54 -18 7 24 98 -61 39 -91 45 31 -65 23 60 70 -43 -58 -4 -36 -30 -31 52 84 -99 -15 1 90 78 -34 77 -45 70 89 13 4 68 25 0 -70 77 -69 -56 33 -90 53 1 -82 7 -91 86 -81 -30 -70 -24 57 -28 92 -91 -93 48 -95 -92 -95 -39 -52 -75 42 97
68 -96 -30 -25 93 79 42 90 -3 -56 3 -51 93 -83 -63 58 -47 55 -47 3 37 12 -28 -98 19 -15 87 43 -97 6 -49 -52 51 88 75 -84 99 70 -80 30 -32 30 -33 -57 -22 -29 -97 -63 82 -41 57 -39 35 -29 -48 -25 -18 -57 -69 -77 -44 -59 4 -74 -81 -81 -12 -5 -37 89 -84 -87 72 -15 94 -45 -17 29 -84 -48 55 40 -50 75 8 -14 87 -9 -61 40 10 -23 -87 23 98 -23 -4 -18 79 -22
49 -17 9 54 -89 -57 -54 9 -78 -32 -50 -25 -29 58 79 7 -87 -8 77 -38 47 -75 -51 -41 71 -50 -3 -43 -81 9 -57 74 39 -51 -76 53 -92 23 40 -29 29 -35 -71 61 -27 40 88 -66 74 -1 -92 32 58 97 -7 -80 59 -82 75 -98 -6 83 -34 65 27 -81 -77 16 62 65 81 -57 -14 -97 52 78 46 -67 31 44 63 81 55 -69 -87 11 -67 49 51 -6 62 -63 70 26 -69 73 -90 -13 56 -33
-56 -67 35 91 -60 55 -18 -17 38 51 -17 -32 46 -75 7 -26 93 63 40 40 -2 60 44 -99 46 58 96 0 81 -69 -24 -27 -78 75 -37 -96 -33 -66 85 10 -25 61 96 -8 79 23 -22 -57 80 19 4 -37 -53 21 55 -37 -69 59 -85 -45 -30 -62 95 -92 -28 91 92 39 -19 47 -66 83 69 -41 -64 42 45 59 45 37 94 -35 50 -98 -92 -57 51 -19 40 -30 -49 30 50 -13 67 63 -79 -60 -28 -100
19 91 -10 -55 -94 18 -79 -16 21 -54 64 -93 -11 -55 29 15 -18 64 -92 38 -62 -15 -72 98 4 76 -63 82 25 -17 40 66 -99 80 9 -49 64 -87 -2 50 80 -54 7 94 69 -100 84 -23 18 27 -99 67 -8 -29 26 55 -92 -15 46 -7 21 0 30 39 97 -33 70 1 -76 -72 -73 -41 63 95 27 51 35 28 51 -65 -1 -61 99 55 -76 -86 70 71 -94 -69 79 75 -63 70 -7 83 -6 -71 -69 -77
63 -97 -32 63 -82 -49 -24 -38 -45 47 -72 -34 88 -7 -15 36 -80 -96 46 -28 -67 59 58 39 -66 30 -69 20 96 -46 -30 13 4 -22 -42 -66 89 50 -81 -96 28 30 84 88 -83 -21 38 57 -71 25 48 -55 37 -12 78 -39 13 -31 -78 47 23 -32 -6 33 -76 -90 -40 -42 -10 -55 -71 66 -31 89 -85 -57 20 -28 -32 64 63 -28 -93 72 90 -92 -77 77 -30 40 51 98 -73 -19 71 -62 -59 -8 16 -93
47 27 40 11 56 53 93 46 40 65 94 99 -15 -55 80 -80 38 -40 94 18 98 -88 16 74 -64 -36 9 13 27 -84 -11 52 -89 -3 -64 70 -22 -48 -36 -31 -40 -64 -26 -44 -48 -4 30 -27 -46 -65 -23 -29 -94 42 51 9 -30 -49 49 15 -9 -5 65 -25 -83 -27 2 76 -61 48 67 38 79 -20 89 -15 2 23 -79 29 -3 95 -54 4 45 -15 -39 -11 -81 80 -70 34 -90 96 -19 98 -84 24 -25 -10
27 -18 -1 -63 -12 44 10 39 -59 44 47 66 52 -59 -28 77 -52 -8 -98 -38 42 -11 -59 -58 -91 -9 35 49 35 27 91 -6 59 -41 11 29 -60 -45 -9 -50 38 -64 -20 59 44 22 -96 26 81 -4 -72 92 -11 -28 84 7 -9 -29 24 -93 39 28 -19 -70 -89 83 31 72 -88 47 6 -61 -19 -24 -55 66 -54 21 51 -42 -22 18 -2 36 61 -92 -2 -83 -16 94 88 9 -5 64 27 13 -60 -88 16 -60
54 -27 -79 43 -77 46 -97 -49 -12 -73 -54 -17 -90 -10 0 91 -28 -23 -9 41 -80 80 11 8 60 45 -75 -20 79 -88 58 -26 -79 43 85 -26 -73 7 -4 28 -12 33 -17 43 -60 83 24 53 -64 82 -48 80 -28 69 38 54 -8 93 -33 -88 -96 9 -99 -52 99 73 -12 0 33 44 -88 -99 46 1 39 94 -11 96 79 -60 -21 -82 21 24 80 85 -32 -75 -51 -91 21 -88 -47 -7 -68 99 -29 -48 95 -9
-10 -63 59 -14 7 42 -92 -51 -94 39 16 58 46 -36 43 69 -23 -53 -89 -94 -74 -1 58 55 13 -24 61 58 -65 -37 20 -61 -53 91 40 -29 9 -92 -4 35 62 53 -17 -87 -52 59 -21 53 -30 -37 7 -93 8 7 23 15 -58 59 29 99 96 -2 -47 -98 -33 -54 -52 5 63 56 14 -82 -13 28 -67 96 84 -3 -63 -8 -72 91 -76 -57 71 -18 -23 72 73 -20 -38 -62 80 -91 -26 34 -82 75 53 -19
-79 -44 -51 13 52 90 28 61 46 -58 19 62 -57 61 -4 -60 -3 58 55 78 -100 -12 89 84 4 94 64 27 -32 -39 84 -16 60 5 73 31 0 57 -61 -14 33 -19 -91 41 31 11 -30 36 -98 35 98 17 -30 50 58 18 13 2 -94 -77 -75 -96 59 -31 33 90 -91 -84 -68 -65 1 23 50 -61 -39 -13 -35 -47 -81 -30 -85 -83 23 56 21 69 -94 -15 14 -64 -61 -23 82 -70 23 -11 -20 71 34 14
-20 95 82 3 27 1 -46 -78 -55 -81 21 96 64 -75 -87 27 -37 -38 15 57 83 -76 -66 -12 38 -48 31 -78 39 -48 -53 48 59 -28 -58 -10 -64 59 16 -17 -50 63 70 19 -83 76 -3 31 24 -52 80 -95 97 99 97 -95 96 -51 -31 52 -75 29 -46 47 15 -45 54 83 -60 81 87 -20 48 49 30 -94 15 73 32 89 25 -75 -69 -14 13 84 -22 -18 31 78 -62 -40 62 -62 -32 29 -36 -27 -19 -62
-89 -86 8 90 -19 7 5 -72 -88 64 -90 98 -62 -31 54 40 50 -38 -34 18 80 61 -66 -25 -71 27 -20 -61 -51 55 -97 -21 -52 -24 -18 -42 -20 -83 -15 36 35 14 71 22 89 -72 57 -33 -49 -71 -80 57 13 71 22 4 -98 -8 98 -100 59 -90 90 43 62 0 -20 68 42 -97 75 49 -33 79 -90 -55 -80 -79 -35 53 33 61 -4 1 -73 4 -87 69 97 -55 47 5 57 65 -56 65 50 -73 12 9
57 -54 41 62 97 -50 46 -26 35 42 -64 -98 96 23 -68 -78 80 -26 -49 4 -81 1 2 52 24 -56 -82 -21 90 -21 -45 87 52 63 91 -45 50 -40 -24 45 -9 91 -75 -73 11 92 -98 87 -94 -39 13 -19 86 41 -5 -71 34 94 -51 45 71 -18 -33 35 -44 95 -30 76 62 90 -57 -92 73 -84 20 56 14 14 -53 -100 -37 -80 30 -6 65 84 -51 -41 -59 -82 58 63 52 30 25 -21 -1 58 -90 -44
-83 -97 -32 14 36 -13 8 43 -88 99 -4 -10 74 88 86 -30 -76 -17 26 67 -94 65 39 -8 61 21 -34 -16 -41 81 25 25 -24 83 -7 78 65 -5 -60 57 -87 33 52 -20 41 84 17 11 -59 -15 43 -55 -58 -74 62 -42 91 -11 73 9 -53 -15 76 61 -98 -68 91 14 -21 11 44 -19 35 -70 49 71 -99 7 31 17 22 50 -86 -15 -9 80 54 -76 -37 -41 71 14 84 45 39 49 21 -97 67 -100
79 -92 -19 -78 61 44 -99 -24 -96 5 82 80 72 -53 -57 -9 86 12 86 4 -40 10 -67 68 97 -7 -18 42 56 -78 -6 85 46 10 9 14 -8 50 63 27 -86 9 25 88 -72 -57 -61 -91 61 76 76 2 75 -100 8 47 -7 82 96 -61 95 14 -21 4 -52 -58 56 -61 91 -51 -93 -81 -95 -19 -26 -41 59 66 33 -33 -26 -5 -88 49 50 15 -8 -47 9 27 -76 -45 79 -34 -53 97 -92 80 46 35
-47 -46 -11 -53 90 -57 50 61 10 -3 -51 57 59 65 37 -83 -63 -92 51 -32 -49 88 24 74 60 -50 5 52 -79 25 42 -57 -53 61 -89 24 -1 97 -95 0 -31 -36 -55 24 76 52 56 22 -66 30 -48 32 -30 47 -38 -63 69 -80 -18 -77 49 -2 -82 14 0 80 39 -34 41 -67 51 -16 -33 93 31 66 -38 -10 86 14 -91 -47 -21 -37 -83 -72 49 -100 -89 -1 56 -91 -89 -77 28 3 -34 13 -91 -94
77 43 -52 88 92 19 82 -99 29 -93 82 -24 47 56 48 -55 -45 5 49 97 -32 -82 2 1 -49 -74 65 -47 -15 68 67 93 3 -14 -84 -51 69 11 62 16 2 55 -71 23 -64 -80 68 -22 -28 7 4 7 82 11 -28 15 45 -27 -42 -98 -18 33 66 -31 86 50 69 41 9 -52 -62 60 -92 16 -88 -75 12 -1 1 49 -75 -60 -52 -92 -83 63 35 -45 -58 -21 -19 -4 75 26 64 -98 79 97 46 34
-45 -88 -71 15 -64 -31 -50 -66 50 36 94 -39 75 -98 -69 -100 76 61 81 -76 67 44 91 -59 35 31 39 -3 -80 -83 53 -1 -34 -2 -74 81 -98 -79 -31 76 73 -100 -59 27 22 -66 51 91 85 -69 64 89 -39 12 -88 -12 23 -12 -76 -60 56 -51 -8 97 -36 74 68 24 -48 -36 50 -51 57 15 -71 41 89 55 57 56 -25 1 10 -16 23 17 -33 -15 -30 -91 -75 -62 -59 4 -23 -50 -22 51 36 95
-49 37 11 8 99 71 -41 -13 -12 15 10 12 -42 42 74 -2 -89 78 15 53 67 -9 -19 -24 32 95 1 52 19 54 -85 60 -24 2 -13 -24 -23 19 -72 45 85 -69 83 70 -95 -62 -99 33 95 58 40 -14 -76 -21 -13 21 -59 25 -89 41 41 -6 -7 1 48 24 -21 48 -14 9 74 -93 52 45 -56 72 98 -73 -85 -37 -54 35 -17 13 83 -69 -49 -1 81 36 37 14 95 65 61 18 75 22 -14 13
9 -26 46 9 -48 95 -81 -4 52 -15 -40 87 60 -72 16 -64 79 -55 -6 -23 32 -65 -63 -27 83 24 24 11 -93 -10 -10 52 -43 -21 -49 -70 -41 -84 -11 12 -67 44 -54 72 -78 -67 -28 7 13 -58 65 89 98 -1 46 87 -90 27 32 -3 -49 35 -12 -41 53 -4 79 93 -24 -1 15 42 68 -26 -100 93 -2 78 -34 47 21 -96 89 19 77 -43 59 -7 69 -77 48 69 50 46 94 -74 11 53 21 -55
87 12 -75 -26 66 -13 52 -32 -77 22 -59 -79 -52 -68 6 -73 73 -86 7 60 -26 -90 71 17 4 -92 -33 -98 -16 -28 -63 50 64 18 83 58 29 72 67 -73 -94 40 -51 8 9 -32 -7 70 -92 85 70 94 63 -42 80 -86 78 74 -58 -63 -1 60 -10 -83 65 -57 -58 -62 92 93 -16 75 98 64 63 66 99 89 -87 69 30 -97 3 82 -40 64 -15 -75 -79 -93 91 -54 29 67 -68 -18 -42 76 89 -3
-94 -59 -96 72 31 -30 -65 -4 -11 62 -58 38 80 -33 -47 -56 52 43 -34 -97 -31 -79 -48 -13 -39 86 -90 -14 -25 -71 -39 -50 -89 -40 -15 -73 -89 -81 78 -62 -7 80 4 95 -82 -22 30 36 -47 73 18 -5 63 35 23 -42 2 92 45 -30 -53 25 9 54 -7 30 54 95 -42 -56 19 -61 -96 18 -70 -87 20 62 99 81 -38 -69 -90 99 77 19 29 -48 23 -33 -55 -7 1 4 -92 -2 70 -88 -44 -23
88 -14 7 -82 16 -74 38 -61 73 49 -68 4 87 74 21 -92 30 -20 68 13 -44 84 91 -81 28 -40 -88 74 61 -56 57 -35 -27 -99 97 11 -47 54 96 -85 68 60 -26 93 -45 39 -15 20 59 -43 21 7 55 -5 -26 -90 61 -80 78 29 -14 -71 -4 -1 -39 51 47 40 -91 -84 -77 -49 68 -95 52 -11 -29 -96 -22 14 4 52 -61 27 -50 -52 12 99 28 70 -24 -1 -86 64 -94 19 55 4 -30 -63
25 32 -10 2 -15 70 64 2 -29 -41 -1 -63 28 -59 -88 -27 -41 81 68 8 11 73 75 -83 -50 -98 -76 -94 54 22 -55 18 2 50 -69 62 -36 81 -67 -78 -80 -96 30 51 -7 0 -20 -55 -15 -97 89 -92 91 -51 26 35 -31 79 31 63 59 -71 33 14 -74 88 22 -100 -88 -7 61 -67 -59 77 -36 95 0 38 -86 26 39 15 69 -9 32 -53 -78 -78 -29 95 73 26 -76 -99 -71 -91 8 -27 -85 96
43 -57 9 -34 12 -70 84 -39 -63 -1 41 71 89 77 48 -96 76 -34 3 -83 -18 -84 60 23 97 36 -5 -19 67 17 71 2 -65 -75 -37 46 24 -44 40 -45 28 17 18 -52 -21 -4 -65 15 57 94 40 -52 11 -54 -14 -37 -34 83 58 -54 28 5 -31 65 -37 86 82 -74 72 -34 36 88 13 -83 23 1 -42 -24 25 25 -33 -99 -42 23 -2 -2 -35 65 -21 -23 -86 77 -67 -39 -83 92 60 65 -90 -95
-60 -100 -41 -26 -23 93 -1 -49 65 -78 -17 -17 86 -46 -66 93 -37 -11 -25 -43 -100 91 45 17 47 -31 7 -3 69 36 -68 99 28 -80 -54 -3 16 23 -75 -11 46 -37 33 79 -40 6 -99 38 -95 -3 -37 -70 2 33 -39 79 -89 68 -43 14 -100 -79 -81 -49 -15 76 -51 -19 69 -29 51 -74 -81 58 40 -71 -89 94 -36 -2 64 20 -82 -80 73 26 -34 92 -18 57 -38 -84 0 34 -75 -42 2 -24 -81 -59
-32 38 68 2 7 -69 33 27 -78 42 -21 24 -82 -53 25 63 83 -36 -14 95 13 0 -13 -88 28 -14 22 81 31 -82 -66 -92 41 -26 -88 82 6 1 31 31 87 87 2 71 78 16 84 63 -70 -23 -50 -7 -88 -86 -34 83 -85 93 79 -74 -89 22 72 -41 -80 20 56 52 -91 97 -5 55 64 33 60 78 -18 74 -54 -31 -44 18 18 -4 -49 11 -49 40 -26 63 -12 -40 -11 -36 -1 -38 -94 -52 -3 96
-68 -100 -70 -94 67 -12 22 95 -53 -72 -67 66 75 21 -62 41 14 26 6 -61 -36 -10 -22 -2 -35 83 -78 6 96 -2 20 46 -92 -80 -26 -39 51 -64 57 -16 -98 32 -99 0 85 -71 -53 57 11 -53 -8 -37 69 -89 -34 -35 -20 -65 -58 -19 -7 -75 52 -11 -60 -63 29 -79 -49 -77 -64 -27 -95 57 -3 -69 12 50 99 68 22 28 -17 -95 -1 -50 76 -40 -70 60 -19 9 -53 68 22 55 0 -50 -36 98
82 -88 48 81 66 93 -27 -75 18 67 49 78 -97 -61 94 -18 47 53 82 -39 3 -54 54 -49 -63 -91 69 62 18 -73 2 1 81 5 64 96 42 4 -13 -28 -55 29 -32 -20 92 47 -5 17 93 -86 -91 31 25 -72 -70 -32 -55 -61 51 -84 41 -92 -22 -31 -62 37 -50 -63 -47 -74 -28 -24 23 91 -5 -22 1 -86 -33 -73 -40 50 -76 -8 91 98 -13 25 -34 -60 43 -60 94 -41 31 -43 23 66 71 -80
66 -21 53 -59 48 -74 35 -87 24 5 -9 23 71 91 71 88 -28 -28 -66 -55 10 -81 70 76 -23 -72 -29 -3 42 -72 -84 -4 -16 91 -82 -80 -32 -56 2 -53 -2 -59 -71 93 -48 66 8 2 -59 19 97 -99 -78 71 44 33 16 30 93 9 25 22 -36 -69 -16 81 -81 98 -65 -75 -99 -78 92 -44 25 41 38 -18 5 -28 -14 -20 -25 61 -98 51 -53 -6 33 28 19 -43 61 5 -67 10 -25 78 -53 -32
91 -50 63 -91 -50 -37 0 24 -92 -2 9 -21 20 34 -7 53 15 29 66 -56 -43 84 11 -51 43 90 97 31 -80 71 34 24 43 -75 -8 -36 -89 -83 -39 -42 45 -45 24 27 69 34 50 60 53 66 -41 -91 -80 14 -95 66 -43 20 95 99 29 -89 -45 -65 60 15 -66 -39 25 -23 -96 -46 6 -29 -50 -77 -17 -99 22 -58 -58 48 -51 16 44 -9 16 -69 -6 -79 -60 65 92 26 19 -74 38 -36 39 -72
31 92 50 -40 -20 -98 61 74 -23 67 -41 -92 67 -84 91 -71 0 8 -21 -91 -70 -63 47 0 38 68 -65 51 13 22 -86 -42 -10 90 -71 21 -73 -18 51 -86 -66 50 -1 -54 72 -68 68 -79 88 18 40 83 46 31 20 78 -12 -30 8 96 25 35 29 -38 49 -47 -52 86 23 31 -96 -8 -28 -43 59 -58 58 -63 44 78 65 45 -46 -60 -29 -63 -54 -32 77 -98 -9 -46 94 -31 49 88 14 31 71 -33
76 -27 77 -43 27 -34 -60 23 -22 10 22 85 2 54 61 9 70 -18 5 -75 92 -24 21 -6 -17 -66 -90 -13 5 10 93 42 8 -2 84 -74 -83 -79 -35 39 86 86 90 9 7 -86 94 87 -16 -99 62 -55 -51 -55 35 -14 -4 -84 -84 -27 -48 -54 4 1 7 81 -94 -5 -27 -72 -78 55 81 -33 44 -78 22 90 -30 -17 -56 -12 45 -41 -51 -89 69 64 -30 85 5 23 49 -3 83 -67 -50 -13 39 -56
24 -14 88 26 -28 -40 40 -3 -91 -85 -88 74 62 3 -79 22 88 58 -91 -60 -24 18 96 50 9 -95 60 10 -87 1 -72 -96 -38 -53 -78 89 36 48 52 -19 87 60 97 97 -64 8 -34 -97 16 83 -22 -43 -40 -93 9 30 -63 -58 -91 94 -35 -42 22 -24 -100 54 -37 9 -27 7 20 -44 29 87 57 -52 46 -95 -3 30 17 46 21 -17 86 -81 -62 -70 -83 93 25 -66 72 -3 98 -36 28 96 -100 99
38 -98 -13 57 45 -49 93 78 -42 -65 72 47 -3 -32 -8 -86 -20 -79 57 -51 8 67 36 26 -26 6 43 96 51 -43 -44 -72 -67 10 35 28 -10 38 -20 73 -81 -27 44 -86 -32 -36 98 2 -9 -5 82 88 16 -52 50 -80 -52 -92 2 -19 10 -12 -88 46 -87 91 13 -29 -29 -93 -34 29 -30 29 78 2 31 -66 -22 35 15 -89 -59 7 -4 20 -100 79 56 -67 -79 23 57 -50 46 15 -8 -68 -20 85
-22 -13 85 43 -16 24 88 -5 -52 87 -73 -76 98 -36 30 -65 5 98 10 -61 -72 4 -33 -75 43 35 1 -45 -93 -3 -59 35 60 67 21 -32 92 18 95 -20 -89 -26 -73 -67 9 82 -38 -43 45 -61 58 99 88 32 81 -100 -66 82 73 22 41 -9 69 -15 88 -85 -87 -40 74 -83 49 -61 -13 1 -37 85 49 -19 -57 95 96 3 41 33 -79 -62 -85 37 -41 72 92 -89 -16 -96 -86 84 51 -16 -42 46
31 -16 58 -67 98 33 -40 89 -23 -57 -5 -59 85 45 -76 2 -57 86 32 -24 33 -36 94 51 -28 96 67 11 -6 12 76 16 -52 89 66 -74 -4 -48 -10 47 -64 90 19 -65 51 -53 31 -88 17 4 -12 -76 62 28 21 -33 -14 80 47 94 64 -97 -31 -4 21 91 1 69 -29 -53 -90 -89 38 2 46 -31 50 22 -21 12 -40 -11 58 35 23 91 -41 86 -73 38 66 1 -85 92 -63 -9 65 18 -53 -29
-10 -21 -9 -13 -70 -29 64 83 11 71 -86 84 6 19 -33 87 -74 93 19 11 -83 -44 9 -65 -81 -32 -6 -67 -91 -18 -88 -67 8 93 -31 48 10 13 12 -32 -49 -35 -64 27 74 -74 -37 -36 -75 -67 -30 -44 59 20 -70 -48 85 -80 -43 -91 -93 -77 -21 94 18 -1 72 76 -22 89 70 75 -85 65 -38 59 76 -8 5 65 -86 -48 -69 15 2 78 44 36 68 -69 24 -86 -45 -9 -58 21 11 84 24 -59
35 68 -33 5 -36 -72 81 49 98 -43 49 56 32 -64 -42 35 12 -6 35 -91 66 1 -47 -78 -29 -70 -52 -56 -47 10 92 -54 -7 -55 5 82 4 -92 -81 53 99 35 83 42 20 -100 -37 -42 -24 41 -80 63 -54 17 56 88 42 55 -22 75 85 -21 0 -47 -38 -88 -66 -34 89 -33 35 58 57 69 -73 61 61 84 -65 95 -71 27 -56 79 -63 61 -43 -22 32 -86 52 -22 18 -17 -27 -74 67 9 77 75
76 68 -84 -46 -15 29 84 52 67 62 -11 76 66 -93 67 43 -67 -35 -56 41 -14 -54 80 -46 -1 -14 97 -42 -78 -88 -90 -5 10 8 -48 -99 -28 59 -95 -37 -5 -5 74 -41 70 3 -33 83 -77 -47 67 -61 75 49 -32 51 -23 -99 -10 40 -15 -6 -1 32 -45 -1 59 -9 -44 -19 -20 53 96 -74 -74 26 -10 -44 67 22 -42 -50 48 97 -11 0 -91 32 -97 40 -85 66 5 -82 -88 24 -64 65 90 15
-6 -11 -98 -50 -15 -26 -14 74 92 21 9 -90 85 39 90 81 -54 -63 27 29 53 66 -85 73 -48 -59 -58 -50 -91 22 78 -89 19 -82 35 25 -31 8 -49 30 77 23 57 -57 -85 45 -36 -98 -33 79 66 -67 12 -37 -26 -63 10 3 21 -55 -57 -43 51 15 -100 11 -96 86 -4 4 -29 -24 52 51 35 6 -11 -72 -42 12 71 -60 -98 32 -79 97 54 -85 -56 31 72 -33 -11 31 42 99 -18 9 -9 88
-21 6 28 6 -27 -8 97 -92 -12 -50 -23 -95 28 90 -26 -57 41 82 96 13 -68 -76 -33 -16 -65 -92 69 -42 58 29 -55 -72 48 36 28 -26 -91 23 -71 -91 -64 -34 36 23 -63 -51 1 -15 48 -87 -39 -15 -62 -38 25 24 77 57 -60 -75 -97 66 54 48 -1 93 -65 -3 3 -17 48 7 -67 57 56 -65 -87 -42 47 97 41 71 -77 -72 16 10 -12 -18 22 5 95 98 55 76 -38 -21 -8 -95 5 -47
20 22 18 61 21 25 71 -94 -12 -63 -66 -83 6 -1 40 -77 -77 41 2 -65 99 -32 52 14 90 -67 -6 36 -69 15 -57 -46 -8 -69 43 92 -89 61 -16 -67 10 -59 93 -29 79 61 -41 -5 -100 -60 51 9 92 67 -49 47 68 68 72 91 87 27 -3 9 18 25 -63 -64 34 65 -36 66 97 84 -58 1 -92 -16 -98 91 67 -10 27 54 1 -72 -24 -4 41 48 -74 42 86 61 -86 62 -15 -6 93 63
-20 -78 32 57 -38 77 91 -47 84 -26 72 14 34 23 34 17 87 -69 -23 39 25 23 -17 -41 86 8 -14 17 -78 -98 68 64 44 73 92 -4 -35 -67 -85 -22 -41 8 -29 81 7 94 36 -86 -4 40 -14 -51 94 18 73 -55 -21 -16 30 -35 -46 70 -99 -37 33 -38 66 -37 54 16 -2 31 25 -44 -43 48 -79 15 -45 -74 -9 -56 44 41 68 35 -66 9 -97 11 -34 -98 -27 32 15 -42 26 67 58 -92
-65 -98 59 76 20 19 29 -23 49 5 -5 -72 -37 -44 71 -16 69 3 31 -79 -6 38 -21 30 -15 -85 77 15 -52 -80 -9 -55 85 -65 1 -39 63 12 49 41 34 35 -13 -58 -78 11 66 23 66 62 -87 -55 13 -24 4 -95 58 44 35 54 -60 4 83 55 56 -99 -4 65 23 55 -73 -60 -14 57 -59 -83 -14 35 -18 -50 11 50 92 -77 -45 67 -98 12 16 63 69 24 69 -10 83 -92 59 -68 89 -3
28 66 81 74 15 -47 -14 44 -73 -35 41 42 -19 -70 0 49 -40 94 -12 -1 -99 -42 32 -42 -58 -4 6 -6 -55 82 7 -2 31 70 52 -93 -88 0 55 74 -11 -95 64 -20 -19 76 45 36 0 91 -33 24 -31 -93 80 7 82 91 54 -50 -64 45 -10 -71 35 25 83 53 -13 61 -79 43 68 10 -88 -22 29 -51 -1 -78 88 50 33 98 51 -20 96 13 58 -1 5 -71 81 74 -39 -84 50 94 43 66
23 -40 -90 -27 -54 73 52 -88 51 -33 -91 -68 -99 -64 9 41 14 84 -80 -83 -51 6 96 28 47 -69 52 78 26 40 -40 -96 1 -78 -48 34 60 59 51 -81 92 52 -38 73 -75 6 -66 -38 -54 7 -26 -76 2 54 0 28 -10 46 23 -78 -93 89 -93 5 53 -13 -72 41 66 95 11 -12 33 -13 -27 62 -8 5 -9 66 -72 -30 30 76 29 1 94 -68 -71 -87 -37 43 -31 -57 64 -69 75 -82 75 -46
77 -87 18 80 -11 27 -86 67 -11 44 -1 -63 -37 -42 34 69 74 48 28 -40 -78 -75 4 -4 -100 45 -82 -57 43 -63 14 -18 13 -95 -92 -51 61 -98 87 -82 -42 15 -96 -28 -1 34 -68 -4 -48 40 -68 98 -44 -64 65 56 -80 -90 -80 76 64 -99 38 -25 84 97 13 64 70 -13 78 -68 93 52 26 -51 -37 34 -90 17 -81 37 -37 -20 -44 -68 65 19 30 40 85 -39 28 68 12 -41 -56 -83 -41 -29
-80 -89 -12 32 84 -49 69 -88 48 -58 -73 -77 83 -69 -91 54 16 -91 50 45 76 20 49 14 48 -60 -25 -43 69 -64 59 43 41 -55 -54 -86 36 -71 -82 27 78 18 72 76 36 -95 -40 28 97 -13 -33 71 25 96 77 99 78 -30 -6 -5 51 67 69 61 97 -58 75 42 -44 9 -6 -27 93 25 -74 -54 -92 9 -18 -86 25 -63 -77 40 -74 -43 59 31 -56 37 -42 31 51 23 37 -12 -20 -99 -12 -95
