-78 -39 -64 0 -74 -31 -2 90 39 76 -84 -89 24 0 -59 95 63 -62 -66 59 64 39 33 34 31 -100 -51 -22 -100 -41 28 -42 60 88 90 26 19 -15 27 6 -18 -78 -49 -22 70 96 -43 -3 -19 -13 -2 -33 50 -45 63 -100 -82 26 8 -52 71 -78 33 -6 17 -24 67 -29 9 -95 -80 40 -75 73 -66 3 42 -5 53 96 -65 -98 -44 28 -17 32 51 7 -64 45 -21 61 69 -55 -56 -99 -26 10 41 -70
-27 52 66 -3 44 -51 -35 -99 17 42 40 -48 -95 -18 -98 -99 -95 86 -81 2 66 -33 -1 3 74 89 67 -91 -74 -42 -42 30 -70 86 -3 -94 -49 76 -22 -92 -19 30 -11 -4 -53 -94 -68 16 -44 -51 -42 34 -56 -34 30 -48 -51 42 70 -22 65 -13 93 -41 94 79 -53 -10 -95 -90 91 50 -99 -28 -78 -23 2 94 57 -50 -33 11 51 15 70 -21 -77 -87 -21 50 73 32 26 10 56 -29 -3 75 38 66
27 19 -13 1 -72 -21 -75 55 -36 -77 53 -48 -89 54 91 -8 87 35 97 -18 -7 -57 3 20 68 65 82 21 50 -9 31 25 33 78 12 27 99 21 72 73 95 -45 -67 12 -55 23 63 -69 23 -63 77 28 -13 19 91 95 -37 90 42 32 -85 88 36 36 85 34 -19 23 43 95 -77 9 26 -75 -56 -32 -75 -86 84 -96 78 -53 -28 52 -8 59 -13 -14 -27 -40 30 3 95 59 -69 -38 -8 -99 -17 21
-38 -83 13 74 39 -44 -56 90 -74 -45 -43 10 12 71 64 46 71 -41 27 -98 -20 -35 -2 -36 -19 61 53 -22 56 -23 -17 34 20 -18 -71 10 -77 49 -65 25 28 71 -21 46 -74 61 57 -46 96 38 96 -4 0 39 -12 -83 15 -67 -84 44 -97 -26 -61 -12 56 4 -36 -48 -65 -67 27 25 -45 37 52 -78 -55 -37 81 -95 -54 50 -60 53 -3 57 -89 -45 -75 24 47 -1 -58 -65 -85 42 -40 -67 -92 99
-6 -50 -33 90 -85 -62 -24 63 -84 -47 -47 82 48 -21 -80 -85 3 -41 -65 -76 51 22 -38 55 20 32 80 64 18 7 -14 -55 60 -41 14 40 -91 -1 -66 -44 18 58 -22 -64 -32 10 -77 -57 24 -77 -20 39 97 58 19 -65 -65 -15 -93 -97 12 33 -35 56 84 -60 20 1 68 50 32 68 73 44 -16 7 33 77 29 39 69 56 -88 -99 -6 -29 -41 99 -45 27 60 13 68 -83 -49 -6 95 4 -20 -49
-74 -18 94 17 -55 98 -1 59 -72 -75 -7 74 -27 48 -80 -80 72 59 -48 67 -99 -63 14 37 43 26 73 -58 36 16 6 99 -93 -9 3 -47 -94 -68 -3 -8 31 -70 -10 42 96 67 71 31 51 85 -30 34 14 -4 -19 -52 1 44 7 39 55 54 -53 53 58 -62 83 62 87 48 -64 75 -70 38 85 22 91 -24 -39 -93 85 -82 67 2 -93 -3 -77 -63 93 91 -69 85 -86 -77 -93 27 18 28 -80 -14
99 -87 -40 15 -15 95 4 10 -30 49 55 10 67 90 -89 -83 32 51 61 -61 17 -77 14 2 -21 -6 88 36 34 -23 -11 -40 -56 16 -23 -50 78 -36 32 -53 83 93 -33 -97 -48 -54 -67 -94 73 83 38 -87 68 32 40 -23 86 44 99 40 17 -69 -59 -81 35 -72 -5 50 12 72 96 -72 49 99 -91 97 14 0 12 14 -49 41 -35 30 88 62 45 10 9 74 77 90 91 55 48 68 93 -74 86 -95
-14 -65 93 53 -61 84 -7 -12 7 -44 80 -63 97 20 -12 -80 -35 -61 59 8 -90 91 -35 -28 -10 33 31 31 17 15 -6 -47 -68 -77 93 92 25 11 16 -73 -19 55 -22 -45 -63 -20 -6 -20 -91 -26 20 62 -70 -99 -67 62 -70 -56 -23 -35 37 30 33 -18 78 -85 -92 84 66 -59 -74 -88 -42 -1 -79 -98 -96 -57 78 -100 35 -9 67 39 59 40 74 -7 -5 -32 -49 26 -72 23 -68 91 94 75 -6 -78
-100 -90 -4 -85 86 -7 -16 55 23 -84 75 47 -9 -28 -20 55 6 -78 -63 -18 -91 -85 5 -64 -72 75 -35 99 -40 -23 -72 82 -43 -93 60 -12 -28 -81 12 -94 -94 45 93 22 62 53 2 -26 -42 50 10 -76 -52 42 -9 -63 21 -52 84 -32 -17 52 15 83 92 -87 43 28 64 86 -54 -100 -33 -72 51 -39 36 -69 -36 48 36 -28 88 -73 35 16 -28 -68 -17 76 57 14 -39 2 92 92 -91 21 31 -43
60 55 97 -84 -16 52 -53 36 -87 -22 89 -36 -34 86 14 -78 -9 -64 -14 -51 30 56 38 -6 -61 -53 -87 -80 77 97 -21 -37 61 -10 -63 -38 61 31 -60 -76 25 -50 -82 16 55 -56 -31 34 48 15 36 79 -14 -72 0 -27 -80 -38 -92 -52 -79 5 95 50 63 73 18 -40 -74 57 20 76 28 71 95 -50 94 33 32 -46 34 67 -50 97 -42 -87 -30 25 -41 -68 -63 -16 -19 15 14 -51 77 99 -17 64
-46 64 -54 -48 26 19 87 -93 28 -39 -92 90 -49 -92 24 34 40 1 89 -100 89 -92 70 3 35 12 -3 16 -66 -80 37 91 -69 69 36 12 73 62 -93 -71 46 37 -4 73 -2 -94 37 41 -1 14 54 -45 -99 69 19 77 63 73 61 28 15 -57 23 9 -8 57 -15 29 -89 10 -43 -81 86 -39 56 -30 99 40 84 38 -3 -55 4 -53 64 -82 -50 -23 95 -59 15 -71 22 78 47 41 66 -48 -83 -35
47 -19 48 38 43 -76 -91 71 6 16 68 -82 53 85 -25 -5 34 56 -8 64 20 -12 -63 15 80 -46 -87 -99 92 38 -80 52 -75 -65 -58 4 -52 73 -12 13 75 35 -91 -34 81 -89 3 26 12 -20 8 2 -39 -48 -54 8 -87 71 -18 -89 -49 -10 -93 15 38 82 42 -98 26 -63 -47 -61 -6 -56 -31 -99 -55 0 58 -1 10 69 68 -59 71 14 13 -22 64 -27 65 -95 -9 -44 -95 -84 55 -39 -61 -65
88 16 86 -9 -12 86 14 -30 52 -78 -70 -53 -62 78 31 -12 61 20 -9 99 97 -94 7 29 58 99 -9 -42 72 -23 -1 -39 47 -97 48 -30 98 2 -29 80 57 39 19 0 95 -16 -39 -91 71 70 48 28 67 -40 -52 -75 23 80 32 -10 -4 -71 -100 39 -24 -7 70 -69 -94 -16 84 -63 -65 74 -34 71 38 44 -95 -53 -30 95 55 -26 -93 6 -7 50 52 -65 14 58 -83 -16 34 -17 -46 -69 -19 -72
88 31 -68 -92 98 49 42 39 24 94 -88 3 -78 -63 -13 53 -89 0 33 88 -20 -51 -49 -66 -26 70 46 -36 63 -95 -13 -26 89 13 68 7 -63 -40 42 84 73 21 -11 83 88 29 2 -52 70 -58 -6 10 -60 49 -25 91 -38 -3 76 -48 53 -86 -89 27 7 -99 2 -50 -99 -79 -67 -47 -67 -28 55 82 -100 51 94 -54 -72 0 -100 -65 -16 67 0 84 39 -7 -25 -21 36 -58 51 10 65 70 70 17
-7 -94 21 -14 -46 8 11 -50 21 -73 -33 -82 -98 -25 1 -62 -97 26 54 72 63 70 12 -51 -70 88 63 -4 -100 -67 -38 -13 -49 -30 42 -9 -51 19 -34 15 11 35 -88 83 12 50 27 67 77 4 -3 31 -14 -1 -39 52 69 72 -11 59 -47 -83 -91 74 -15 -22 -36 -40 -99 42 5 89 98 -36 -15 92 38 63 17 25 -44 23 -2 -89 -91 41 77 63 52 -64 -38 97 86 84 -71 -31 43 61 -70 69
-9 -65 69 -88 94 -99 -76 59 -38 24 89 -80 8 -32 69 -51 -53 43 -59 77 -64 -37 -35 19 -34 97 -50 -82 -3 64 95 53 98 96 -72 57 76 18 -8 -77 -86 22 0 -86 40 -51 85 30 -42 77 98 -92 -21 -83 55 -33 -3 -53 -76 -7 -82 -63 47 -80 -31 -85 -65 47 -29 -29 77 -37 -44 -20 -81 -84 39 61 53 47 92 -98 48 51 24 60 -50 -29 -42 -61 10 63 -85 -84 23 59 29 -48 -47 20
-92 64 37 1 -23 5 -80 66 -90 -44 -34 -62 45 -3 12 2 -29 78 92 -1 26 89 -38 -75 -62 -29 -64 0 -18 30 -29 18 -21 2 -85 12 28 -27 23 -44 -77 98 37 6 -78 -43 32 26 -64 -88 56 49 95 -43 60 -54 82 -80 -75 70 54 -75 95 28 -40 90 31 65 -83 54 -15 -45 -26 -66 27 34 -30 78 -57 -53 47 -90 16 29 -10 -82 12 0 87 -32 30 -64 63 70 93 87 -72 -6 -94 -70
59 67 -47 -75 -36 -67 -26 17 69 18 32 58 -64 -74 17 78 9 35 -44 -32 -40 -39 5 -63 90 -8 -42 14 -20 10 -52 78 -41 72 37 61 64 17 -47 -49 99 94 42 -23 -5 -2 -5 56 83 12 47 70 17 94 -29 -14 -10 86 -84 -82 86 41 9 89 57 -66 -79 69 3 -25 -37 -53 91 79 3 53 -59 3 -4 -54 -18 -86 -73 8 -71 -9 43 -84 56 -29 15 -14 -81 -92 2 -10 19 56 -39 -56
-33 -28 23 9 21 -28 49 -14 -64 85 3 -49 81 -67 -5 40 -6 -54 -68 -66 -49 -24 72 -19 -45 85 -70 99 0 16 -81 52 21 -55 -56 -7 94 -79 -35 -23 79 2 -22 57 -8 -27 -45 -63 -72 -98 13 82 -88 -43 -29 54 -82 2 -88 6 88 84 89 -60 -19 -82 73 56 49 -16 74 -78 36 -86 -17 76 -26 -14 -97 -92 -16 62 -82 -15 32 47 22 -96 44 -99 -52 50 -79 3 -41 -100 -100 -15 -75 -56
-16 -9 97 66 -95 -98 6 -51 -87 -32 -100 -16 91 22 -62 -51 -28 58 25 -31 -84 -84 -90 11 -75 84 -68 -20 -36 -10 26 -8 -4 -100 -11 -46 -77 88 56 -68 -87 -45 -72 -5 -19 49 -65 97 80 -23 -56 -66 19 46 92 75 -13 58 -44 71 46 35 -27 92 -88 -32 49 0 -51 43 -88 -94 -34 65 -13 -35 -90 53 84 -74 -23 -90 -32 -65 5 -13 15 -62 -61 4 -90 53 15 37 -27 48 67 57 -39 -43
-35 -48 75 -50 68 26 -3 -25 -29 -39 -25 6 63 -27 -86 -96 10 11 63 7 -50 51 7 29 89 -58 -18 -96 93 -14 21 44 -39 -77 52 -14 78 -94 -66 -21 -27 92 -69 -50 27 0 -39 -72 35 78 98 90 36 36 19 -95 10 -56 54 -18 -26 -12 33 -58 76 -73 27 -39 -65 -48 -72 87 -92 93 -69 26 -67 -23 66 88 82 -48 -3 97 66 9 -77 1 -98 71 4 63 81 59 -97 -93 3 -69 97 -79
-30 0 -64 -77 -81 2 51 -5 -19 -7 -86 33 36 93 -68 -79 0 15 -19 34 -46 1 -9 -5 -5 -2 45 72 81 -53 79 -20 -63 -80 54 34 38 -5 -16 82 17 77 60 -71 14 -99 -55 -25 -69 -76 -34 -68 17 -40 65 -17 67 80 -67 33 74 92 -19 33 91 50 -97 29 94 64 74 -77 -51 45 -74 52 -97 -64 -21 10 18 75 32 55 -82 -68 30 -44 -58 -100 -49 30 37 85 66 -34 -96 -79 -17 -18
-61 -19 -74 97 78 76 -77 77 -59 93 -90 59 -84 26 34 37 -100 -83 -31 -75 -6 45 29 -63 84 77 71 11 6 45 -79 -90 -17 93 -5 -40 -63 50 -65 -100 -4 99 -32 57 -41 -39 -50 -97 -30 -88 -60 -94 -92 -32 -80 -1 8 98 -58 -5 -84 37 -79 -5 30 -23 -22 43 -20 -42 64 16 -67 32 -69 -46 92 52 -83 46 34 23 -59 -66 55 30 41 -22 11 76 -95 25 -64 -15 98 34 70 21 57 -3
-72 57 2 28 -40 70 91 99 15 -89 21 92 -47 -81 -24 63 0 66 11 93 -23 -74 87 -64 8 81 62 -90 -23 50 -5 -47 76 -38 35 -93 -87 -78 61 -89 -41 -50 41 35 1 98 33 -94 -19 64 1 -9 7 -10 -69 -27 83 95 -96 32 -54 23 -46 74 11 16 64 -39 77 22 86 73 20 42 -24 60 -57 -90 72 -45 8 -8 29 41 -49 46 36 5 -63 35 63 -49 -81 -30 2 -42 -28 95 -24 -56
64 54 59 -29 31 -92 96 43 -56 8 -61 -62 67 34 -10 -70 73 2 32 -63 -66 -45 86 -3 -99 -63 -88 45 82 71 -65 58 72 -13 44 5 -17 -16 44 -28 -30 -8 -5 46 -20 -59 -60 88 -83 -48 -80 -34 -19 -90 52 -6 54 7 -80 -27 -85 45 -36 -9 70 -73 -40 48 64 44 -93 76 10 88 -67 90 -31 -19 -33 25 -76 -2 -48 -49 12 78 77 -86 35 -64 -14 43 91 -16 77 85 -82 98 61 29
90 -35 -69 79 39 66 96 -3 -44 16 -69 25 -13 39 25 34 66 16 43 35 82 82 -73 50 20 75 52 90 -1 22 71 56 66 13 79 -26 -30 72 3 -78 -96 19 92 0 -71 31 -28 69 -16 -72 64 37 -36 81 59 86 -31 35 -55 -20 25 1 58 -57 -34 27 8 65 93 38 -12 30 -26 84 91 94 82 -97 -46 -23 -3 95 60 94 -48 -19 64 -14 78 64 -49 73 87 60 86 25 -55 -18 54 73
-17 -19 8 -7 -96 -24 31 -38 -27 82 21 30 -94 -79 -73 -8 -59 -74 -77 -73 -78 25 -93 -13 26 -7 -11 -57 9 -53 87 -41 97 13 -76 -59 -37 59 79 25 -74 12 -34 -66 -7 81 87 37 1 -98 -42 41 -80 -12 -13 -46 16 63 96 -71 -64 89 82 -6 61 34 34 45 -90 99 -95 -11 -66 -66 -40 74 22 -20 -27 31 70 -52 39 -87 92 -5 -41 -41 9 -1 47 -63 -41 56 55 -46 -33 -78 -45 75
60 8 -71 -13 81 -28 73 40 -36 -2 -77 94 12 -1 19 31 46 4 54 89 55 -5 -50 -92 34 -58 4 -14 -49 92 -4 40 -82 24 -47 -4 7 43 -75 -94 55 -39 -13 54 -57 -49 2 -12 31 63 -54 47 57 73 41 -39 -84 -3 -69 48 31 -87 56 -89 -73 99 73 62 82 -29 64 35 24 65 -37 67 -33 -50 33 -65 37 46 -66 42 33 56 20 -70 -26 -25 77 -57 -73 -25 -90 -90 47 -17 15 6
-70 44 91 13 35 -83 19 10 59 27 -9 3 -60 29 -100 -1 -92 43 -60 70 50 -90 -4 -61 70 8 75 79 68 -25 -76 61 -95 10 46 -9 61 -41 -57 -34 -29 10 18 4 -43 -54 88 38 -59 55 81 -92 -38 41 -53 95 3 -31 85 -36 -13 88 30 81 32 24 -6 97 30 46 98 -47 -26 89 31 16 -86 59 -52 -28 15 26 96 -3 -51 23 -3 -25 34 -92 -47 -34 -19 -61 68 29 98 -37 -59 -91
72 49 90 -72 29 22 51 66 51 -41 28 62 9 -7 26 -72 85 -83 99 -28 -100 -20 -87 -26 83 -94 -99 -75 -56 22 -94 17 -40 7 -28 86 -97 -100 -37 -17 -56 -22 96 39 82 31 95 -72 38 -8 21 77 -58 38 -25 3 79 -44 91 -56 98 91 -82 -73 -49 12 90 66 11 -92 -47 32 24 -29 -75 15 -96 18 54 3 -26 62 -31 -81 -11 98 95 -82 -36 49 73 83 89 -98 -4 44 2 -18 -30 -21
47 42 99 86 -36 -57 80 -30 49 87 51 10 35 59 -18 34 52 36 -80 93 -72 6 -83 -54 1 -74 9 -32 44 23 80 -70 43 31 16 29 -91 -31 9 -32 74 -28 -53 66 31 -46 25 -91 62 59 45 -11 21 -78 -96 -55 -41 -77 18 94 -36 -71 -69 -9 14 -91 -17 33 79 -34 69 17 -4 17 50 26 -31 48 35 -25 93 0 -67 -30 -13 25 -97 71 41 -49 -8 -92 -65 -83 -7 48 49 -39 -72 27
-70 29 -76 -86 -65 -93 -78 57 21 43 94 -86 -29 -87 40 32 -93 -47 -11 3 -63 -81 5 -51 43 12 -18 -75 72 -43 83 1 34 -90 72 -4 23 94 49 -79 -46 14 -75 -90 -58 -59 -95 33 67 -19 -40 -85 77 53 -85 -89 59 87 12 -57 66 14 13 64 -40 -22 42 -87 51 -18 -7 43 -98 37 95 -68 67 -59 21 14 61 -62 -22 34 -52 -10 8 -86 -27 -89 0 5 -71 53 3 52 -89 -3 -76 -42
-44 -4 -14 -74 -92 -69 82 19 87 50 13 -44 54 90 33 -72 -14 -27 -74 -9 29 -58 7 -94 40 -9 38 -73 -16 30 52 -67 7 62 1 -27 -53 4 6 -90 -35 5 81 32 -52 -7 -64 -24 -76 16 26 40 75 31 23 -4 -32 52 -59 -53 27 63 -17 26 10 -99 -23 36 16 57 5 16 94 -82 -96 51 -77 27 -80 48 16 74 73 -76 -40 -78 -64 -15 -56 -90 84 -70 50 -21 -43 88 36 -10 72 36
96 79 51 -22 -95 -55 91 75 93 -52 89 99 75 22 -14 3 -60 6 45 -4 -70 -16 13 -73 90 3 98 88 -78 -7 75 -13 58 88 77 68 6 98 13 -78 44 92 82 42 -78 -35 96 -27 61 -3 -65 47 -89 33 57 70 77 -26 -77 -65 -30 35 70 0 39 -37 52 23 -68 41 -42 7 -44 -25 30 -32 58 -36 -38 87 -57 28 96 87 -2 -46 62 -30 12 -76 -16 55 67 -33 -9 -74 -58 -98 61 65
-4 19 10 98 -39 -28 95 18 85 -90 14 -10 45 97 48 -15 -39 -85 -78 87 -72 -78 44 76 -65 -79 1 59 5 -69 67 -47 93 -35 -31 48 -80 3 -11 54 -50 31 -66 92 97 12 -74 -65 -20 -77 -87 -58 61 -3 62 30 -9 -28 81 -54 17 43 -36 85 55 62 -52 45 -54 25 82 30 -15 -39 0 -25 -26 24 -99 -1 -47 -52 17 -90 99 -98 15 -4 -2 88 31 98 14 60 62 0 -8 89 78 -56
-91 56 -12 62 90 -49 -57 -72 79 48 -75 -1 91 -57 13 -78 18 51 -41 56 36 -68 -9 28 -76 -41 -40 80 50 78 -36 7 -72 -50 14 6 -59 -23 28 -11 -19 -23 -54 -68 -100 -40 24 63 5 -64 94 -57 58 39 81 57 -39 29 -54 -47 -89 98 -46 15 -2 -28 -22 -22 22 45 -58 93 -50 -13 -84 -15 39 46 27 -97 86 -68 22 -10 -8 -46 86 -46 94 13 -48 64 92 -18 -14 10 -48 58 -26 45
-8 -74 -51 70 56 -75 31 -81 54 46 -1 29 70 -10 -49 66 77 13 36 95 12 -23 -96 -27 34 -81 -2 44 -80 23 -1 71 -12 -2 7 -18 -75 -61 -88 -6 18 38 -3 20 81 45 -19 44 -64 59 95 -82 21 3 -66 29 20 54 97 2 77 -60 86 73 69 73 3 19 90 11 49 -74 39 51 -68 -72 88 -38 -94 -32 -30 -61 -63 -85 -77 93 -75 -14 79 -43 -83 19 -20 42 -18 41 1 50 61 -79
-55 67 63 -22 -18 31 -57 -19 -77 94 -91 17 -74 13 -45 27 -41 23 3 -9 -5 -85 13 -91 62 -30 71 -31 6 -81 44 37 -27 -52 -21 95 -45 -65 98 -30 -4 30 -46 94 45 72 -73 -97 56 49 24 13 35 -97 92 -47 -34 39 25 -23 -18 32 68 75 -99 -61 51 -24 -13 -11 10 -66 85 -17 -87 -86 -7 -37 -9 -48 -99 -83 32 -81 -47 61 -65 48 -26 66 -79 -50 53 40 95 93 -12 33 89 -10
-53 51 -9 31 -79 -28 -54 57 78 74 92 -73 80 -82 67 -71 76 -76 78 56 35 -17 -19 -6 47 -14 -56 -70 -44 60 11 -100 -43 -92 99 46 8 -1 -62 36 10 77 -32 -80 -7 -75 30 54 -98 85 -65 1 -24 -70 -43 -33 -71 88 -22 68 58 -77 50 53 6 -31 -98 -100 38 86 -38 45 -56 78 14 -44 68 15 10 59 52 80 64 54 74 94 2 40 12 -56 -80 -90 68 42 97 -67 15 1 67 -22
57 48 82 25 -66 31 -67 84 -45 43 69 54 34 62 -30 24 -81 74 -37 -43 49 -92 -73 49 1 -46 12 -32 -63 61 -39 -44 -56 -51 54 -95 93 -55 50 63 16 34 0 -63 -2 -31 17 -39 -48 -100 32 52 -91 -64 25 -65 -76 -93 87 47 -63 14 88 -38 34 37 -10 -15 37 24 -75 -100 33 -3 -38 -25 18 28 -83 81 -71 73 78 94 -55 17 88 30 -58 41 92 92 -26 -97 7 39 54 -66 -90 -13
-34 -11 -86 -27 38 -89 -38 -78 30 -21 -94 -68 82 60 -60 -5 85 -77 83 -61 -56 -48 -46 26 -6 64 -47 19 94 71 -86 -48 -84 49 54 -70 93 75 -14 -4 11 5 3 73 32 -33 -91 45 -35 -73 88 93 -10 81 -29 -71 -91 51 -13 -54 -88 -45 72 20 91 30 69 10 1 -100 -83 -36 97 24 16 53 60 -100 82 -43 53 -46 -52 49 -33 -74 -21 -98 53 -23 -59 45 58 -92 -42 -22 81 -59 -58 20
40 -91 90 -17 -23 69 -56 -26 34 -15 96 6 -20 -37 -3 73 89 -31 -20 81 -14 56 54 78 -24 -21 87 -44 77 -7 57 -50 -24 52 -12 20 25 -10 39 11 36 -39 -60 64 -55 -75 48 -13 -18 -55 -62 77 6 -27 -95 -6 -6 90 -60 52 67 3 -41 -70 77 -10 -81 37 -37 -27 96 -9 -39 -6 72 18 -48 -61 99 18 69 4 -67 -1 -23 18 91 61 68 -54 -56 47 61 15 1 -98 45 -62 90 -74
-12 34 -35 -92 -95 -43 75 -23 -66 70 -36 11 -49 45 -4 -82 30 43 -44 28 -19 -12 4 41 -75 -24 -100 59 -78 51 20 -44 -61 58 -24 90 85 -20 -16 57 53 -2 -100 56 99 -1 -24 -76 70 -14 31 18 33 57 62 -29 95 -100 61 -12 -98 1 -37 44 5 -47 -31 -14 -75 -11 86 -12 38 -10 98 -91 -97 88 49 24 -15 -45 69 0 -67 -17 99 -63 -71 41 -98 8 -89 -62 -71 66 30 -61 69 50
-54 -88 -86 84 47 -62 -80 42 89 -46 -15 56 -56 -78 -28 -28 20 9 4 62 -89 -28 35 -49 40 -99 -23 -91 12 83 -80 -8 25 71 8 -54 75 -16 16 79 -38 87 98 72 91 -17 15 82 49 -95 -75 74 86 -15 94 -29 -99 27 82 -73 48 -89 37 -2 -66 -97 -55 -22 77 38 83 -61 20 39 15 -83 22 75 -51 -40 51 77 32 -64 -19 8 -37 1 62 -8 70 22 55 86 86 -76 -28 -39 31 69
-48 -32 50 92 78 -91 -88 15 25 -63 -27 -62 8 42 -23 -10 92 -53 -66 -100 -68 97 -2 -17 -52 19 -41 27 29 7 38 -20 -86 88 -8 -43 89 76 96 30 -17 22 22 11 16 -76 5 -66 -81 84 26 80 15 -85 19 0 62 -13 -21 -34 -3 -78 -99 -12 95 -20 14 58 -42 -76 -95 66 34 10 92 -80 10 16 31 86 -75 -25 32 39 -90 95 -94 58 79 -27 37 -25 60 -99 -80 90 69 -97 50 6
-83 -18 89 12 -69 -16 91 83 -76 23 -62 99 49 -67 62 -70 -3 -60 66 -50 44 71 -28 -16 -17 -10 -98 -71 -36 33 -22 -39 -28 34 -69 -96 -5 -36 -57 -9 -46 78 60 -1 18 -13 -5 -44 -80 -3 -67 96 -61 25 43 49 0 -48 23 4 -91 -85 -89 -88 59 -59 -49 -67 35 97 80 48 -60 69 -46 -54 8 79 -37 58 69 -73 -33 -2 81 -61 -40 25 -81 37 5 30 59 -82 -44 60 37 6 -62 38
-22 -35 52 14 21 -83 -46 95 -54 -71 27 76 40 45 -8 52 0 24 -19 -12 -58 -50 -46 -16 61 96 28 -97 -81 20 -100 8 19 -93 13 26 -95 -33 79 -45 -74 -18 97 74 -3 -77 -72 -84 -6 -59 -40 1 84 28 -1 -52 -25 89 57 60 -84 -11 44 -33 -59 -27 -39 52 -96 73 69 -26 -85 79 12 15 -13 57 -69 41 -44 92 -88 34 22 -96 -9 1 9 -44 66 47 13 -84 -47 -45 22 -34 -57 5
-22 -23 -85 -70 63 -82 29 -15 -24 -25 93 -75 89 -9 19 47 -86 -63 56 -20 3 31 85 -57 15 -78 -85 7 -28 -96 -8 52 91 86 -57 16 99 -55 -83 -67 29 15 -68 95 9 -16 -69 11 -1 -4 -98 14 5 -74 -19 -3 -37 22 -99 -54 4 52 -44 3 -28 14 35 98 -37 84 90 -62 47 50 14 42 -4 41 75 -67 10 -85 -60 -81 93 76 83 -82 -99 5 -98 56 -99 8 -93 -99 6 -38 84 96
-5 -42 -58 -74 78 -26 -94 61 5 78 -55 -98 -83 -37 -73 6 -97 36 -75 -64 41 -81 85 88 -72 -59 70 33 51 -12 3 61 73 86 57 -37 -61 -27 1 -27 48 -2 -36 78 -49 35 51 -25 -17 63 -21 64 32 46 -33 14 -7 24 86 0 65 -40 -14 -86 18 -62 34 -9 98 -17 -73 -94 35 19 63 -75 93 46 2 33 -97 39 -16 32 -82 -42 -11 -35 -90 -88 61 21 -39 6 66 8 -27 19 45 91
20 -85 -9 82 -49 -11 -10 -93 -56 36 11 33 -63 -84 -1 77 -62 80 -4 84 33 -67 -76 41 -48 90 -40 65 -81 66 85 -69 -17 96 33 -69 15 6 29 29 75 30 95 -46 44 20 17 25 20 25 -22 -60 45 -47 -78 74 48 29 -81 70 -39 21 49 -58 49 70 18 -39 74 47 -9 8 -26 3 -56 44 46 88 48 28 73 35 -60 -14 37 -94 96 33 80 -82 -52 -92 -63 16 -87 44 63 90 16 -69
15 76 -20 39 -24 80 8 51 3 93 65 -31 18 10 17 -71 -10 29 -34 -18 66 -66 -2 -15 77 78 33 -65 55 15 79 -36 72 -11 -78 -12 88 -97 -59 -31 -31 -3 -62 39 -7 -81 -24 29 38 -95 51 81 18 -91 -36 13 92 -44 46 -36 -61 -60 24 85 40 18 15 -82 57 -65 -90 -82 37 -54 97 16 79 -95 -89 9 -32 20 -22 75 18 31 -22 -71 -91 24 -29 -40 -5 67 71 8 47 49 94 -76
26 33 20 18 61 10 24 14 84 -99 28 -79 55 13 -48 -40 -93 -91 -60 -1 -52 -34 -20 15 -12 42 -88 -70 69 -37 98 -10 -37 -88 91 -8 10 -19 4 -41 -16 -47 -53 -57 3 -84 -75 -30 14 -99 -46 -29 51 47 -22 -11 91 33 -25 -47 45 64 38 16 94 -63 40 -9 90 -37 55 -55 -62 43 7 -47 94 -61 58 -21 65 -69 -77 -57 82 48 -58 -91 -16 99 -42 1 14 -85 -39 79 -12 -70 -62 -95
-60 -2 -46 -48 -57 -30 -53 3 70 -40 -42 -83 -25 -22 -91 -35 81 84 18 36 62 -73 44 15 88 26 27 -41 -97 3 96 92 56 7 77 -17 -94 -20 -50 -37 -10 28 7 56 75 66 73 -12 24 -38 -11 -43 -55 64 -14 -35 4 96 -62 11 -95 17 -74 -52 -15 -43 80 -81 12 -57 -6 -41 22 -22 39 25 -61 -67 34 -95 72 13 -54 -43 -97 6 37 -8 24 -5 -42 12 -52 -88 64 -26 25 33 -54 46
83 -4 58 -51 56 14 -62 -73 86 -14 29 -58 23 75 -19 -85 96 95 -17 1 -94 -27 82 14 -28 -28 4 -63 32 -95 -89 -71 67 -54 -37 -42 -94 -90 -27 45 45 -34 -13 49 83 53 -89 40 -89 1 56 18 43 -8 73 -24 -9 23 -98 -92 -63 -36 57 -66 43 56 16 -35 15 -78 77 27 -43 18 86 0 -68 84 92 36 35 -27 -41 70 -99 14 0 -10 -15 -77 37 97 -2 -18 -80 36 37 -20 25 78
99 44 74 34 91 72 85 51 -97 75 85 -82 56 -63 90 33 67 -48 84 -80 -16 -33 23 82 -57 47 -91 53 35 -81 25 -9 53 81 -56 -2 91 -20 12 8 -85 93 -14 62 -85 58 66 58 15 26 -90 -4 -48 -42 16 -69 -73 -39 -8 -53 -19 -81 -27 16 20 -73 73 -4 -50 96 73 -85 4 -76 24 -84 63 -11 81 7 -89 50 82 95 73 49 -52 -78 -16 -21 30 97 80 68 88 89 67 6 60 -62
-27 28 62 70 -18 57 20 48 87 15 35 88 89 99 80 -42 -44 -17 36 -89 -48 -33 79 66 44 79 -85 -11 55 29 -64 -77 -90 99 -78 30 -1 -68 -36 62 99 62 0 32 -30 8 -31 67 -68 -52 -25 -98 -75 -29 64 -50 -4 59 67 74 -3 22 90 16 95 -78 -67 -29 20 -96 -51 99 36 62 -69 34 -96 74 83 83 -34 97 34 -63 -56 20 7 -74 -15 51 55 -61 -52 97 48 -43 -3 -18 -72 55
56 -56 4 -42 73 35 -68 42 -65 12 -17 99 81 -36 -81 -92 92 -13 86 -12 -33 -75 73 -9 3 67 20 -91 69 28 -25 10 -75 -92 -2 60 1 52 -56 80 -37 25 98 64 -44 75 63 5 -43 0 -40 62 -43 32 15 69 -1 -91 61 11 -31 3 -66 75 69 -27 87 64 57 11 11 -2 69 -2 43 63 63 87 27 -38 -93 -14 49 -55 -87 -3 2 50 84 32 -48 65 -7 78 -47 -31 68 -24 76 -81
29 -35 -32 64 2 -57 -60 -48 -20 15 21 53 -54 17 -77 16 -80 48 96 -26 -73 -59 30 -10 15 -45 17 53 -22 -26 46 -12 12 99 27 -28 -61 -46 -83 87 81 23 -100 -14 24 -78 -72 47 -68 44 88 -79 -75 -1 46 10 89 97 -72 40 28 -99 99 -96 -7 66 -20 -14 89 86 22 -29 -91 81 53 50 -39 -93 59 64 -56 89 36 41 23 -99 54 -21 27 92 -85 91 1 25 8 68 -28 23 -7 57
-72 58 -49 -92 -91 7 38 -75 -31 -73 -86 32 -75 -45 -4 -43 -92 11 -30 -63 7 95 4 -5 98 -80 -55 -72 -92 -100 92 -38 7 -20 74 36 -7 90 5 -7 -97 -64 -22 -1 -90 -29 44 51 70 -41 74 -16 41 73 -2 -76 -98 -24 25 -63 -38 34 49 -14 -31 29 -36 26 -67 -68 82 -44 -44 -1 -40 63 54 -77 44 -23 -10 -33 -21 44 -8 -10 -75 23 -33 86 -21 -6 -69 -86 -19 62 53 -15 -38 53
15 -51 -81 -89 -55 -52 -15 -85 -83 98 -74 25 4 81 -88 -62 31 -55 -39 32 -27 -14 95 -77 -70 -23 -39 89 29 83 -76 -79 30 -66 32 13 18 -41 -14 57 -9 46 -36 -10 12 72 -38 90 8 43 94 38 -9 -46 -52 20 -63 -1 -24 -34 -70 -97 -39 35 -44 41 9 20 -76 13 70 14 90 -79 -17 -80 22 -84 47 -17 69 -35 7 29 66 -43 74 -57 -44 -7 30 -22 15 -13 -80 16 -88 -43 8 -19
-30 -43 33 -75 -78 24 43 3 -29 -76 -47 63 -18 50 92 69 67 18 67 22 96 95 60 99 24 52 87 6 83 10 -58 -95 21 74 14 -60 -51 84 -74 -17 -3 70 18 38 24 -95 -3 8 38 50 23 27 -64 76 29 40 -55 85 59 38 -4 80 22 -78 -64 -84 -67 16 -72 -55 -10 3 55 -44 -64 69 16 -79 -76 -73 46 -12 85 -45 9 -32 -64 2 -78 -97 97 2 28 69 75 -74 46 -27 -92 -71
-64 65 80 28 -53 99 20 -75 -50 12 -3 -11 81 -49 -17 -77 -11 78 -61 41 77 96 -90 11 65 -32 -99 55 59 -22 -79 -57 -64 -21 70 -31 54 84 -13 83 76 12 37 5 82 68 -8 94 56 -82 57 60 1 -48 11 -15 90 -17 2 72 31 40 -94 -65 62 -16 63 49 10 -62 -5 40 -49 -69 55 -89 87 62 -11 -43 9 28 -34 59 37 -57 -24 -32 37 -48 31 32 -49 -55 46 71 -44 -42 29 -37
89 36 -54 56 77 89 -36 -45 -55 -2 -83 17 13 33 67 -84 -37 30 36 -28 -55 83 -2 -20 -32 -11 29 -40 -54 -47 -54 77 -73 23 -4 -54 86 -88 -32 -58 -70 13 -96 -56 53 -94 -44 -35 49 62 -69 -42 -96 -35 -32 -19 1 38 31 -52 -63 -81 -37 42 -77 -12 -68 98 83 -8 90 -48 -81 0 90 -94 -13 -41 -26 -99 -8 -88 -49 75 97 10 8 59 -27 -88 37 9 72 73 72 -87 -63 74 -7 -14
92 -35 -77 13 38 58 25 -5 -71 82 43 1 28 21 -75 -89 80 -49 8 -6 -10 -93 39 93 89 64 -7 60 19 -30 39 41 74 71 -67 1 -66 50 25 21 14 -86 -71 16 75 9 29 53 91 -66 58 31 -31 69 -41 -29 -59 -94 -71 -13 76 71 -20 -38 52 84 92 -44 13 -89 61 -82 34 67 88 -32 -35 26 2 42 62 -51 -13 -85 -35 33 74 -30 64 -5 48 -67 -30 65 -40 44 -71 0 -66 -27
-77 -82 22 -92 72 -15 39 13 -18 -83 10 -95 -61 -34 -14 -42 -11 26 79 0 23 -82 -4 20 67 -35 27 -82 61 -100 53 54 24 27 5 91 89 44 -75 10 -80 -40 1 -22 -11 -50 -63 88 97 -37 -91 44 -36 64 50 -16 -39 -94 66 -44 -35 51 13 -77 -31 42 91 -64 7 -15 -12 -77 50 13 -70 -97 9 -57 20 35 -97 43 5 -66 -70 0 34 2 3 -51 -34 27 -98 -42 -32 -9 -54 52 -44 22
-6 -87 -42 45 46 -77 29 -23 98 13 91 58 -6 -23 -64 -53 -20 -91 33 83 -86 1 -38 -10 -87 55 -11 80 -30 -58 4 92 -19 -34 -16 -17 -24 32 -52 -4 -52 -69 -64 -46 88 -69 21 -9 -36 5 -46 23 -72 -30 62 22 20 -37 -12 -46 -45 4 -100 -91 -23 -8 18 -9 69 46 55 -4 -52 5 -82 -13 79 38 65 -57 -22 -78 87 94 89 13 -13 -2 12 63 -64 -1 92 47 -28 65 93 -7 -98 -69
-82 -59 -9 49 8 -89 51 -65 -21 -91 -23 -44 72 -79 17 1 41 -91 -48 -69 -73 19 54 48 -45 62 87 75 -17 50 -9 -66 -53 -41 -80 -29 -66 74 23 -88 -67 -20 68 -4 -7 5 -93 98 61 -54 91 4 51 -35 -81 -49 19 19 70 82 -26 -58 76 -52 -72 42 -89 -86 -64 62 -20 -43 17 -79 45 9 79 51 67 60 -22 24 46 27 69 -40 15 28 68 -17 72 -3 39 25 44 12 92 46 -23 35
16 -76 -21 -72 -96 -5 3 99 -63 -35 9 -76 77 25 -41 -30 38 86 -63 53 41 1 -8 -38 -60 -27 47 69 99 51 -7 10 -89 30 -42 44 -31 -49 6 -7 -9 -9 14 -33 -59 41 96 -93 71 27 -45 57 -22 -73 -91 -48 98 -22 34 20 -95 -36 -5 83 -13 11 15 4 -27 -92 -57 21 85 -63 36 60 85 18 -49 -53 81 -77 -42 44 57 97 -31 -37 -52 46 -68 -65 77 -18 30 22 -87 -50 95 20
65 -74 -11 72 88 17 69 24 78 18 77 -15 -64 93 33 0 66 -93 -5 -85 41 92 35 -4 -43 -57 -52 -26 48 -53 -35 -33 -12 -13 83 59 70 42 77 -94 11 23 -69 92 48 87 -16 -23 -6 -44 -23 97 88 38 34 -20 64 -74 22 18 -43 -90 -29 -20 -62 -58 -98 91 22 61 45 -91 73 -41 45 92 78 26 -67 -5 -28 -88 96 -76 -18 -37 -52 -42 -93 8 34 -39 -23 78 94 -48 -54 -9 -85 -62
-65 16 80 -75 -37 -14 55 -34 6 79 -90 -56 -87 -41 92 35 -15 -6 -53 68 -58 84 32 55 -26 92 34 89 -40 -26 23 -16 59 -33 -20 -19 73 87 95 32 31 47 -91 97 86 67 91 -27 -45 -68 -88 -19 -25 -48 64 90 36 -33 -44 40 -52 -52 83 -74 1 2 3 -11 -54 -92 8 44 79 -50 4 -31 72 4 -2 38 -83 -82 41 34 8 -57 -92 23 36 -33 73 66 71 -98 -22 -97 21 -22 -15 48
20 38 -6 68 -45 60 -21 -84 -95 87 -94 7 -96 94 -81 22 46 6 -70 89 19 -83 -69 94 -79 -86 76 74 96 91 -10 -25 47 -99 94 -12 -88 3 58 82 -79 13 27 44 54 -76 73 42 14 77 -13 -38 -31 -43 58 54 62 -1 78 -10 2 52 -66 -48 -92 -55 32 13 96 82 34 96 6 72 20 -43 55 -28 7 18 3 10 82 -99 -73 -28 6 -35 17 -64 -16 -73 -80 -95 -94 42 -97 40 6 50
84 1 -83 -23 -70 89 42 -89 -37 14 -57 -37 -40 25 24 -97 9 -89 60 45 -82 -28 -83 -97 -15 55 55 49 88 -23 -84 -46 81 77 -34 -31 28 90 85 -85 -92 -52 86 -12 -77 -76 61 -69 -92 -82 10 89 -66 2 90 -23 70 94 79 -71 28 -88 7 17 -76 -62 50 67 97 12 -9 36 -41 78 -80 10 30 -22 -47 80 63 -9 -22 33 40 40 34 16 28 30 49 2 -91 20 7 -40 23 -47 6 88
50 65 -84 -77 0 -44 81 -8 -64 -81 8 76 27 82 52 -17 -80 62 40 18 -81 12 -77 74 73 66 87 -8 -97 -3 -56 15 -52 -42 78 47 -52 32 66 65 41 15 -1 21 -67 97 5 -99 87 1 -18 -17 96 -86 -16 9 69 -19 -56 7 96 90 -82 -85 -80 -78 43 34 -62 20 68 7 61 33 -88 79 25 -79 84 25 -39 5 -8 -20 -61 38 18 78 -57 -77 78 -39 20 -30 -10 23 55 -25 79 -54
-27 48 -43 -20 -62 -88 12 1 -15 36 5 -68 31 64 36 60 -21 19 -42 -96 47 -30 -60 92 -42 -63 24 -93 46 -9 85 7 -75 -36 -45 -57 -69 30 -50 65 26 -50 -75 79 -45 -56 -32 51 -25 87 -29 27 63 -77 -100 -71 55 6 -33 -42 -80 -45 -81 -57 57 -33 58 96 13 22 1 -72 6 -14 60 12 -61 -41 -95 8 -70 -86 -36 -22 69 -77 -93 43 38 -59 -84 33 -38 21 11 -81 62 -81 35 78
-51 -6 -54 -8 -9 25 -10 -90 92 38 57 14 -57 -49 99 69 -47 18 92 53 -97 -90 -9 56 -27 -5 46 -79 -18 25 54 -93 -48 65 -10 20 -93 -35 -62 39 -65 -84 -59 -57 -64 97 88 -5 -58 -29 -83 61 -20 91 64 -37 -63 9 61 -57 -9 87 79 -14 25 -31 -56 -40 -78 85 32 -42 -99 42 79 78 -16 -66 57 -44 -85 38 62 -17 58 -64 -33 7 -38 66 -42 -88 9 69 -44 -81 17 12 36 77
-87 39 84 82 36 89 12 -86 -61 73 -67 -81 -42 30 -7 -83 99 -12 -93 31 63 41 38 -81 -53 -100 8 39 3 -68 42 -12 -17 -100 41 18 12 -14 5 -35 13 -78 -49 -69 -98 13 79 -12 71 -60 22 -69 -83 -67 -77 6 -76 -35 1 91 49 69 -43 -23 6 -33 -16 42 -94 -55 91 41 49 -59 -98 55 -8 74 38 -1 37 -95 48 6 -93 -12 38 1 10 -44 -35 -75 9 74 -3 -25 -62 16 -53 4
-22 33 26 -91 76 -69 -19 84 68 86 -3 73 -70 81 -88 34 60 63 -2 16 -62 -61 -60 92 -58 56 90 -13 -56 79 -10 -86 -72 19 74 -1 -19 32 -94 -20 84 36 -75 -84 39 -36 9 -32 6 57 6 -41 -12 -34 5 1 -7 38 -79 96 20 4 95 14 -92 -57 -69 33 -92 -98 -27 20 -24 -9 -60 43 -95 -52 -1 72 94 58 76 -1 69 18 -37 -69 -89 46 48 -14 2 -9 27 -90 -49 -62 34 -44
-13 -67 0 92 -11 50 13 -16 -32 -46 -37 -59 86 -67 -100 -7 -77 80 -18 -44 -70 -19 -69 62 -52 -98 31 -24 56 19 -46 36 -86 23 80 -11 -14 -77 -14 -47 -70 4 87 -18 -47 -39 83 -33 85 45 9 -56 -73 31 5 -6 -6 46 42 54 -34 81 27 42 -8 3 73 30 73 48 2 -37 70 42 28 32 -15 -72 -35 8 1 -92 -92 -30 10 81 82 -89 -14 98 45 66 7 -14 -86 -45 10 -49 -81 -65
59 -11 4 44 45 76 77 25 26 55 73 94 78 79 65 96 -55 15 1 43 0 -90 -98 4 -80 -68 61 71 -78 33 -68 -72 -53 78 17 93 -52 18 -46 0 92 30 66 -42 -41 -83 12 -4 75 -15 97 -88 50 69 52 -38 -59 -33 -8 99 -54 -91 -46 -79 71 -52 -73 -38 19 -96 -13 -29 -14 -20 44 -54 77 -7 -98 51 20 -20 1 42 -100 -72 -25 -80 -51 62 62 51 -74 -58 70 -66 45 79 70 7
72 -12 -24 -94 -22 64 54 43 -33 39 97 -21 -92 -39 -30 -22 65 -56 -46 18 -76 84 -4 -64 -24 47 0 61 -18 -91 -63 -63 82 -13 8 -35 95 87 -19 -75 35 -98 -6 33 37 56 74 -7 27 15 -12 53 35 71 84 -32 -27 70 -90 64 -6 3 -83 56 98 41 -49 -10 46 -5 37 32 30 -72 -63 -88 29 -72 -13 71 -76 69 -91 -96 53 -76 44 -70 90 89 0 78 53 -99 -28 -28 -18 -84 -96 89
10 6 -72 -62 6 -42 83 -93 -63 -52 70 33 80 2 29 52 24 47 4 95 37 -65 3 35 21 -38 31 87 -11 -62 89 8 -97 -28 3 24 -6 -30 42 -27 11 87 -41 1 6 76 -92 57 -97 64 -3 66 -11 19 -7 -39 1 3 -20 -43 -48 91 -83 88 -74 83 42 0 61 -9 3 23 50 -48 88 -71 47 84 37 89 -33 74 -73 78 72 36 -15 -21 36 -49 -65 -71 -75 -91 71 31 50 59 -17 -48
-7 -91 19 57 85 -38 21 -67 -65 97 -97 -23 -34 9 -33 44 12 -29 -32 -74 50 -28 16 6 85 -75 6 80 41 -43 88 53 97 89 -91 -87 -26 -34 98 -2 -20 40 9 76 91 -78 -76 50 77 20 55 87 -2 59 35 -36 1 22 35 -81 69 -24 93 -57 -40 58 -99 -57 84 -45 67 87 -94 35 70 42 67 -55 38 -19 43 71 -33 -42 29 -60 64 23 63 -83 12 20 -93 -58 0 77 -100 15 -18 79
36 8 -48 52 -40 50 -29 -38 -37 61 -68 -45 -44 6 -71 -93 58 16 -85 77 42 -28 -56 70 -59 93 -59 9 -12 -80 69 40 -73 78 85 65 -4 3 43 26 -8 44 -14 6 68 -61 -94 -77 -53 -90 87 -86 11 85 60 84 -70 -37 -20 -39 -68 63 -10 46 -11 -76 -84 79 76 -61 -36 43 77 -91 -43 82 -96 2 -14 4 49 51 64 -85 53 -90 88 -37 10 -52 -56 87 80 13 71 -6 -57 -80 -36 -34
-87 79 73 61 74 -40 59 -43 -5 50 -8 75 -6 -43 -22 -73 32 49 42 25 -59 -53 34 81 96 15 -4 -85 96 -2 68 -60 99 20 -69 72 -68 62 -1 -54 99 40 -99 -84 78 21 90 -66 -33 -40 4 64 -68 26 19 -8 -38 93 99 9 86 -84 40 26 16 24 48 35 -27 -40 -50 -33 -54 -30 35 79 78 -51 13 89 90 -67 82 57 -21 -52 -91 -76 47 -13 23 90 66 87 39 92 80 16 -81 14
-63 -1 -34 80 -4 -10 93 -30 -39 -8 64 76 -7 -57 20 -71 -40 -59 70 37 -57 93 -40 78 34 76 -30 -42 45 -57 63 95 31 -65 -69 31 -76 -60 -10 -17 -74 -82 35 -6 1 98 -13 -15 7 25 -26 81 -62 59 88 26 61 -28 69 -59 35 -38 14 -4 45 98 63 -92 -23 70 16 53 52 -90 -52 39 -66 25 45 51 29 -60 43 -77 92 -78 -74 -60 -39 -89 -81 -68 43 10 -65 -42 -20 47 -57 -49
-78 82 -92 -94 14 -61 72 -100 -97 94 -70 -49 -87 89 -74 -26 -11 55 -14 -99 35 22 -24 -100 -16 -100 17 91 -99 -6 -19 11 5 46 12 62 40 -23 84 -47 36 -36 -94 -62 29 12 -39 42 63 -50 -56 -45 -44 -43 -24 -20 54 61 -96 59 35 -8 -88 26 -38 -97 5 31 39 -65 -92 -67 -19 -27 39 86 -14 73 -89 0 70 -77 42 -24 31 97 -16 -46 -96 99 54 8 -73 -9 28 59 29 -84 56 13
-91 -54 -47 -93 81 96 -38 -34 -71 -17 19 -3 -44 -83 28 -34 -5 -16 -37 -18 -14 -11 12 -35 16 16 65 -90 56 92 -53 15 -72 -38 75 -98 -40 -13 10 78 -32 -81 23 -38 -44 96 -48 16 6 95 -62 30 -32 -42 -34 71 29 -89 -26 -3 -87 73 -12 75 -97 92 -46 56 26 -54 99 -49 10 -31 93 -79 -52 48 -86 58 -98 37 11 -6 60 36 67 -26 -50 22 64 -74 75 41 24 -36 -78 28 63 28
-77 19 46 34 -80 -99 96 94 16 -68 -47 98 -62 -37 37 -10 59 -55 26 40 -4 77 -42 -50 21 49 17 -99 43 -48 62 38 68 54 -25 8 -89 26 35 94 51 33 -33 46 80 -20 9 84 -43 48 30 -34 25 -16 -62 -34 -80 -81 -79 28 -59 61 74 -90 72 -12 -41 43 -24 53 -31 -41 24 -45 91 -36 33 76 -52 18 3 -70 24 -85 -92 -53 -76 34 92 79 -86 27 -100 47 21 -78 -92 -86 -14 0
-61 -57 -70 -21 -69 47 -45 75 -90 -56 47 83 90 78 80 -22 32 22 -82 -45 -36 98 -4 -51 8 -21 73 73 -79 12 -31 71 46 -5 -65 8 -1 98 -81 51 78 30 12 -7 29 3 85 -98 -87 -43 -70 -78 80 71 25 -53 -13 46 -19 -98 7 92 -4 9 69 -75 94 -48 98 71 -27 35 24 -24 76 1 76 -92 12 47 54 54 -86 2 87 88 46 42 -81 -41 -73 -98 -13 -97 36 -63 48 27 97 24
-88 80 -45 22 72 -54 51 -26 1 22 -74 -96 -76 -58 82 -52 -75 -49 -14 -13 69 -33 -83 73 98 48 -78 -100 38 -60 -26 57 -34 24 86 51 -49 76 -26 85 12 88 -13 -52 19 54 58 93 85 20 92 81 -60 22 -54 60 16 -69 -48 -61 85 77 -82 91 -39 -59 -64 78 -30 -92 64 19 -6 24 -37 -6 35 48 -40 88 -29 -68 89 95 41 19 37 -40 58 -40 10 -94 -46 -67 -54 29 -50 -76 14 -10
2 -9 -36 -37 -19 -70 -95 -44 -74 -34 -10 13 -14 98 -8 53 91 -99 42 19 35 31 -95 -10 -48 -23 -70 5 27 -13 -4 72 -77 -15 73 -2 -43 -51 -100 33 80 -5 64 20 -41 -39 48 78 -75 -71 80 -59 98 30 97 48 70 -46 41 66 -98 -67 -34 -28 -86 -9 14 -9 23 -35 -48 41 -48 -67 83 -54 26 -80 -3 6 28 -73 86 -72 -26 -1 74 13 14 84 33 37 63 7 -91 42 -36 -70 55 -21
24 -39 -12 -78 24 72 -60 79 4 -97 -70 -69 10 -22 -81 65 8 41 -39 46 -78 58 -45 -10 -89 -51 21 -42 57 95 -35 76 -8 -100 66 -23 -27 -46 -12 -6 35 -81 31 9 43 52 69 68 15 46 -32 -78 -33 40 90 98 16 -4 11 -59 -14 -24 -98 76 27 -96 43 0 -93 52 97 95 26 76 56 -23 50 49 57 13 -94 35 -76 -74 -15 -41 51 68 36 -47 -51 -56 6 73 81 95 -75 -50 69 -67
-7 -70 -61 -65 -16 81 -88 -68 -3 37 18 12 -57 85 -11 -56 -90 -29 22 29 -50 75 20 -78 6 -55 -5 -45 42 48 -40 -58 -68 -18 -73 20 -75 11 -88 -53 21 -72 -60 46 80 72 9 -14 53 1 -95 94 -3 51 98 66 38 -26 -54 -11 -99 6 6 14 -93 37 63 -69 -63 -72 47 -83 -53 15 17 -10 43 97 -31 88 -50 61 2 95 -14 -47 93 -56 12 83 -53 -54 -58 25 -8 -30 -100 -29 -49 30
27 6 98 16 -11 19 78 -38 53 70 82 1 9 94 -7 58 -34 49 -58 31 -98 -6 2 0 91 27 14 -85 -76 39 -77 -91 54 -95 -27 -100 4 79 96 -60 -81 -54 -67 -51 12 -91 -92 -16 -86 -73 -83 3 74 -42 70 73 6 -58 -95 80 -71 46 -98 29 3 -35 -73 -97 -89 -89 54 7 67 -5 -83 47 -54 -92 -73 54 6 69 -46 84 23 -87 44 -26 -94 -14 -83 -75 31 83 -52 26 78 -22 72 13
-86 -64 51 54 60 55 58 51 76 1 21 -100 68 -100 -19 -45 -85 -84 -89 -63 71 -32 53 22 -29 11 79 -89 -81 74 61 -14 -38 -54 -28 -26 -44 -10 52 42 41 47 42 -28 62 63 37 74 56 88 -7 89 86 78 95 -28 32 33 16 78 37 66 0 73 -92 72 97 -81 74 -87 -19 -75 -19 43 62 13 19 48 68 -95 -65 -41 97 86 -73 -32 -67 -30 -25 -54 -47 96 34 -50 93 25 9 -69 7 -79
-57 28 -87 8 -44 -57 5 -64 -51 -66 91 -7 -23 -84 -3 -72 91 10 -64 -13 63 -86 -62 -87 52 -39 -13 6 63 -25 -74 9 -78 45 -4 -60 90 -47 36 -42 27 28 54 66 68 39 -43 -28 -98 -33 -75 68 -57 32 -7 -87 2 -85 47 -46 45 81 -30 -66 31 84 36 76 -23 -36 30 30 73 -67 42 -92 83 -53 45 49 27 21 69 -40 -71 84 -44 -69 -22 -30 -52 27 -61 -10 -57 -50 6 -64 -77 -26
53 -51 74 21 35 -35 74 -35 19 86 -23 14 5 -66 37 -45 28 -81 -44 36 17 -6 -99 31 -23 28 -30 55 48 56 -5 9 13 88 -11 -52 15 12 -79 71 -35 37 74 -50 -34 -87 22 86 98 -95 -32 -79 -86 -74 -36 -19 48 43 -11 -45 82 -77 25 7 -11 20 -80 52 34 -34 -79 -37 -51 -84 -38 -36 -75 62 26 -68 56 38 -72 -66 -53 -78 18 -26 -20 1 -32 89 -1 0 58 90 44 20 90 16
-24 0 -50 62 44 92 -42 -61 43 -91 91 31 -67 -19 81 14 50 34 -74 -45 -28 -97 -32 22 -3 88 94 71 -16 85 -32 72 -30 70 57 -39 97 -92 -95 -51 51 75 63 -56 41 54 -32 -5 -2 48 -60 7 30 33 90 19 47 51 60 -47 -69 -92 -47 -47 24 65 -70 -79 -5 9 -4 -3 -1 -19 -42 48 32 58 12 75 80 64 13 -7 1 -48 -65 -3 -12 36 -78 -100 82 -24 -2 -15 91 7 75 -82
-81 -16 -100 40 -91 -47 -90 41 21 -20 -82 92 71 0 -25 -23 -14 -62 -54 10 64 33 2 -99 -4 62 -29 82 86 51 39 -33 35 -69 -24 -4 58 -90 28 1 -80 -46 -40 -69 -42 -33 -21 95 41 58 -32 43 -11 59 85 -96 -4 -99 25 93 -52 -27 -28 -57 22 -20 72 61 5 -11 29 -71 54 35 99 -76 -86 58 -37 -41 -41 30 -4 -16 13 -66 -40 -16 58 6 37 -1 -3 -66 78 94 52 -3 68 -45
-82 76 18 66 -78 -72 -62 -81 77 -82 61 67 -8 68 84 86 -46 -20 -64 63 44 -82 25 80 -74 -99 82 69 52 -35 -45 47 34 42 96 -9 -57 45 63 68 -6 16 77 5 61 3 96 65 76 21 39 25 -32 46 28 -64 0 -56 -1 99 -27 -12 95 31 -39 15 85 -91 -49 31 -43 -45 3 57 -49 -90 67 76 -67 -14 55 -43 60 9 12 46 81 72 -83 -57 50 17 -76 -66 -27 -46 99 -66 74 -76
