-98 -88 22 79 -49 -16 -29 75 92 30 -65 69 -42 55 35 -34 81 -69 -17 4 -83 -70 -45 -80 63 4 -45 53 78 -81 24 70 90 -63 -88 -21 0 27 77 39 0 38 43 -33 37 -23 85 80 94 41 23 -68 7 -30 45 54 -88 -36 -30 -26 14 32 45 75 -51 0 -31 88 68 66 64 -3 -81 75 60 -66 -99 -46 57 4 -25 -12 -67 -92 36 -46 25 10 -88 -24 -99 95 -85 -64 -12 -86 -41 -70 97 83
-40 86 37 55 -36 -94 -37 -47 25 -8 -39 -69 -89 9 15 -72 77 58 -70 -58 67 75 59 -73 71 -65 -86 -26 -37 -39 37 17 78 -22 -25 -80 1 -94 77 24 0 -46 93 85 60 -36 -92 75 -58 -8 -9 -52 -36 -50 -39 82 6 49 10 -52 71 -67 29 72 -96 -50 28 84 90 -99 -90 -69 60 25 -1 12 79 70 -79 69 23 17 8 4 -6 -91 -38 7 -2 -53 -60 -76 -78 49 -17 59 11 95 72 57
72 35 -58 -20 99 -48 -99 -29 84 38 77 41 25 -97 -45 -33 37 -56 -98 -91 92 -83 -75 48 9 -96 -27 45 -74 -82 -86 64 -29 33 40 31 -25 -91 60 32 -90 -13 -33 -8 17 33 87 75 -65 92 -4 -2 74 -8 -84 -20 -45 -67 -57 1 91 28 -98 -3 -70 56 -78 22 -67 69 82 68 -96 8 20 -5 -43 -86 54 85 8 40 37 -100 -3 -15 17 61 85 51 -94 -10 -12 -73 -37 -81 -69 4 -5 -56
9 -6 -69 -83 -60 15 43 -95 -64 -67 -51 -76 70 -86 4 4 -4 -26 -11 56 -88 -17 -23 -92 14 -30 79 -13 79 -43 -72 25 53 -53 31 26 -51 49 68 75 -73 98 -35 -39 46 -71 28 71 83 -97 -14 56 71 76 -70 -63 82 -47 -19 78 -29 42 94 33 56 -56 29 89 64 43 -42 39 57 14 13 23 -74 96 -28 20 -62 -54 67 78 -54 -33 80 50 49 -72 -53 70 -4 59 70 -73 8 54 -44 70
66 70 -90 61 -8 -17 -4 84 0 -47 -52 18 -75 -65 -65 10 95 52 99 35 -32 -86 -59 93 19 15 90 -73 -69 -48 -28 -40 -33 82 -14 41 92 74 -84 40 81 -46 31 -33 99 -65 -78 -79 -56 -47 47 -100 88 87 -16 -58 83 -1 46 46 54 88 21 -48 76 -87 26 37 44 -89 55 77 -45 54 -4 55 -43 -70 98 -92 -35 26 83 -46 -64 93 -85 -1 55 22 0 -45 39 34 74 -55 56 -74 -99 24
-70 30 -51 -11 -5 -11 -59 43 54 23 -39 48 -89 35 84 91 -13 -82 83 62 71 43 73 9 -57 -19 73 -63 49 -70 22 -16 67 78 -19 68 6 76 85 77 -47 0 -23 7 76 -93 -100 -48 64 71 54 -58 58 -97 55 -17 26 -69 61 26 -17 85 68 97 45 29 -40 31 11 52 28 -80 9 57 83 60 47 -8 -9 -53 -68 -29 -71 16 6 47 20 -99 78 -16 -60 2 -46 28 59 26 -72 96 -39 -36
50 -53 -100 -35 45 79 16 53 71 6 82 31 -92 50 -91 26 -46 62 42 -79 -5 56 28 -94 83 83 -49 -50 38 -57 19 -53 87 -34 -31 29 -45 25 -84 -88 84 -54 86 -39 -89 89 27 -9 -100 82 60 55 47 -65 82 -96 58 -42 39 62 -3 2 97 -75 -94 -6 -41 -51 -57 -56 -48 77 -14 70 16 55 -13 -34 -29 58 86 43 68 -87 54 77 -76 -4 9 85 60 27 94 -8 48 96 -75 -53 -3 -7
7 53 96 -50 -26 -37 74 -46 14 -39 60 10 -97 54 -15 -8 -66 9 -94 -35 78 27 -68 -61 51 -68 2 -59 8 -100 -41 -71 16 -68 -58 79 -86 38 -78 3 -57 16 -71 -93 60 34 -46 -82 -60 48 -52 31 9 81 -82 -50 -75 -15 -66 -18 21 -41 -8 -60 86 29 -60 -18 63 -64 95 43 -63 25 -92 -88 7 1 -91 -35 69 42 27 76 70 -77 -22 -59 75 -95 32 83 -26 80 46 73 -86 -42 23 -90
-82 -23 30 91 20 -95 43 36 -66 85 70 53 42 80 15 71 24 33 -61 -75 -34 29 15 -12 -90 -39 -42 32 32 47 -25 -4 44 -8 89 -45 45 -61 -57 70 -35 92 -19 -23 -33 -31 25 97 78 -43 -46 -63 -42 79 92 18 38 93 -35 68 -45 33 52 -91 36 -16 19 -52 91 -17 24 -42 -32 -2 71 -24 50 -54 68 72 61 -14 -85 60 2 67 52 -69 44 73 54 74 -21 56 65 91 -95 23 99 -73
-51 -69 -50 50 -76 -29 -47 17 10 7 70 22 26 38 97 -1 81 3 -75 -67 48 -93 -67 -48 -70 98 -64 88 44 -32 -70 -6 1 -80 -33 44 -82 -83 67 -61 -97 -76 -67 86 34 -14 57 76 75 -80 -26 1 -100 2 4 49 53 -90 -97 75 48 32 -93 -97 99 -71 71 -10 -23 -13 -51 74 21 45 79 -43 72 29 94 66 -41 -43 -43 -38 88 -69 -32 53 -33 63 5 -24 -4 -93 94 34 -26 52 -18 15
-35 82 -3 18 -80 -70 -38 4 8 -30 45 -54 17 47 54 12 16 28 -95 0 -99 -52 18 57 -84 -79 92 -46 30 -88 86 -63 91 25 -56 -28 -76 -20 83 -31 -17 22 -84 53 -62 -23 96 93 58 -9 -99 84 77 -30 -10 44 -35 45 41 72 99 20 -72 -42 -22 2 35 24 60 -42 -31 -18 39 52 74 -69 43 68 32 57 64 10 -25 67 97 -77 38 21 48 -77 42 -94 -83 -72 97 55 26 -34 0 -61
-46 -53 9 -35 -98 -61 -87 3 -74 62 35 -45 -78 0 12 20 80 -27 46 47 -98 72 -16 90 -94 66 -81 56 -77 -56 -86 79 22 -36 -23 -29 36 97 -76 -2 -90 86 -80 5 -21 -96 31 83 38 -69 6 -42 -48 -31 -82 48 72 -46 -26 -2 -11 85 86 57 28 -66 12 26 50 -31 -28 -23 15 65 -70 -82 -82 -15 4 76 82 -18 -7 -58 -73 95 60 84 43 29 65 -66 93 -20 -60 34 -74 3 -81 -73
-43 79 -93 -72 37 75 -31 -3 75 -51 29 92 28 -14 25 -12 -4 -93 -68 -87 -40 93 -5 -90 -71 18 50 42 -36 53 44 -64 81 -92 11 80 -7 23 36 -47 -45 7 -67 -64 81 16 -10 31 -44 -1 -37 47 84 -76 94 22 -86 2 54 -18 -59 41 52 20 -53 -65 -99 33 -6 50 -32 66 -48 89 49 -79 63 -1 73 -97 78 89 -4 22 -44 -26 -84 -34 55 -48 -75 30 18 -1 71 -49 69 9 -58 63
-49 -52 -99 45 -24 -1 63 -30 72 97 -51 -94 -72 -71 -46 95 63 -46 62 -39 -49 65 44 29 -23 -68 52 98 -31 69 11 36 29 -75 -8 35 -42 52 -65 -66 -88 71 -67 -42 8 53 32 -25 -88 3 84 38 -69 -25 69 19 -5 -63 5 25 57 63 18 -34 56 36 58 -77 58 -46 76 -32 64 -28 26 35 51 -33 53 -38 -81 84 42 -46 44 -24 24 -30 54 73 59 62 67 -11 -95 48 74 47 -54 -73
32 45 -53 64 5 -85 -2 21 -86 38 71 -12 81 -16 62 -42 83 96 -27 89 -81 -66 20 5 9 81 -98 45 52 95 95 11 5 49 -94 72 -25 48 41 36 -62 -90 -70 -68 -29 43 -12 17 -58 12 21 -73 -80 -3 -82 35 -16 62 14 0 -83 46 63 70 85 -6 52 -36 98 96 18 39 -31 -94 -37 -9 -19 61 -69 86 97 -19 28 31 79 90 -80 55 -28 61 74 35 75 18 -63 -25 79 95 -92 -98
-15 -46 72 -80 94 -46 -68 57 70 -42 -91 56 -58 51 -74 12 -78 -70 -16 -9 10 18 -48 32 99 23 -54 -3 99 -51 -26 -36 -5 -37 -47 -94 39 -37 68 16 6 0 -54 -60 36 65 -70 -57 32 -89 -78 -23 -100 10 61 -77 50 30 76 -64 0 91 -82 -53 76 58 92 4 75 0 93 -26 27 15 70 -76 5 75 90 -78 25 92 -61 -45 -65 -86 77 -49 -16 -80 -17 -30 -90 20 69 -21 85 17 72 4
62 -45 14 31 -53 -51 16 -53 -78 -72 41 6 14 58 -81 -38 -27 16 -65 99 27 -50 52 51 -48 -3 2 -79 -34 44 3 -25 -2 -55 45 -99 69 -58 -1 87 -13 87 48 42 55 -43 -11 1 97 88 -30 85 -89 -48 25 50 -17 -74 61 49 37 23 53 -62 -51 85 -72 -11 17 -20 -50 22 -32 79 -55 -20 41 -41 -42 38 -66 30 92 -11 -44 -12 -21 -98 -39 -25 82 -94 -23 -75 89 -74 30 -84 -75 40
-99 26 93 -41 -84 4 77 2 96 46 -48 50 2 98 -41 -52 -73 -18 43 -83 -45 45 -86 -21 28 56 -34 -66 96 51 17 44 -7 89 -85 73 97 11 6 -77 19 -12 46 -42 -68 38 -62 -20 59 39 95 -8 65 -72 -96 -84 -76 -78 -20 68 70 -36 -16 6 54 47 56 -40 9 -20 55 54 -23 -26 26 -35 -52 -17 73 -48 -40 4 -64 51 99 -62 18 -77 -32 36 67 -66 64 -19 -97 -60 -24 -57 -12 64
-100 79 51 -78 20 7 84 34 -15 -40 -55 28 -78 76 6 22 -83 -96 -88 -49 23 85 -72 81 10 -46 -48 -51 -29 27 21 -5 68 -53 -50 -81 -88 -19 -92 61 -55 51 38 -54 -68 86 92 98 62 80 -25 25 -57 43 -50 -57 -22 -21 27 -3 -69 -73 -23 -11 46 54 80 -54 -30 6 -100 28 3 10 -24 48 66 -43 52 -41 25 43 34 -55 -52 23 -54 74 12 -42 -6 -34 -46 67 28 -54 -46 -60 51 49
15 -7 46 55 70 3 -78 80 -45 -78 -73 14 16 4 -56 -61 -87 21 -7 -6 -76 -11 44 91 57 61 -96 -55 -88 -25 95 -13 -25 77 27 65 27 -35 -66 29 -79 -11 64 54 72 76 -70 -94 -25 2 -37 59 -63 89 -1 -15 -72 7 -8 77 -69 -72 19 29 82 -63 1 11 57 63 6 64 -37 54 -45 7 -81 -27 -1 -94 98 45 73 29 5 -25 -72 6 92 -61 -39 82 -85 -97 9 -41 75 70 82 -100
-7 41 29 9 -7 33 17 -87 -79 -18 -69 60 48 -49 -4 -60 -57 -17 -43 -28 -98 -52 24 61 -61 29 -76 37 -8 29 -55 7 -71 23 -56 75 -81 -94 -74 -75 80 21 -89 -94 6 -12 65 -78 35 -50 96 -13 -18 -80 15 22 98 17 -52 9 93 94 56 -63 33 91 57 -35 -8 -11 -2 -87 52 -23 -84 -51 -94 3 -27 62 49 48 32 83 -17 6 -86 93 61 7 37 -44 -10 -77 26 -31 -91 -25 -44 2
66 -88 92 92 -100 -89 -56 -73 93 -69 -75 -30 20 48 97 -19 -52 51 -6 -75 -97 -29 -3 -9 -13 69 3 96 -82 48 -36 63 -79 -70 -17 11 -48 -38 18 -18 61 33 57 -45 -69 76 -94 -37 16 48 -86 63 -81 -71 -98 29 -24 69 -63 70 21 -84 45 24 -32 -81 39 10 99 -79 90 10 83 0 -12 29 7 -59 48 8 -12 78 -80 20 -68 14 -22 -96 83 45 -45 89 -18 60 39 20 26 -75 12 81
-2 75 97 -97 -86 48 -72 -23 67 57 23 -94 30 -71 54 -32 71 46 -81 11 91 18 52 -24 23 53 -87 -47 62 -67 -33 54 76 19 -56 -96 -18 -15 -90 -36 53 50 -43 -10 82 -65 -4 -40 16 -37 36 2 -79 -15 -33 -50 27 40 40 -44 87 40 33 83 -2 88 -52 -21 68 -40 77 71 -65 -47 -71 84 31 75 -68 38 72 -48 -63 27 -1 65 -21 36 -87 -54 -50 1 -4 3 81 -29 62 92 48 -64
-69 41 -35 87 -11 -30 -18 -31 -69 19 -73 -46 16 -86 -29 52 -66 -67 93 -44 -50 -68 -83 37 29 65 -51 -43 78 -24 -12 93 -80 79 -19 -47 -33 76 -94 57 77 -42 -81 85 -77 85 -7 24 99 78 -93 94 42 78 45 59 9 50 -3 80 1 -11 -97 62 -76 -17 77 72 16 60 70 -24 -77 -79 2 22 -41 13 66 -6 -34 -94 1 -48 53 54 35 68 89 -20 -59 -66 94 17 -98 81 81 -34 -94 -72
-17 -84 -8 -94 -49 -86 -2 -26 28 -26 69 -25 63 -23 -67 69 -28 38 -83 50 -56 45 1 92 72 -63 84 -40 -16 16 -81 55 -95 -28 53 38 37 43 95 32 6 -84 -2 -94 -26 14 -1 15 -31 -47 16 76 -23 24 -60 21 13 -97 50 -81 31 -10 -36 65 -4 -92 -83 26 -53 73 90 -63 -4 -19 71 -37 77 46 50 54 79 -50 31 -70 53 81 6 20 -61 73 31 81 50 -68 -91 -91 30 -13 1 24
8 -88 44 80 86 96 -45 -52 -70 97 -81 -65 6 -62 13 -4 -59 98 12 -41 60 -59 -49 -32 -94 -60 -96 -79 -17 -57 -49 24 88 81 -69 -55 86 -47 -58 66 40 32 31 -30 -74 -61 64 92 46 -10 51 84 -76 11 -46 -81 -42 7 63 -60 24 38 85 -96 90 -1 -50 -92 -92 33 49 72 -57 76 -62 46 -93 -1 -99 91 58 -7 69 -47 -82 -57 53 34 -31 -3 -45 -3 42 80 81 -39 4 -15 -91 46
26 -11 46 35 17 -67 8 -34 -12 85 -44 51 65 57 66 -77 32 -18 -57 60 -36 -69 -81 78 -50 92 -96 19 79 -26 70 39 -17 -28 2 78 -48 -31 92 -52 -81 -34 15 -34 34 -95 -68 58 86 75 -68 -54 74 53 -65 -38 -65 -93 80 15 4 73 81 -89 0 -95 -90 37 -71 19 19 -23 -11 -58 -98 25 -82 47 1 -100 -16 91 90 54 -70 -35 65 -48 -36 -70 35 43 40 -89 -46 8 -46 -77 31 -1
-6 -41 33 -11 95 1 -66 -21 86 -100 20 37 74 -45 -96 -98 38 80 34 -34 4 -49 38 -48 -10 67 22 51 -72 -78 -59 -69 63 79 -89 8 26 61 -51 -84 -6 17 16 66 3 -66 -85 25 -62 -58 -3 12 -24 -93 68 -74 -64 38 93 26 97 -68 90 51 70 -88 -71 -46 73 12 -18 24 -45 -97 60 -14 42 -25 53 -31 -31 94 41 12 -72 -27 -63 -2 -54 -55 -51 -97 -86 59 -95 -85 -50 92 68 66
8 -15 -80 -98 87 44 -44 27 58 -78 -56 -74 -17 96 96 6 76 -47 -51 -66 -99 5 56 -7 3 -81 21 -98 -48 -1 6 80 -59 7 -59 7 71 -60 69 40 84 -10 52 -39 50 7 25 80 -96 49 33 53 -5 76 -10 -96 99 50 93 65 -78 -86 54 54 -18 73 57 7 54 -30 -68 88 7 45 42 -24 17 -39 -55 -11 36 58 -68 71 -76 -67 -25 -25 29 -38 53 23 22 33 99 15 79 -86 -49 10
36 -42 40 -53 -61 55 -22 11 -35 60 44 -67 -56 31 -48 10 -51 50 69 -61 88 -19 -41 -27 68 -92 -10 -26 98 -82 -70 86 27 5 -19 87 12 -72 -79 51 -23 -21 82 -24 60 -8 -6 -14 -47 86 -14 -83 -99 -61 72 -83 -62 85 25 81 35 57 -58 94 8 98 -23 14 -31 87 85 98 29 -6 95 71 95 37 -33 23 -48 91 90 7 34 -8 72 26 16 29 -94 4 -45 92 68 94 -3 -80 -97 -90
-23 10 65 -65 -93 64 50 -79 -91 1 -50 -29 -49 60 26 -3 -69 33 -47 -51 6 -95 -99 -63 2 -56 -97 82 14 53 22 39 -52 90 -64 30 -71 32 -29 96 -86 29 -92 38 5 23 95 -64 -9 -21 -97 94 86 -45 -88 26 -36 -41 -56 19 -11 -96 18 -17 53 -2 -68 -63 22 -55 -85 25 -85 -71 -96 -78 -85 81 -42 15 -57 -83 -77 33 -14 22 67 -69 -70 43 -65 -72 -64 23 70 -29 -75 -27 -55 53
-83 -61 -27 -48 -16 -61 -18 -84 -39 -50 10 -88 20 0 -69 24 21 -39 20 22 -100 -63 -74 -64 51 -23 13 75 -20 -27 13 10 34 73 74 -71 -51 45 -74 10 58 24 87 -72 26 70 29 -58 -71 -38 -93 -1 -4 -73 38 83 -84 64 -58 -86 -44 58 -71 85 54 -7 -89 -85 -35 60 -49 84 96 -12 -19 -17 -14 -28 -25 -72 2 -7 73 -15 -24 85 -64 26 23 72 -52 -39 18 -97 -4 -28 -83 2 -80 -84
-33 42 37 -64 48 -1 -57 -25 37 37 -41 -67 18 60 -81 -33 -70 83 73 -37 -61 2 -26 -80 62 -85 -52 8 -75 94 -79 -50 -42 34 -88 91 -10 69 -15 76 -9 -84 81 1 16 87 68 -94 -100 46 10 -26 -57 90 -44 59 9 -10 91 15 -65 -20 -13 -20 40 22 82 -37 95 -92 52 86 -28 82 21 53 88 99 44 -51 5 -33 66 -25 -61 -86 83 -99 -9 -38 -47 52 -49 -17 -100 22 30 -18 69 8
-71 -31 83 -89 -37 58 -63 70 70 -38 -2 95 50 -41 -31 96 -25 -69 -51 49 38 76 -61 -55 54 69 -28 76 -7 79 72 -60 99 50 -24 13 -40 34 22 84 -62 7 97 85 -72 -82 31 12 73 99 57 81 -72 8 59 23 -61 -68 -98 -24 75 86 37 63 94 -84 20 -6 67 26 19 -3 45 40 2 64 -61 -57 28 -62 -50 46 89 65 0 -27 -31 91 -14 -21 60 -5 46 90 -1 -1 63 53 8 19
-42 15 -59 89 5 -97 62 67 52 23 71 -11 5 -7 -73 1 14 42 73 -30 -81 98 21 -46 -22 -100 -31 20 -70 -39 -34 90 46 95 34 -17 76 -22 -52 -50 1 89 55 72 7 93 33 85 54 -78 66 29 86 -57 -9 -9 91 72 75 93 -64 -25 11 15 63 63 74 20 13 7 42 13 -14 61 -24 -13 5 -13 56 -68 -22 -21 78 53 -61 -38 -32 -68 -43 -35 -36 -19 -37 63 -29 67 -51 71 -21 -6
-28 -78 5 -77 -98 -59 -20 25 -31 6 56 -58 93 -65 68 16 20 -57 -15 -44 21 -74 -75 69 9 -30 57 -34 -8 10 85 82 82 -34 -27 -6 24 7 -37 51 54 -30 -43 -72 96 -32 81 -75 -3 31 58 21 97 -84 -24 79 -55 76 70 82 25 -87 -16 88 -28 -80 -51 67 -52 44 -28 -83 -64 69 94 -74 17 -97 77 33 68 63 56 -54 -83 -20 -26 -7 25 -55 1 64 4 22 -98 76 -27 -98 1 -46
-91 -86 -32 -12 -7 33 71 -17 -59 65 -81 -82 5 36 69 77 -41 49 70 58 -28 65 -24 -71 1 1 -73 -92 -59 39 18 9 31 -21 -84 64 -29 -89 -60 25 28 -13 -47 63 36 -71 -30 -29 40 -79 -51 -49 -50 -57 17 -31 -16 -25 83 28 77 27 -13 -56 83 74 91 58 -30 -33 -69 -66 3 -57 59 76 95 69 51 96 72 74 -97 5 91 -34 56 99 57 55 21 33 50 90 -73 10 -40 46 0 -67
45 -93 15 -72 92 -56 -65 53 -18 -48 -10 71 -39 36 -78 47 -78 27 -48 -35 80 45 55 57 73 -52 64 55 -91 41 -72 -23 91 39 -51 79 76 71 -72 -73 -15 98 -75 50 -75 24 -58 64 35 -20 -51 7 36 63 -53 -17 -84 7 -10 91 42 -36 -76 -88 -24 32 -31 59 -94 -88 -37 32 45 -34 88 36 -11 -80 -73 -42 -30 90 -5 -54 -16 92 -2 -88 -75 42 -89 46 -74 -69 -21 5 -92 -84 61 27
-52 68 -32 61 17 -40 70 -46 57 -30 -83 68 -66 -79 -89 7 38 -53 26 -23 -44 -82 16 68 6 87 -27 56 82 32 -83 -55 84 7 -3 -71 -43 -4 69 76 -99 -72 64 27 11 -11 23 -20 -53 63 23 98 -97 -47 21 -57 -63 -75 -19 -4 54 -62 97 54 44 -32 -80 -60 -21 -63 -62 47 -89 94 -23 -98 -100 70 64 -82 -86 61 -21 26 3 66 45 13 77 69 -54 -55 46 -55 -86 -51 -42 -33 -45 -94
-32 5 12 -96 58 -55 94 -31 -18 -83 -90 83 21 45 32 -13 -54 -74 -55 84 19 36 60 97 -5 42 -86 -63 -43 -47 47 -15 0 40 -99 54 -38 -19 -49 -21 -40 -27 42 -98 -42 66 -75 -84 -61 54 -95 11 88 11 76 -8 -40 41 62 -68 -48 -68 74 37 -45 -38 47 -53 25 -12 84 19 12 35 -82 -86 54 25 46 -63 53 -72 -25 -25 54 29 -32 44 15 18 -69 -46 59 66 -78 26 72 -23 -78 -41
28 14 46 16 -79 -92 95 -61 0 60 -19 5 -27 -66 -97 28 64 -92 -51 85 2 -54 -75 29 -64 15 -68 8 -43 49 24 -24 -28 95 -97 -80 12 14 20 -8 81 -8 -31 -73 -25 -12 -76 99 -51 90 77 -92 -63 12 -64 26 24 -10 81 -43 -39 1 97 -58 18 -6 -19 -18 -29 78 27 64 59 -34 -72 -76 -89 -18 -15 -49 -74 70 71 1 37 61 60 -68 -46 41 -50 -66 80 -60 -19 -46 -1 -74 -10 -79
-67 97 -43 -65 46 26 -28 -87 -89 -53 -27 55 49 70 30 -5 74 -2 -53 62 41 -21 93 -32 -32 -16 -60 -73 -33 79 -84 -91 73 79 35 58 70 -97 -91 85 68 5 -45 23 -4 -96 55 25 54 9 6 -2 25 -23 -48 -49 76 -29 -30 -58 -49 0 -55 -60 -75 -63 26 -17 21 74 -34 3 -89 84 -91 -24 96 5 -4 -49 1 52 89 -83 -42 -40 92 19 -88 68 -22 -11 -6 91 77 90 -89 4 -4 -41
-5 -87 61 -12 47 47 -39 23 -90 77 24 -71 -70 -44 76 13 -38 -88 60 -73 41 39 32 34 -99 -14 71 -59 -8 -2 -48 -30 -83 -92 42 -29 -61 -71 96 -61 45 -78 32 28 -65 -91 -96 81 -65 -12 -83 -33 -98 12 -22 -29 -96 20 29 -40 91 93 -32 33 23 28 89 -89 -84 39 80 35 23 46 -73 -90 70 -44 -50 -2 50 32 52 -30 84 82 57 75 -89 82 56 -94 36 -34 -38 66 -79 -27 -19 -1
32 3 -7 -92 52 72 77 -25 -36 -39 -27 24 -99 -48 -100 14 16 27 43 -40 53 91 -97 30 76 -81 -45 68 -100 90 35 -80 11 16 -79 -18 -6 -92 -88 7 12 37 -66 0 -24 -44 28 -37 65 -63 -53 -22 50 98 76 -99 99 47 60 -47 -33 -61 66 -60 -1 -75 70 -86 93 -87 80 62 -6 7 26 99 80 83 -89 -47 -52 -67 36 31 -10 -3 -73 4 -53 80 -79 9 2 -41 7 86 -65 -78 -62 43
-30 -99 -62 40 7 16 -67 -82 -40 77 7 34 -41 -10 69 24 47 41 63 90 -20 69 12 15 19 -10 -13 -81 -49 95 60 -9 54 91 -25 75 -26 -55 -73 -83 -45 69 41 -80 65 93 31 0 18 -3 40 -49 -59 99 -13 0 19 -52 -4 -69 -39 72 98 -4 -79 68 97 87 -97 -16 -80 30 33 85 30 -56 -53 -92 4 -63 98 -27 65 -19 -33 -36 89 97 8 -95 33 -9 -89 95 -2 -16 -51 40 -100 53
76 -83 52 78 82 -60 98 73 67 47 50 28 22 76 -75 30 17 -76 21 36 -25 -94 -88 -48 -89 64 -42 -81 20 12 52 -5 -36 22 41 -82 57 -20 51 12 -42 -18 52 -44 82 -21 -88 -49 -24 3 61 94 -86 -28 44 44 93 -18 25 56 30 67 -45 -74 -86 49 -9 87 -58 4 -70 -77 -39 95 17 -35 8 34 -17 83 -81 -47 -74 -36 5 14 -97 -47 -37 -49 -95 56 88 54 34 20 -6 74 -91 50
-27 -98 10 68 -3 55 79 11 -41 10 -43 0 87 20 -47 -88 -89 57 -1 -69 72 89 -51 25 54 -68 96 39 -2 -38 32 77 70 33 -72 23 -75 -40 37 -6 88 -87 -8 -24 -89 45 -44 -23 -8 -63 -12 -13 -84 -90 45 -89 47 -49 -7 -33 -24 33 -35 -8 -61 19 -74 57 -22 -37 10 1 -37 -5 24 -59 -4 -25 60 47 -90 49 97 -51 -99 -10 -55 -36 80 -59 54 -36 -65 -11 31 21 -41 38 -63 15
-89 -15 57 34 -42 -32 -68 -41 46 -21 24 85 46 -86 37 69 -7 -86 74 15 -53 49 -4 73 -61 -45 -7 -96 -34 18 20 -55 39 -41 31 33 40 4 6 46 39 20 32 -57 -9 14 0 74 16 98 -73 -6 81 43 75 -39 96 -87 -66 3 -58 88 -57 -24 -41 -50 31 40 30 -40 15 72 -37 -29 -11 35 -56 -30 -83 0 -82 -99 24 -73 -6 -89 -24 12 -36 78 -80 58 49 -53 20 -78 21 -7 70 -54
-30 -74 48 88 -1 24 37 29 -33 -38 -43 -39 63 -18 -92 -46 65 -54 -60 -96 47 43 -62 -84 -8 -17 92 -18 -66 -44 96 21 26 77 64 12 -16 86 -34 60 96 84 -87 31 -70 -1 -85 34 4 18 -90 56 -63 70 14 -70 66 67 -51 76 40 74 -89 93 86 -48 20 67 -29 -36 84 -91 -16 -89 71 45 -88 19 -35 -87 92 90 72 58 -94 -84 28 -16 -25 2 14 90 -31 -23 -83 -38 -43 3 -30 69
-11 4 -24 -73 59 5 49 -85 -61 -40 84 -65 2 -11 -46 -72 -81 98 21 -36 -17 -37 22 36 -80 -29 -98 77 -84 -86 68 25 -76 0 21 33 -12 -63 18 24 -20 65 -32 2 74 -60 -74 80 -86 19 -89 86 33 99 -9 -37 -58 -59 -80 76 -44 91 -51 43 38 -97 78 -9 62 -60 95 -24 -61 23 -38 -79 25 43 -82 42 -99 -28 57 -42 -65 -58 8 81 45 -8 -22 -88 4 -58 16 -98 -11 -76 -77 79
77 0 -49 -79 -3 -87 65 -34 49 -35 40 12 25 -78 56 -52 44 -68 -89 -35 2 89 97 -44 -6 -9 31 8 30 7 99 18 41 83 18 -74 14 -80 43 -74 64 -33 76 36 81 -35 94 30 9 -44 -6 25 69 -27 -69 29 -8 56 4 -29 4 -78 46 92 -78 -63 19 -76 96 -28 43 93 -36 11 -98 20 38 59 89 96 53 21 11 87 83 -62 -72 95 95 -10 -65 -68 -2 -31 92 67 -49 -55 31 1
68 66 25 88 40 85 -20 99 32 -7 33 63 -52 15 8 66 -21 -98 7 -4 60 25 -86 -87 58 88 -24 74 44 -74 4 40 67 82 -7 -34 -70 3 96 56 12 -25 -1 -68 25 -57 -60 2 -10 21 13 58 95 15 98 -69 -66 -52 -25 43 -26 12 -56 -53 57 -2 80 -38 5 -65 32 -47 -60 -1 -53 -27 26 41 80 86 -100 -44 19 -88 39 -19 29 -100 91 75 96 -32 -63 78 -55 -35 56 79 39 -34
-30 -7 87 -42 57 -15 -6 -89 30 97 -82 -11 22 -23 -39 44 60 95 -85 0 0 9 -14 -67 58 53 -52 -3 3 33 58 -95 -99 11 -39 91 88 12 54 -90 68 -62 97 -97 45 -75 -96 92 9 -82 19 30 -64 17 -11 -31 81 -68 -62 12 -87 -16 83 22 89 -54 9 -58 -70 11 -95 99 5 -90 30 -87 0 27 -10 -10 -23 7 70 33 -78 -22 25 -39 30 -45 98 -40 88 -3 -72 29 -21 29 -86 31
-71 -70 -46 -31 20 89 25 71 -86 -11 50 38 55 94 92 66 25 -91 63 -32 5 21 -49 22 26 -4 46 -5 55 -30 92 -63 -1 -37 56 16 -77 -50 27 -38 91 -6 -29 66 -58 15 43 -81 -49 83 34 -88 5 50 44 -68 -40 -75 23 -29 72 7 -90 76 89 77 -47 -37 93 -97 34 76 98 53 -63 -93 -44 -24 48 19 -88 88 84 14 -78 -68 -89 24 6 -81 49 -90 35 -27 -85 -51 -16 64 -78 -57
24 88 70 95 10 -19 -100 50 -20 71 -87 99 71 -66 -89 31 12 -79 -5 74 -89 0 25 34 -78 -15 -38 86 -47 -64 -58 16 54 -6 0 -58 -46 -77 -20 69 55 -44 11 -57 0 -46 64 41 60 -97 67 -100 36 -56 98 83 73 -76 -12 68 52 68 -51 -88 -35 32 -65 -50 -78 51 -1 56 12 19 -96 75 -76 95 44 -87 73 -47 6 27 86 65 -2 -16 79 76 42 -77 49 -76 78 2 -46 -59 86 70
18 -63 46 47 -31 -21 -62 -41 9 33 -80 -7 91 -37 4 46 55 -69 -21 -6 -84 -92 -85 -52 49 36 -14 71 27 82 -65 -82 72 90 69 -12 -80 -69 39 -69 61 -15 -79 20 -56 -32 -44 3 -98 55 85 23 -96 -61 -90 -96 -3 41 97 7 -92 38 29 -64 3 22 -6 -86 -36 97 86 -87 91 -95 -71 -67 -88 -58 39 -87 80 -40 70 -58 21 -3 -63 -50 32 79 -53 -45 79 87 47 95 87 -84 -41 -97
-99 88 -47 -9 10 -69 82 -59 75 -20 -95 2 70 -48 -34 -5 -62 75 59 -59 -95 -94 25 -32 24 -51 -45 28 55 -53 -92 -59 -3 -98 -28 27 59 74 21 -22 -83 77 19 93 -77 45 24 84 52 -8 -22 -60 75 35 -23 -16 73 15 -3 84 11 -74 -6 13 21 -55 66 5 -26 90 74 -34 -53 -11 41 9 68 -66 -43 -93 -22 -75 59 -38 6 12 -97 -100 36 94 1 -76 88 29 8 -41 -18 94 17 1
-43 -52 7 -23 -12 31 -20 -73 93 -26 -41 55 -93 96 -7 21 -59 37 -33 24 -51 -50 -39 13 1 -33 78 -47 -75 -9 -92 60 23 -32 3 64 60 2 3 85 -17 -61 -68 79 66 95 97 64 -47 -51 -29 -63 19 95 -76 -1 87 20 -62 46 1 40 50 90 -59 70 30 35 46 83 -71 -62 -3 86 -8 -45 -68 -86 8 85 7 38 -60 19 6 4 -86 0 12 -54 49 -59 -92 -50 -26 -90 -8 31 57 -46
74 64 -56 -51 19 40 11 -10 -12 -78 -99 -13 -91 61 -99 69 -59 5 -17 28 73 97 68 36 10 -56 79 24 -2 52 -92 -25 11 -31 -7 52 39 -40 -19 -38 97 9 -59 -16 -84 11 -3 67 10 24 -66 -90 -25 -76 92 -65 49 -67 63 -72 50 22 -37 43 -48 39 -2 83 -29 80 -88 -36 58 -49 -50 -75 83 -43 -50 -20 -70 -47 -40 71 77 41 -83 47 86 44 -58 -51 -56 -30 85 96 54 36 35 95
-14 26 26 -62 14 -70 5 -43 -51 -63 -7 -1 4 45 -10 -54 -27 40 69 -95 -76 -76 -65 -4 -33 -6 22 63 42 -93 -50 73 -26 -52 -19 19 98 -65 36 -7 -28 -68 61 -52 -43 -12 5 88 30 12 -22 -14 22 45 -42 -15 21 19 28 -31 -67 -6 -2 58 -32 -20 -56 -74 -72 -77 -77 61 66 47 -66 -68 -35 67 -66 -19 35 61 97 -73 -13 99 -59 -33 -93 55 82 -28 -27 -25 72 -40 -53 92 -87 22
-9 -43 86 6 15 -28 -84 -52 50 -16 -5 68 39 -44 6 -65 -9 65 -73 68 -31 -73 -34 -48 73 -27 24 -72 71 -88 81 48 84 21 -55 77 49 94 70 73 51 84 45 -97 74 25 -7 29 -66 2 -90 30 42 74 55 81 35 58 81 -30 50 -12 -93 98 57 -78 22 79 70 -21 6 -42 -34 -25 92 -71 74 30 81 -7 42 22 2 -8 47 77 -95 -69 -45 -9 -71 62 72 -54 87 42 39 -26 73 78
-35 21 71 59 19 89 33 -77 -59 9 -25 46 -74 80 86 -99 56 74 -17 33 93 -70 53 38 70 -3 -28 -90 79 14 49 88 17 -31 94 -86 20 87 52 23 -84 -96 92 97 83 -71 -93 8 -76 10 15 -92 66 -28 -13 63 -68 -92 -43 51 -3 -77 -72 63 -50 77 -50 19 -89 59 -33 -34 -37 7 -100 -3 -55 -52 -73 -92 96 27 -54 5 40 3 -74 -69 -84 -17 -48 67 42 26 -70 43 -98 14 -77 24
22 61 -21 18 -56 -68 -60 -86 9 -71 -90 -41 -55 61 -62 -44 34 79 -60 47 -19 -46 -36 -43 -14 -42 96 29 81 -47 -46 -41 33 1 51 96 -61 37 76 -56 96 70 16 3 29 -60 -13 -67 -59 -85 20 -37 -20 35 25 86 43 26 -89 73 34 48 23 1 40 -57 -2 96 -46 34 69 68 -17 -20 -14 1 -88 9 -69 61 -2 62 -51 -2 27 -87 -66 1 -32 33 98 10 26 20 19 -93 49 -34 22 -100
-12 -59 -32 -86 75 -23 1 90 -1 -51 -12 -46 97 -44 40 -91 44 13 -78 80 1 -35 67 -36 71 58 -70 -8 41 -71 39 -7 47 -27 -54 74 -49 -96 90 -43 7 71 -55 88 97 72 42 -98 77 -19 1 88 -11 87 -9 23 47 -79 -26 -2 -31 -9 -5 23 18 31 -86 -7 -2 -26 -97 81 -42 1 -33 89 -48 -59 -35 46 -53 84 61 -19 85 -100 71 84 21 96 50 -22 -40 -34 -86 32 98 -67 67 -16
44 -99 -63 -48 -7 -79 -24 83 -54 20 -23 -55 -29 -6 -96 29 23 50 22 -7 -65 -25 30 -43 80 45 44 -91 -66 -36 89 -7 12 12 21 -83 -15 -82 15 -32 -83 0 96 30 71 82 -32 1 20 10 75 71 -20 34 -92 28 89 24 -84 13 -40 -90 9 -81 -67 38 -96 -33 31 -17 -84 -23 83 -61 -33 9 -14 -21 -41 56 -12 -58 35 76 -96 15 74 54 91 -72 -62 -98 61 -61 72 -72 42 -25 1 -24
-18 61 -64 88 13 86 54 79 7 51 89 -45 31 92 -6 -31 -81 69 -21 52 -89 -57 -82 11 -73 5 -47 -52 -77 36 -50 90 73 54 -14 -86 22 35 1 -38 -38 -13 91 16 -73 -27 -61 -55 70 89 46 -15 -5 13 -42 -53 66 66 -44 -98 -64 39 77 66 -49 7 96 -86 71 56 62 -85 75 -3 -50 -15 89 2 -98 -54 -94 74 90 83 -64 -93 -94 92 -95 12 -47 78 56 -47 43 92 12 -63 14 62
-55 32 -47 84 -54 -2 -64 70 -13 96 14 -17 -21 93 -8 -35 -90 -61 -68 -29 -76 -62 -73 89 -6 47 38 86 -69 17 -47 -69 -78 27 -23 -85 53 -84 -84 44 80 72 24 31 7 -89 -78 -68 12 -32 28 -56 -49 -90 73 -95 77 11 -25 12 66 -78 45 91 -19 -91 -5 30 -58 13 23 -82 1 32 -13 60 46 41 -36 -12 89 -31 94 -54 -59 -52 -17 81 -86 -5 -19 -99 -23 -87 -14 -60 15 -68 -89 -29
69 -83 -60 -72 36 -96 -94 83 -60 -14 -27 -26 -88 -1 -17 25 -6 -99 -52 86 -37 93 5 -13 35 50 84 82 78 -63 -42 -23 -57 -100 -36 -97 -30 -84 -25 58 -98 -92 -16 -14 5 -33 -74 94 3 -97 -9 -98 -41 26 -60 37 20 58 -85 0 11 48 28 27 99 -15 -13 18 -10 -59 -12 -34 -27 -51 -80 66 42 -46 91 82 40 -71 -14 13 99 -59 -67 -52 -98 45 -44 39 4 29 -59 -10 -13 -13 36 85
86 -26 36 7 -77 1 -94 -63 -97 26 25 -18 77 -78 16 68 -82 -50 66 -38 84 -93 -54 99 0 51 24 -32 92 23 -26 -40 -83 -11 5 -92 -82 -82 -1 9 51 -81 -83 -9 17 -69 85 33 73 87 -41 -34 36 -76 -78 21 -76 18 42 -13 14 18 14 39 35 -90 23 86 -52 -95 -17 65 8 -51 82 -36 -92 -70 8 73 -99 88 -39 53 -3 -71 27 -18 76 72 -51 85 20 8 -39 59 -73 -68 -42 28
-67 -62 40 -12 -96 -10 19 -35 -90 71 67 0 96 -16 -35 -42 -58 64 -87 -81 -46 23 80 72 -76 39 78 -10 -7 -36 74 -51 -43 -29 46 1 -7 3 42 38 96 -44 69 5 -6 7 31 -62 51 -1 -12 -55 81 99 -97 -60 -81 -71 -91 -76 40 49 56 -11 -12 -8 -18 -60 33 -35 -98 -67 81 15 -71 27 -82 -47 -86 -92 93 42 -21 0 85 -29 -74 -74 -62 -2 -71 12 -81 42 22 -52 15 55 6 -69
66 71 14 57 -24 63 63 0 55 -80 50 -94 73 -13 65 99 65 38 87 -49 37 72 21 25 -30 17 -3 76 94 -75 -22 52 49 25 0 48 1 57 58 -79 -75 56 -23 -81 84 15 -37 -59 81 -81 30 -26 -10 68 46 67 -91 -68 -2 31 -8 16 10 41 16 9 -100 -64 27 -56 32 -12 80 -19 74 -12 -11 97 97 81 83 -73 5 26 -94 3 53 -1 36 20 76 -39 33 21 -6 48 -36 -81 12 60
-84 21 82 70 -50 -14 -69 -9 -92 68 17 50 55 -3 9 -79 33 45 0 75 40 72 -79 -31 -12 -41 -64 -75 3 -89 -25 86 77 -89 48 -88 -34 -12 42 76 31 66 -93 -53 -30 45 66 29 1 86 50 -61 91 -24 -47 34 -99 84 -47 -3 -11 29 -12 -2 -70 68 -60 85 65 -2 29 37 39 -67 -57 16 98 -36 -58 -66 88 52 -26 -25 30 -43 77 -93 -35 57 26 -72 -61 20 59 -35 26 55 84 -13
60 77 78 84 77 4 68 -39 -5 26 25 -76 11 -55 27 -7 -37 70 -83 10 -87 -71 1 -60 64 99 52 -12 -89 93 -13 -44 -4 98 48 -66 -36 -95 -70 -21 41 87 17 -100 -74 19 -47 41 59 9 -12 -75 71 67 -39 -73 9 39 28 -37 -1 48 97 7 -90 30 -20 -23 -10 -27 -36 -91 56 99 60 -46 66 81 7 -49 49 -47 99 51 60 86 -12 -13 -35 68 25 15 21 58 -70 48 13 44 47 -89
-4 24 -75 -44 -57 76 0 12 69 -17 15 -20 -31 71 83 81 52 68 -29 -29 -81 -30 -61 92 34 66 36 45 1 -80 -58 -5 63 -58 -1 -72 51 -99 45 -1 -8 94 30 86 22 42 -56 -38 96 25 38 -91 77 -59 38 -29 15 89 -54 4 -5 -14 53 -43 58 47 16 86 -39 87 -47 70 -88 4 -9 30 13 78 64 -5 -8 88 -17 52 0 -10 -91 -21 -77 -23 60 -93 65 84 -22 -38 -30 -99 25 -10
20 -23 4 8 22 89 46 -97 59 73 -71 92 12 53 -58 71 -62 -18 -96 1 -96 68 -70 95 -39 70 82 66 65 80 -17 -28 50 30 73 -12 15 38 92 44 96 -98 44 1 10 -27 -19 26 62 58 89 -7 59 -69 -13 81 -87 -30 19 -26 15 -1 84 -9 -37 -94 43 43 -80 -38 98 -27 45 33 -61 -63 -54 79 30 -21 44 38 -73 1 67 19 76 -35 46 -58 -86 86 37 24 72 -67 66 -8 43 -89
-28 60 -60 -7 -53 63 6 -86 -50 61 -85 -3 73 9 -86 8 74 -65 -91 19 -4 -39 96 5 -10 -100 35 -95 -96 86 -16 -34 86 -65 -47 -74 -96 34 -99 -86 89 58 69 -12 98 -9 82 56 -57 63 -97 -37 -76 78 61 20 -35 56 16 -55 -69 49 -77 62 -62 41 1 75 9 -72 29 -51 79 -1 27 -7 39 73 1 93 -25 19 -57 -92 -77 -2 86 -44 21 -12 5 42 -51 53 -28 45 -49 38 77 19
-51 -4 23 72 -62 -7 -82 -91 86 -24 -79 -97 -51 -25 -13 -20 71 -30 -92 -50 -87 -41 -36 -74 46 -97 -49 25 -15 74 39 75 -91 79 -33 -38 -45 -15 -62 -35 -71 -10 76 -60 69 -43 -87 -23 -70 -17 59 95 94 -59 -57 94 90 -90 -62 -100 17 -48 -84 -42 -26 -43 -48 69 -55 -64 87 69 -7 14 10 -22 21 82 -51 71 72 -47 -48 -45 -5 -56 49 -92 -36 12 -42 -57 -29 70 -100 -92 -25 -6 -62 -7
6 84 -16 -43 64 -44 72 -67 39 -12 -77 -12 -67 -97 -14 74 -73 82 18 -78 11 -59 -66 5 77 96 -60 -40 -79 -26 -12 -91 3 -21 88 73 68 40 -79 -53 -11 -15 -39 -81 -67 56 -19 -33 -42 44 -10 -66 16 -50 5 25 12 28 96 95 -80 73 52 -23 -87 -16 -9 60 44 54 -12 42 86 90 -1 -11 -93 13 28 14 -69 62 -41 -87 48 2 -39 -85 -50 -84 -72 -10 84 -80 -44 61 -7 40 -37 45
58 86 26 -7 -23 -27 74 32 78 -63 -44 -9 22 -9 -21 -42 -49 -12 -19 61 65 24 7 -56 62 -86 2 62 -56 99 -22 70 65 35 20 59 33 1 -64 -43 -30 -54 -49 36 -67 91 -66 -86 79 -17 31 28 32 -34 -92 13 -73 15 50 92 -21 58 -48 -11 -35 44 -51 43 -89 -18 -93 -75 -71 16 95 82 -96 30 -81 51 40 3 52 -98 90 -89 42 -48 22 5 -26 91 77 -36 -45 -3 63 62 -3 -89
-1 37 -83 -49 47 15 -6 1 11 88 23 -79 -51 -45 95 -66 94 12 -17 86 -43 -13 -83 65 88 -95 87 0 -62 -94 -6 28 -78 62 -44 78 93 45 4 15 64 -92 -47 13 24 53 27 -99 85 53 57 -80 -69 -100 11 -82 -93 90 -34 58 77 -86 71 44 -29 -66 24 94 53 -65 45 89 -51 -80 -55 -86 -71 2 39 5 -72 -36 -34 85 -75 -95 76 80 -96 -39 -53 79 39 -58 18 -87 79 1 -40 83
19 71 -95 -70 -96 86 -95 41 52 7 -52 60 -6 62 -22 -37 -57 94 31 63 77 -44 63 49 -41 -94 -67 -42 57 -46 -74 54 37 56 -77 -52 -65 39 8 -85 -77 -81 86 -5 66 -80 13 74 47 30 52 81 -56 88 78 -82 71 -15 -85 11 13 12 12 -64 -76 -19 24 43 -41 71 0 -22 4 86 4 -56 86 -24 85 42 75 -83 11 -70 -77 -93 -80 74 26 50 -91 14 -100 34 -18 -13 90 58 18 -91
47 -18 71 96 -86 -77 -34 -54 -63 -7 -41 73 4 20 -7 -37 80 89 -13 -19 2 47 -74 0 -59 33 -67 -91 67 97 -33 -17 -26 -42 12 -69 -97 64 42 -82 41 -57 -53 -57 84 84 -97 30 81 70 -79 20 -66 -9 11 -84 -16 -25 -30 -72 -4 -82 41 77 74 -45 74 97 49 52 52 -58 93 -7 1 76 53 -19 6 -51 -87 46 9 56 -88 -70 -56 51 86 19 -1 -54 -70 -93 86 -31 -60 88 -58 -1
81 -3 24 75 -4 83 40 78 86 -66 -78 -79 33 -28 87 -3 -89 -53 96 17 -37 73 -3 -50 1 56 49 -54 -65 -64 -61 87 -72 39 65 99 67 -76 24 -71 -95 -27 77 12 -15 -68 29 -73 -26 -94 84 72 -18 -100 78 20 -33 -65 -16 81 2 11 -61 -30 -81 40 -46 -91 -53 -27 -22 34 81 11 84 46 -39 36 17 -6 26 63 8 54 97 -83 -57 -88 29 98 -32 24 -38 -34 19 34 -64 62 12 41
8 37 -46 48 -26 -69 41 -67 -20 -37 7 36 -39 89 -47 23 78 -5 -94 86 -56 -9 -24 -57 39 -99 -52 92 -10 69 -84 31 66 67 29 21 -13 3 41 -1 -18 26 61 85 66 21 -33 21 -4 9 5 57 60 18 -63 -75 35 -42 79 -36 19 -64 -22 -49 -16 -17 41 12 -16 -57 -48 38 50 -20 -64 42 22 62 21 55 -38 36 48 96 37 65 86 44 36 8 -72 27 -10 -74 40 -53 97 -89 24 -27
-23 -2 -71 -35 95 -16 5 57 -53 48 66 -86 -63 88 -86 -70 -53 -4 -7 64 88 43 -74 -93 64 -93 -13 -55 26 41 86 -41 -69 6 33 65 95 -22 0 97 -73 -34 -43 13 86 27 28 -84 -8 99 92 -6 -71 15 9 -54 -16 98 76 35 -36 -49 84 -14 4 -42 -25 85 -16 -71 -16 92 21 -1 89 -90 -11 96 54 -37 -67 69 -73 -31 -69 -64 -49 -57 52 4 7 -14 44 -77 32 58 -5 23 91 -45
-37 -47 -10 17 57 -55 -13 -2 -97 -64 -31 10 54 -13 43 -47 -79 -37 -56 9 11 -51 24 58 -9 -80 -94 -10 -100 -92 -34 37 84 -40 43 -20 89 -72 40 91 -93 7 -21 98 -65 97 10 -99 40 38 13 67 7 -76 -99 -31 2 -73 -91 -94 26 84 60 -14 94 35 -18 37 -88 19 -1 61 -4 88 13 -47 -67 -51 72 24 -21 70 11 -7 53 -14 -45 -89 -75 58 86 66 68 -65 57 -60 -69 -72 79 -18
-94 -68 53 -65 -97 34 -42 76 45 48 92 93 -46 43 66 -26 83 -1 -37 59 4 51 28 58 37 15 88 -32 -15 5 79 -34 21 97 -85 -6 40 26 -96 13 91 -58 65 -32 -80 -24 -78 68 39 69 -90 49 -47 -5 -85 -56 84 74 -20 67 80 -73 78 95 26 -8 18 -36 -34 50 -76 -61 75 62 -32 -24 -49 55 -2 99 98 -60 -18 24 78 96 -94 34 84 -33 -36 88 -51 -26 -24 8 -59 24 -65 16
-78 33 69 6 18 -74 -5 -40 47 -44 -65 -92 80 -96 30 26 -5 51 -75 -48 21 -68 77 -50 -29 62 -54 -26 -37 -28 -95 23 58 -99 45 51 -37 -80 16 67 28 18 46 76 -80 50 -94 -42 -76 1 -58 59 -43 -85 14 -81 -84 -47 69 99 -28 7 44 -69 22 44 95 -45 -53 -27 11 63 -84 57 33 26 72 50 37 -66 5 -48 11 -50 6 -64 94 -42 -72 -66 16 -20 58 -65 82 49 9 37 30 -86
-64 -33 -69 -61 71 -16 -99 -2 77 94 -20 4 -18 -54 -31 90 -37 21 5 -73 -94 91 -54 -87 43 9 -5 -62 56 35 44 46 63 36 -21 76 17 -26 2 98 -77 -53 -42 -68 -6 -61 -42 92 69 64 -46 1 -21 -76 63 30 -37 67 45 71 64 34 79 9 -1 -58 81 -33 83 -73 -1 20 21 53 -51 -93 -13 -15 17 -89 85 -86 25 38 -16 84 89 46 71 88 -31 -50 27 25 -45 20 -38 87 18 -52
-10 1 -80 37 -22 94 82 64 30 -88 -39 26 -10 -40 -47 -24 93 -53 36 91 -5 30 -51 -21 -23 -53 88 -3 13 21 -40 -86 54 35 -88 -31 0 86 -51 -78 16 60 62 -27 -7 34 -63 22 -37 56 -26 -32 8 45 -17 4 -66 -55 96 -58 -25 -89 -86 -62 1 24 -56 -31 -50 -67 -22 61 -53 -60 -60 51 -70 -99 16 -68 72 42 38 -82 -31 26 -51 30 -72 35 -64 76 25 -41 79 -90 -55 5 -90 -33
90 41 80 -60 28 32 99 76 -58 83 11 -54 -23 15 66 -38 80 -63 -73 6 10 74 -34 -55 48 99 -100 77 -79 62 60 29 -68 -4 -13 -34 -45 -49 -93 -48 58 57 76 91 -53 -35 -76 38 72 8 -63 52 -64 -60 -96 85 32 50 80 0 65 85 88 -45 19 -56 -72 -66 -25 -62 96 -79 82 48 -20 -92 27 78 -24 38 -4 -58 29 4 35 -25 -34 -99 -92 -9 81 -96 32 -16 -2 -52 83 -82 -88 47
-38 98 -77 32 -22 -19 21 7 6 13 -19 -66 -86 33 -95 -95 98 11 -54 -60 -7 -29 -63 -46 -12 -59 -83 -11 24 -83 -35 31 38 82 8 86 -19 19 -58 14 -15 94 -45 44 -24 -70 -50 13 -50 -46 -8 39 30 -51 -21 -76 -58 -11 -93 38 0 51 84 -97 25 40 -45 23 7 -4 -81 75 -84 -22 -66 38 -17 -48 1 -10 14 -61 -58 90 -37 76 70 22 16 59 51 42 4 81 74 -91 -75 -55 51 -25
68 -46 -70 -29 6 -5 -79 46 29 59 30 52 75 -12 -97 83 96 74 43 -4 91 -95 13 -36 94 -99 97 24 85 -67 -81 18 -33 -89 -29 3 28 -43 -88 -74 55 -70 -25 -12 -81 3 -15 11 36 44 -51 -77 1 -59 34 29 38 69 85 -12 -63 -15 -18 -36 0 -9 -78 -74 -34 -22 -44 -95 -59 -75 28 35 95 29 54 -7 55 -26 85 -1 96 -33 -31 35 53 -17 -26 -2 56 17 16 -78 53 27 81 44
-66 -76 -37 -8 -9 -22 -77 -58 -78 -51 53 45 59 -99 35 37 53 -52 29 -38 3 -5 68 34 18 70 -61 90 60 88 90 73 -72 62 -69 -37 -35 33 -20 22 80 53 46 52 -39 -90 -45 17 -7 -80 76 -90 75 43 -27 6 95 46 -26 80 -66 41 41 14 23 84 -20 -66 93 94 70 -24 -65 17 55 94 98 54 36 75 41 -69 -23 30 81 6 -43 84 -7 -41 79 -97 97 -94 61 -1 -11 -73 -62 4
24 -2 1 -63 93 9 53 79 58 50 9 56 -14 54 52 42 45 38 93 66 92 -48 -33 -76 -35 30 1 53 -64 56 43 -98 -100 -63 78 -55 -41 77 -84 18 -81 14 -77 -7 -91 8 2 68 58 -1 24 57 20 77 49 95 -84 -1 71 99 -58 -30 63 -52 61 -24 65 89 52 89 60 1 42 87 86 84 -71 63 12 32 -80 47 -2 76 -85 -42 -11 -34 35 -88 -67 72 -86 -30 76 -2 7 -84 62 -58
36 -86 -57 69 -71 -87 -17 91 -82 40 -56 31 -23 -55 -78 79 35 12 -42 55 67 88 -71 8 -52 -48 -57 -74 42 87 61 79 16 -95 59 67 -56 63 25 -47 -56 -96 38 -14 46 -74 -46 96 -57 42 -47 94 -58 -91 -12 18 -40 81 -10 -4 54 31 -22 82 14 4 -43 -33 4 28 61 -49 -63 2 24 -60 13 -12 39 88 -78 -67 35 -72 -13 -39 68 -50 72 42 -29 42 62 39 15 -26 89 7 90 -10
-51 -58 6 3 -93 75 -52 19 -12 82 -46 -55 31 23 -7 86 -67 -71 -80 2 39 -71 11 -50 -23 64 -61 -35 31 3 -96 -49 -58 -70 -98 -48 -25 77 -64 67 -96 -73 77 76 -57 71 65 -20 19 15 -27 -30 86 -42 -64 -14 50 -30 98 4 -56 -93 -20 14 12 -9 79 -60 45 26 1 -88 66 -12 32 -63 20 -69 68 -59 20 85 21 55 76 -9 -39 -78 94 -39 -66 -62 -91 -15 34 81 -6 -76 -23 -19
15 66 -85 24 -13 91 -3 45 -49 71 -63 -49 26 19 -25 -73 59 -84 43 -22 41 75 -44 -47 96 -39 -14 -6 19 -18 38 -94 -10 -49 0 7 51 -3 97 56 44 90 55 -28 -38 36 87 -14 66 56 -93 -15 -31 76 81 -78 6 -10 -77 -73 -51 -92 62 -6 -57 -30 64 -18 -25 38 -3 76 97 99 61 38 -89 -86 99 88 -57 -72 -60 -70 78 86 -30 74 -48 -2 52 2 -86 -74 80 22 6 -90 69 79
95 -68 2 -70 90 -58 70 50 7 59 -1 -66 19 -60 -15 -25 -85 -58 53 79 7 95 13 -52 -29 4 67 -18 35 53 88 -53 33 79 -93 -25 78 56 -19 91 -94 -88 -9 56 65 53 -14 3 -87 21 -71 6 24 -33 -69 31 -89 -83 -53 -65 -7 83 -63 70 -31 -35 -6 23 64 44 16 -100 -33 89 -74 -25 -59 -8 35 -98 -35 76 -52 -85 36 -76 -14 -78 33 69 -6 -49 25 17 5 -8 -3 -2 56 -95
28 54 26 -68 91 72 49 -81 -72 -51 -12 -93 72 76 12 23 -48 -88 -71 83 25 76 75 83 1 -81 -19 -53 38 20 -28 24 -37 -80 -26 94 7 27 19 11 23 22 -52 61 41 -66 -51 5 -2 44 -59 -100 41 -35 -64 68 97 -97 -16 48 -86 67 -6 -7 -5 70 4 -44 -70 30 3 -46 -78 -77 -16 52 -25 43 -57 43 65 21 -68 -39 15 -47 -80 -12 -18 -83 -37 3 -23 63 -80 -73 -25 -73 88 -68
