-4 67 -91 49 24 9 -18 -87 -4 -90 80 15 -52 -80 -61 66 8 -34 20 98 -59 18 49 -14 87 45 -73 16 -77 6 22 -10 34 37 -31 60 42 -98 -10 -6 -65 -24 35 85 -85 40 -43 -3 -68 48 -63 -64 -55 23 -100 -49 -59 -42 -75 64 45 54 10 89 -94 -13 -7 -79 -90 82 9 6 -77 78 -31 -51 -58 22 -100 -11 -80 10 31 -89 24 -26 10 -73 -50 -8 -85 -28 99 19 -96 -41 51 44 -1 70
92 27 7 -5 13 98 -93 45 -52 -66 87 16 59 -82 67 75 58 73 -21 -26 -34 -13 -40 19 -91 85 -37 -58 98 9 1 -36 48 81 -84 61 -4 -23 -99 55 -29 -46 93 6 57 -4 -61 -46 -49 64 3 29 16 -38 -43 82 76 67 -11 -27 -98 -12 -27 -14 -22 88 -87 51 -61 32 59 -33 -27 3 77 -65 58 98 85 -15 66 35 55 10 -61 -2 -100 5 2 11 -77 -93 52 -20 -33 -87 62 40 -58 -86
72 97 24 92 -46 66 10 -84 -49 55 -64 -9 -58 -84 -68 -45 -44 32 -66 1 -68 -34 -6 -73 -49 -86 -85 75 -35 4 -96 67 95 91 56 15 22 -95 93 -54 -87 79 -3 -13 78 -41 28 -2 53 -71 -35 -22 -51 -98 38 48 55 -79 -89 81 11 45 85 -37 58 -44 -96 -83 87 -99 -18 38 -7 -19 -63 38 9 -73 10 20 13 98 29 -43 -28 49 82 14 -80 -23 -89 -52 -19 65 -24 -30 93 -25 12 -35
-27 -29 -5 -17 -82 49 -5 -2 -65 51 60 -40 -65 -94 81 2 46 49 -63 94 70 32 19 -50 85 -46 51 -47 79 -70 83 -86 -52 -100 1 4 65 38 -27 7 35 -10 -85 -2 48 41 82 -22 94 82 -74 -62 -65 47 -61 67 67 -69 -39 -72 -23 -99 77 -33 -57 -44 28 -46 -39 -76 8 -14 70 -86 -93 -26 -13 -43 -23 -82 -89 -57 67 44 -68 7 -16 -20 -92 -1 -21 60 14 -71 74 26 -21 86 -71 1
-66 -38 -99 59 74 16 -30 -75 30 96 -60 12 25 -45 96 20 -14 7 -3 88 91 -50 -27 79 36 -21 -68 -84 -88 83 -9 -94 -22 -33 -41 51 33 3 -12 89 -2 69 55 -46 -58 -54 91 79 -23 95 0 -50 -56 -76 29 -83 -85 -58 -55 -66 -46 71 33 78 -41 36 98 10 -18 13 51 -22 -2 43 29 -82 16 30 -40 41 58 99 25 -76 49 -11 -14 -48 -65 93 -41 -11 74 -78 -46 35 -91 -25 56 -59
-16 24 -98 90 -34 -95 -29 57 -52 -56 -64 -76 53 -11 98 50 59 -29 -11 14 -87 60 -3 98 -90 -22 90 13 -32 4 -60 -65 0 -4 58 28 -59 81 -55 -48 -79 83 -59 75 -76 11 34 55 74 18 -57 31 23 60 -13 23 5 44 -75 -95 -63 -25 -11 10 88 -36 28 -41 -20 54 -46 43 58 -65 -80 -60 34 -67 19 94 59 29 90 3 47 31 -70 -87 -93 -1 -86 43 -85 -27 -22 63 38 -55 -10 -82
77 87 35 -2 26 -81 68 -23 -99 -96 -81 -85 58 -12 14 -84 82 15 90 -41 27 -35 -78 32 5 -5 43 7 -40 70 27 -32 58 -16 94 -56 2 6 55 75 -72 -52 56 -46 -8 39 2 -62 65 -83 49 -10 -52 48 0 57 -74 22 -73 5 -58 86 49 93 49 -26 -44 52 19 84 16 94 15 -98 68 -70 93 68 90 -21 -85 10 -6 -14 55 56 69 62 79 -49 33 -95 5 -12 92 95 4 14 31 99
60 23 -34 -75 -85 -65 -100 -58 14 15 -11 -20 54 -88 25 -69 87 13 -21 51 -71 -91 45 62 -41 -100 -53 -46 -12 -61 -92 73 -95 24 -89 -25 43 30 -59 22 -39 -60 -69 -64 -71 34 65 58 -44 63 -73 86 -11 82 97 -29 -81 56 -31 20 31 -70 51 51 6 -46 66 -20 85 -55 12 -88 -93 1 22 18 24 1 59 38 81 -62 8 16 20 -58 -100 -41 -70 66 -1 -78 2 51 8 25 75 -23 -71 -28
60 69 -45 -45 4 -69 -4 42 31 57 80 25 -59 22 -1 -81 -19 -81 13 60 -17 31 -18 99 96 -50 -5 -31 -28 -98 4 4 49 -30 -35 2 -90 43 30 -30 -23 -40 -8 -31 -5 83 90 79 -78 12 58 -13 62 -38 85 69 91 11 -11 -87 64 44 -99 -16 -55 33 -54 31 -31 42 -70 -69 -60 -10 -79 73 -58 39 -43 -53 29 -74 -34 76 56 -87 -38 96 34 -83 34 11 17 17 -20 -67 16 17 -83 19
3 -96 49 15 -84 48 -78 -98 6 85 -33 60 -57 13 57 22 -26 99 12 62 21 -48 26 89 85 -56 -52 -61 22 93 -37 65 -13 -26 -82 -18 -43 80 90 16 -78 82 -24 61 26 -29 -30 84 91 -60 72 -87 32 68 12 70 13 -2 92 51 -82 -23 -37 -61 78 -26 56 -59 89 -8 98 82 -86 32 -9 30 -20 99 52 69 5 -88 -95 21 -91 67 -71 -63 52 -90 32 77 60 -82 -84 0 38 -31 78 89
78 -38 90 -61 45 45 -36 73 95 -47 35 73 -19 -39 47 6 86 -29 -8 -99 -36 16 -1 -26 -64 -45 36 51 47 56 18 40 -71 -69 45 51 0 -74 36 19 -85 5 -69 38 92 61 -72 -70 -95 -24 37 9 -20 54 -56 -90 80 60 53 -77 -21 93 -49 93 -20 -6 -39 45 74 -51 19 90 67 60 40 55 -2 -73 5 -86 -57 -16 23 97 -55 8 87 52 -2 -64 -58 -1 51 55 -5 -85 -98 -64 5 61
-4 82 60 -36 -24 -88 17 -92 -64 56 74 7 35 50 47 -2 86 38 38 -84 -18 -81 84 46 -90 93 83 -19 87 -32 49 38 -72 -91 74 19 60 74 -5 -17 -48 -17 79 -14 -44 -98 -54 59 19 -88 -22 -62 -39 -19 -41 -75 89 25 -40 90 -17 -10 9 -98 -96 -97 8 83 -12 -16 -28 8 -82 -100 -19 -11 43 92 -10 -2 23 32 -17 -59 -20 -35 -5 22 -58 -12 -52 -44 34 54 -25 34 5 -48 -2 90
99 79 -1 -32 -24 -64 18 -1 33 -30 -99 -24 90 -35 75 -10 8 94 74 -17 58 -15 -33 -25 78 24 -18 -66 -39 32 -3 94 -28 61 -37 -14 57 -45 65 39 -67 89 -58 -98 49 30 90 95 2 -73 -78 28 -98 -82 -60 -67 27 -60 28 -72 67 64 14 18 -12 84 30 13 67 12 72 93 36 21 38 -24 61 70 -100 75 88 -19 30 55 37 -88 10 -30 -57 -73 0 96 52 55 58 26 -73 84 91 -25
89 45 -84 59 -82 -99 -79 58 0 -32 -86 36 -2 -77 -77 -62 70 50 -100 82 -92 90 93 57 -59 62 46 77 94 7 72 12 -26 -50 -37 48 80 -10 -10 42 59 -51 68 41 66 -90 71 62 7 7 -41 -83 -15 5 61 70 92 -20 67 -25 83 55 -59 -49 27 -39 -80 52 28 98 -20 -21 -76 42 56 71 -9 19 -36 -59 -6 50 -26 94 -77 -34 -37 -56 -74 28 95 72 -9 93 -97 -56 -67 10 12 3
80 -92 -7 92 66 7 34 -83 -44 -74 95 -74 2 6 -65 73 19 16 -56 -59 -85 69 11 -32 -55 -17 -44 54 -35 12 -96 -99 -95 -28 -52 -93 82 -33 35 97 -17 -17 96 -34 -16 -74 6 -92 -22 -6 -13 84 75 -48 87 24 -15 82 23 64 -11 -17 87 -71 -77 45 -63 -29 16 12 -53 32 83 -42 -73 68 89 23 -16 -53 -42 -62 38 -85 17 -58 -5 -92 61 8 -25 -50 -80 59 22 -95 -16 -83 -96 8
-19 3 15 45 23 13 93 -19 -52 2 -70 12 60 -58 75 51 -46 95 66 -84 -16 77 72 -90 -92 -75 96 -8 40 -26 -55 30 -55 35 85 -61 -10 59 34 -66 27 -35 86 -66 72 44 -11 -48 15 -60 -88 -95 34 22 -62 -53 -1 -89 -14 65 -24 17 -81 -75 12 80 90 -76 -12 48 38 -100 -64 28 -70 29 -93 -88 35 6 27 16 52 -41 -55 7 -57 84 -10 1 -26 -5 -66 -51 38 -41 -65 -61 -11 -21
83 61 -67 7 96 86 -92 28 -14 -20 -21 -96 -79 91 -63 57 20 -11 10 32 92 -49 -50 63 68 -10 74 -41 30 -86 -98 58 -21 -73 87 -2 -24 80 94 -79 16 77 41 -45 71 -14 -80 9 48 23 -46 56 -74 -20 41 -3 -84 3 33 -16 -82 -10 -90 36 -60 88 77 66 15 -86 95 -83 -96 68 34 -31 16 -81 53 8 73 -48 71 -98 -88 -85 -34 -37 60 34 42 45 68 76 38 13 59 -57 19 -63
68 -87 -49 -55 89 98 18 -70 24 11 -37 64 43 -60 -90 -98 76 81 -94 86 -88 71 80 28 72 -72 -38 -97 47 -11 71 -65 -29 3 53 -66 -34 -76 65 -50 -1 7 -86 63 33 -35 -87 20 -94 12 -59 44 85 98 40 4 -81 -85 -84 44 24 -22 -40 94 5 36 -41 -50 78 -11 35 -56 -49 84 57 -44 -9 54 -14 27 -85 10 -78 -12 13 -65 -46 -95 -16 18 10 -43 -42 -36 73 38 -82 54 -46 7
-62 22 -55 -49 -23 26 -4 44 61 90 -95 -98 74 -94 52 -16 -78 8 93 39 -18 -70 74 -78 -70 24 -24 3 75 -76 45 43 64 76 -100 -60 86 -78 25 -77 38 26 87 88 -17 -90 10 -98 -30 53 23 24 94 27 -53 -100 -59 -69 -49 -65 -21 -76 -30 53 71 -78 -67 89 20 74 -20 -88 -32 44 45 15 -52 -15 14 96 -66 89 4 -1 -95 -41 -19 54 22 -49 -85 53 -34 -37 34 -12 57 18 38 -36
-77 44 44 86 -11 -51 12 99 11 -47 -48 14 16 -37 67 53 -18 -2 8 83 -40 -96 -4 -73 -78 31 -96 27 -83 98 -96 -17 23 -75 -42 39 30 -94 77 -64 -65 80 -35 -3 -79 -96 -70 -23 94 39 18 90 87 6 14 -67 -83 42 9 88 -97 -75 -33 -56 8 48 -62 90 6 20 -100 -45 99 -69 14 0 21 7 -68 -22 68 30 -81 63 -20 29 65 35 -35 57 59 68 68 55 62 -72 -51 -57 -36 55
82 -93 74 -40 74 -57 93 41 -84 35 99 -10 -43 -61 -9 1 48 60 9 -57 31 -37 -1 95 54 30 -27 64 -51 -55 38 33 22 -89 -50 -90 -45 3 1 -19 -51 -58 61 -33 65 -18 -32 38 7 -59 84 8 -44 -65 29 -35 -34 2 -98 61 90 -81 33 79 98 -22 -48 53 -86 -67 -50 -62 -54 -12 52 10 -72 0 96 92 31 -88 -57 45 3 74 98 -73 35 -55 -10 -59 91 63 -24 -79 50 -11 -13 46
64 6 20 -50 -53 -45 -24 60 9 20 -84 -88 68 -34 33 -18 -3 -74 -22 30 -44 9 -47 31 -98 -15 56 -16 44 -7 4 -69 -78 15 -24 -5 43 33 -80 54 -37 91 -17 -35 -19 55 -81 -66 81 -62 93 -26 8 -81 29 62 82 -29 74 -60 -80 -59 88 -67 -36 62 -32 19 -89 -18 -69 43 -2 84 -92 15 24 57 57 79 25 -11 66 -80 78 -73 -4 -6 -6 54 -95 -9 -21 -78 78 -24 -1 73 -97 4
-62 75 12 -6 88 19 -39 92 -57 66 -60 15 -13 -40 -86 -53 -32 36 -57 71 -9 -14 81 28 -18 -76 -7 -41 -35 86 -100 39 78 -96 56 -62 -28 -34 -92 -69 -96 13 -93 -62 -36 53 -88 83 -90 88 -82 70 60 84 46 80 -64 -25 82 -53 -72 7 -93 -89 97 36 53 70 31 42 -78 59 -85 -78 52 34 -57 -47 -11 -45 94 -31 -48 62 -13 -75 -51 -94 -20 -71 21 -69 -31 -26 52 -14 26 71 -15 57
-91 -29 30 22 90 -40 95 -79 35 -20 29 25 -74 -81 73 -67 84 -50 -72 81 -94 -63 18 -59 95 -45 -41 -58 -35 47 38 79 -29 -50 9 -68 -79 68 56 7 -50 4 -69 64 -60 -41 -20 -28 49 -6 -4 -31 -53 45 99 -2 -18 -58 89 -78 -70 -50 0 -49 -38 72 53 -69 -23 -100 24 -94 -39 -33 90 67 80 59 -39 -8 37 -54 98 -31 -63 74 87 88 21 -93 72 -92 -43 -15 -81 52 -4 15 31 46
17 -79 -35 -23 19 -4 -6 24 -87 -55 96 31 -22 21 17 -35 -48 99 7 -2 80 71 -66 20 15 9 -60 -14 77 52 -39 14 -69 -36 44 9 45 88 -30 58 88 -97 50 -77 -12 14 89 87 -11 -60 -97 -17 -19 72 -8 73 -88 -90 -98 -42 -5 -45 56 -51 68 93 -67 31 5 80 81 32 -66 -24 -75 -49 72 -86 -76 -39 61 69 47 -51 93 88 -46 -11 30 13 51 -75 60 -38 -27 -29 28 34 -51 -42
-64 -47 -10 -5 -76 -72 -87 55 25 40 64 -100 33 -39 -22 4 -96 0 -42 -65 62 -52 97 -70 47 32 -86 83 9 46 21 -86 46 30 -16 61 -21 59 76 -77 -22 91 -50 67 -10 -58 -68 7 -84 1 -9 10 -39 90 -37 -50 46 27 -7 -89 14 64 -19 -31 -63 -16 56 78 -62 -75 -33 4 -50 76 45 43 -17 27 -38 -56 -10 83 27 -52 70 65 65 -72 79 -93 -9 56 -91 -57 -92 -9 -42 -73 -70 25
68 -14 95 13 -37 -96 -66 1 91 49 -12 -57 -1 6 3 -29 3 26 40 -38 -64 63 28 -74 -7 -14 -2 50 -78 -28 62 24 66 27 58 -72 7 41 7 54 63 36 -21 29 56 -23 -56 85 -76 96 7 26 79 -30 87 -57 31 -75 28 -19 -32 -5 91 -1 66 30 47 -47 60 -38 -98 -99 24 55 1 -5 78 -63 -89 19 -19 70 -89 22 67 84 59 74 -92 -94 51 47 93 -56 15 57 -92 -14 -25 2
15 37 -96 78 97 -47 -95 -40 -45 -86 31 44 94 15 -27 -63 -15 -10 -49 4 -75 93 -30 37 -39 73 -48 27 -59 35 99 -16 97 47 -43 -4 -39 -61 -97 20 -97 61 61 -31 -23 28 10 -81 47 45 26 -17 -99 -55 33 -74 -59 -4 -72 -80 -26 34 82 24 12 -92 12 11 -61 70 7 -81 -25 -72 86 63 70 62 78 -56 -5 -97 52 -15 60 81 -33 -79 -71 -100 -34 -13 -76 91 37 22 -87 -24 50 42
12 -50 -90 94 87 9 44 -25 21 -92 -45 -17 -1 -86 73 78 79 56 -19 -86 -69 10 -57 -74 -64 67 -55 -40 60 -36 -70 6 51 -9 -17 -70 84 -79 -41 33 86 -70 50 94 88 -70 32 -4 49 -56 -56 54 70 -35 31 48 -97 -80 30 -25 62 -47 -91 17 65 20 -9 -83 1 -25 72 -61 -49 82 -33 65 5 -2 -65 4 -56 82 96 73 -36 31 -31 15 -5 26 21 -39 17 -40 18 29 -74 65 -87 90
6 -77 32 -33 -28 -64 -65 -41 -26 38 87 80 -77 99 -76 -73 52 -44 1 -16 -76 -55 74 -34 -64 -29 -75 -23 -66 -90 -74 -6 -52 27 62 -61 28 39 -6 85 12 12 -14 -72 24 39 -63 90 -84 59 -71 -43 -81 -9 -36 -17 -75 -39 -90 -9 48 64 -56 -33 -62 57 -96 -52 -86 73 -52 60 17 91 83 -79 67 12 -74 7 56 -1 -38 -63 -1 -25 11 -20 55 53 -35 -11 -42 -31 60 -8 72 48 -47 71
10 14 -58 -65 -95 12 59 4 -15 -11 57 -78 -93 -87 22 -96 47 61 48 77 -41 -41 -78 -62 -26 68 92 76 -18 70 -78 66 61 -56 97 -86 -59 12 -78 32 97 -27 1 75 48 93 25 -42 98 47 13 -30 -47 -68 30 89 -94 13 37 -13 16 -53 -93 -28 92 82 2 -54 50 -48 13 25 -42 -11 -59 76 -64 -49 53 -25 1 57 -83 77 -68 39 -74 -21 1 21 32 77 15 67 38 -64 25 39 -28 59
45 -64 -24 -56 -85 -43 -66 89 -17 4 -70 23 -40 -74 25 -12 44 -98 -33 -48 -57 80 51 31 -40 27 -94 76 8 52 56 17 48 -68 -26 9 26 -97 54 -98 73 1 85 -20 -55 -3 67 53 2 -91 -64 2 -64 -28 1 -30 23 -77 39 18 -70 22 -96 54 67 88 41 -81 -83 49 -62 -21 -20 69 -18 27 -63 14 11 -55 73 -81 -15 58 23 -30 95 33 -26 -63 48 -98 -29 -55 73 15 59 -77 -68 -59
78 90 52 62 70 -81 0 60 -76 25 61 -60 -50 49 43 -67 99 -76 69 64 86 -97 -2 -88 29 68 -56 -74 -5 84 -2 23 -61 98 95 -38 -7 -6 74 0 -74 3 -59 47 -90 -100 -36 -71 -75 57 40 51 41 -87 61 -100 71 -77 38 -48 30 -80 -68 2 -81 -83 -73 38 8 -89 45 -97 -85 23 66 1 29 -13 -24 93 83 -6 -52 -8 -26 -50 -99 -55 -5 65 12 -89 -20 -64 46 56 -84 14 3 -54
38 46 -79 82 -12 50 -89 -60 84 -15 99 -34 75 80 48 -68 -59 57 74 -40 -49 -54 -86 70 17 29 24 -58 -59 44 -46 63 -32 24 -74 -89 -40 20 -28 49 23 54 -78 93 -41 1 47 56 93 36 19 68 24 12 27 -6 -55 -1 45 90 97 36 54 15 59 59 -94 -77 -49 -13 19 -30 -70 -21 -84 61 -65 -13 -92 -64 70 -84 87 1 18 45 33 74 43 -96 63 -4 84 21 9 27 57 -15 94 89
-100 7 96 -71 -99 97 5 81 -84 -82 -14 7 16 -79 -47 -2 91 -25 -94 -45 -29 18 -59 -92 91 -34 9 -65 -17 -55 44 6 25 -12 48 13 -9 -7 -91 -26 -49 -94 -20 -82 93 -86 -4 29 -43 -32 -18 51 92 66 -89 -81 -32 25 -29 28 -49 -10 -37 -45 -47 89 83 83 60 13 -48 35 -36 17 84 -56 -66 48 -91 -82 39 -44 41 27 -27 -55 39 -89 52 -41 -26 -76 14 63 -49 -73 30 38 90 60
38 -83 66 78 91 2 50 -86 20 43 74 54 37 -36 -86 75 -80 80 -90 -25 -81 37 64 -7 16 73 96 -7 -59 68 -49 -72 -84 14 -54 -71 -90 -73 8 33 25 -83 -8 -97 44 -84 -25 1 -37 19 -34 -24 60 38 6 96 -57 -67 -62 98 -37 73 71 -64 -63 11 -14 75 -36 -9 97 65 14 -10 4 -98 -21 90 60 0 59 -44 30 98 -17 92 -15 -35 -48 81 53 14 77 -55 -61 -77 -52 12 71 26
2 68 86 90 -76 85 -4 56 -14 33 33 -43 17 -7 2 -98 -91 68 -56 88 -31 -81 -36 13 -92 -96 17 15 4 -52 83 -25 -4 -74 84 -49 -57 -43 52 60 -17 -69 19 44 72 12 88 86 -69 12 -7 -3 26 69 42 -27 30 -55 79 37 56 57 -11 -47 -19 -96 -52 -76 99 89 93 -97 21 17 -43 60 39 -44 -51 -88 -82 91 41 -51 72 -93 23 -37 46 -43 -41 45 16 -21 72 -35 87 44 -29 4
-49 33 97 23 -1 49 66 -7 -14 12 -12 -71 38 75 96 -99 11 71 -54 -11 18 -77 -60 -89 88 -55 -35 -41 82 -95 79 73 55 -51 3 -46 -43 58 -15 -42 -41 82 7 -11 -81 -95 -94 -10 44 -20 58 43 -91 -16 18 64 -6 6 47 -72 -24 -50 -72 65 68 -46 21 68 73 -89 -63 -81 -97 76 -51 -37 88 -3 27 58 73 67 -26 -11 29 62 62 8 80 31 51 21 -22 -62 -25 79 -43 72 -27 -27
-60 32 -99 -35 22 84 -81 -86 -60 -70 -54 -33 40 1 -20 26 -12 -26 19 72 48 96 70 28 57 55 45 -9 59 -35 40 -22 -66 -10 92 32 -77 29 47 -7 38 -81 -90 19 -54 8 -10 -23 84 -72 68 10 46 4 60 82 61 -20 1 -60 38 2 6 -90 25 72 69 32 -23 -58 -40 59 59 -48 6 -48 -72 -19 23 88 -64 -11 -95 -4 35 -27 72 89 99 31 -21 -77 90 -50 28 -74 -13 -30 -19 62
-93 -17 -79 13 -100 -43 -28 40 -86 78 27 -36 75 95 -98 -68 69 -55 14 84 35 56 -16 28 29 -53 -44 -14 -96 28 24 -45 -85 64 23 55 11 65 -71 49 9 -64 -91 9 32 33 -4 19 88 33 -31 16 76 22 -80 78 27 99 -40 73 37 22 22 18 95 84 22 -91 41 1 -13 -25 -45 7 39 -43 -26 94 65 7 54 23 99 80 -78 -11 -58 -92 84 44 2 73 -56 -69 5 86 -51 93 2 -78
51 69 -75 -58 55 36 57 -81 -86 -44 65 -81 72 -91 20 -83 24 -10 -85 -28 93 -53 27 19 -27 -35 -44 28 97 32 -73 -24 63 -16 17 14 35 96 28 12 14 18 15 -49 31 4 -4 -21 96 -25 -36 59 22 -73 -97 -38 -68 -26 68 -76 -71 77 -96 86 63 47 -34 -23 70 -14 -6 -12 68 -35 -78 -97 -4 -53 70 75 25 -83 57 49 14 21 -20 88 15 -31 -81 92 -40 -68 -17 -14 -84 -4 -49 95
21 17 34 59 30 -76 88 15 38 -54 68 -56 35 -100 75 -90 -59 -43 -24 -14 59 92 22 75 -72 -93 -93 39 83 -79 -33 34 -62 -81 98 -50 -90 -1 52 -25 50 79 -93 -34 -70 -31 -16 54 85 28 -74 -18 27 -35 75 -42 29 65 15 -13 -8 -5 23 -99 31 23 -68 2 41 -39 -82 6 95 -8 -56 -24 2 26 -26 -86 6 24 26 -94 -79 5 -70 -33 53 -15 73 -22 -15 29 11 -53 -45 -100 76 90
83 -54 96 -43 84 -73 55 -35 40 79 51 -22 53 88 47 -42 -64 -57 49 51 6 -50 -95 -35 14 -20 -58 -4 -97 -87 55 41 -38 73 -65 2 -99 94 -90 74 -87 4 51 42 -82 84 32 66 81 -99 11 -84 -11 -76 -12 36 22 -97 0 -94 44 14 -71 -84 92 -96 -13 33 -76 79 -52 57 -44 97 9 17 26 -26 -30 -70 22 67 62 22 88 -79 66 -68 -50 82 56 -58 56 -85 -55 18 -75 -82 -58 46
-99 -17 15 -77 97 41 2 59 26 42 92 57 -82 -72 -40 75 -61 -99 -82 -22 -14 -26 -24 73 -9 15 -46 73 -17 -68 -58 -10 -58 61 -67 99 -63 3 38 -58 4 75 97 -97 67 -46 -83 -35 -6 88 -65 58 73 -46 -60 -90 92 3 -52 -28 -11 -83 -2 -11 -68 12 -81 54 -14 37 51 -9 -56 -83 -19 35 41 62 -50 -70 20 -36 -78 -29 34 19 33 27 -18 -22 38 42 75 75 18 -15 67 88 -15 -54
-52 -63 90 -1 30 54 85 -37 -86 -16 85 66 83 -25 22 21 34 -79 -93 -34 -26 9 40 -50 92 54 86 -8 -93 -35 71 23 23 -31 99 -55 95 42 -22 4 -55 -32 -76 -10 97 18 -44 43 -11 -83 -90 -59 -76 -55 -76 32 -94 -72 37 23 -8 29 -27 90 10 68 -84 49 -60 41 1 -67 -79 71 55 52 11 96 54 -23 -14 -93 -32 -68 -51 84 82 -61 -26 -56 95 -8 -15 -47 -13 -92 34 -31 59 89
-59 -74 -54 -10 -73 -36 -11 -37 -20 -50 52 -30 95 61 -87 94 -39 -20 92 27 86 59 -13 -71 -34 -72 57 -46 73 13 -88 91 -61 28 -36 8 87 9 -35 96 -100 79 -61 -30 90 93 -27 91 89 18 47 38 -90 63 -68 21 -67 -50 -51 -24 33 -61 -26 70 -44 85 83 68 -17 -93 -29 -85 -70 -66 -98 82 76 62 87 -87 28 19 -95 8 26 -30 -91 -80 -78 35 -37 75 -44 75 -52 69 34 45 18 -7
25 15 26 -39 5 61 90 -40 44 65 58 -94 -48 -29 -2 39 -7 94 -1 -95 -61 -15 -82 -70 55 79 -39 -23 78 56 81 88 -19 -3 -20 -73 -65 8 6 -18 -13 -58 -96 49 38 -74 -74 16 72 73 92 -79 46 -53 -54 42 68 41 -59 20 -2 -44 -4 3 -75 77 9 -95 -22 92 -75 71 -45 48 62 -50 78 66 -77 -10 27 -61 -65 -79 29 76 -28 70 -100 -3 90 -88 17 40 38 96 39 -99 62 5
-31 34 42 57 -72 -89 -15 -5 3 -100 -12 99 -68 -63 0 32 55 15 0 88 -69 -2 -62 -58 6 40 -63 42 96 41 81 58 9 -52 -58 -45 -86 15 -95 -72 77 43 78 -40 -57 -91 -32 -19 14 -15 -19 69 48 -11 -3 62 -84 -8 84 96 -47 -69 15 84 18 59 -36 -16 -1 -92 -22 1 79 75 58 -16 -44 48 5 -52 78 -74 66 93 36 67 -4 -32 -93 22 -21 -85 -46 -40 -81 59 92 90 -59 -83
7 -55 79 -65 45 -57 -66 -27 -68 -70 6 -85 77 -86 45 -5 -24 -14 -76 -96 38 -1 76 46 54 -28 -97 -29 -37 13 -87 -71 -16 91 -22 13 -35 62 -81 -54 -40 -45 -36 98 -48 -77 -1 63 20 79 54 58 99 -98 23 83 51 3 -31 -9 65 99 -77 -16 -35 75 64 91 19 -50 -68 28 58 -21 14 -36 -63 28 20 -68 -31 -60 -79 -20 98 44 91 41 -38 -43 -87 -66 -97 87 55 62 77 60 -33 71
31 -82 46 -56 -96 58 -17 -78 82 6 75 -1 -64 8 -16 -25 -96 -31 3 92 44 -66 -5 -49 -42 67 84 6 -44 30 80 80 -49 69 15 -77 -48 -46 5 10 -94 -51 51 82 64 76 57 25 -74 -43 -12 -51 37 -56 -55 83 -51 49 93 -53 3 54 -13 -4 52 -21 -90 -8 31 84 13 -14 -14 -86 39 43 7 12 -80 77 -62 -43 -84 80 -89 69 -73 18 93 -79 -59 73 -69 -92 29 -8 -41 -33 38 -72
-75 69 -24 61 79 -7 -94 -67 66 97 -43 65 48 93 59 77 -20 14 -89 76 -55 9 -40 10 46 50 -45 -89 32 68 -35 67 65 51 32 70 59 48 -76 43 -24 29 -70 89 25 74 -82 -45 -36 35 -49 -74 -20 12 -80 46 37 -74 67 46 25 78 -90 -34 59 -77 41 69 26 -66 -10 -41 42 -84 -65 -11 40 -2 -58 -32 79 -42 -80 25 62 -18 -85 93 -63 -26 31 -61 -55 -17 -66 -62 70 31 -9 39
77 82 21 50 64 25 18 83 24 -90 -60 -89 -80 94 -29 12 54 45 -8 -23 -98 -73 -44 5 42 74 -67 75 60 92 -100 51 24 3 -27 29 73 7 94 -2 81 87 -86 -59 20 -3 -8 49 -47 -88 -85 -48 2 -28 24 -95 -33 15 -74 16 26 82 52 -99 49 -10 -62 38 60 98 -11 67 -35 -71 -87 -78 -47 79 -39 43 70 26 91 -59 -4 36 4 71 -22 -42 -49 88 33 -90 90 -10 80 48 -69 -34
-57 66 -95 -60 86 60 -27 37 45 91 12 7 -3 91 -19 19 -62 69 57 57 96 -74 86 10 -86 -17 -17 18 -73 33 72 96 21 -10 -59 -10 -99 8 -51 76 -52 32 85 -21 5 43 -76 -57 -77 18 63 -85 5 19 4 -57 31 -2 79 -13 -30 -75 -56 45 56 27 98 -68 17 -82 48 77 -17 -12 -25 36 -31 -75 -49 -56 -81 16 -38 98 -67 34 0 58 96 -91 -30 57 47 19 -87 85 -95 93 94 -74
78 -99 16 24 55 10 10 2 -11 40 -36 46 7 16 24 22 50 96 -78 64 68 -87 60 -82 42 12 -66 -79 -18 -15 -63 86 13 -19 -30 71 39 -84 -19 -13 16 -71 73 -53 40 -32 -75 57 73 87 1 -26 2 95 6 5 -85 -91 35 75 -42 -90 -3 -29 68 36 98 51 -59 -20 -68 -51 87 -10 71 95 -12 -69 64 85 28 95 -47 -4 16 -77 3 -69 -36 6 11 -41 -15 97 -63 -42 -79 -7 -16 -23
-60 25 21 -34 -88 -10 -59 -48 15 -39 25 -96 -13 -79 57 28 -40 -3 -7 17 -44 54 -4 -56 -83 -75 32 27 -43 -62 80 36 -96 -67 -64 -88 70 -69 -11 33 -16 32 -71 -91 -17 -12 -81 -56 80 -27 67 -3 -61 11 41 -37 -11 -39 75 68 43 -72 62 -74 57 -27 -91 -33 -81 -68 86 -90 -49 62 82 92 73 29 93 -44 4 -83 -38 -59 90 28 84 25 4 45 89 33 -94 -83 82 85 25 3 -93 -34
15 10 23 -44 -13 -90 -40 -8 -11 11 -79 -6 2 80 -97 -73 -9 16 36 78 -33 68 47 -19 1 -1 -62 -84 29 6 88 -60 14 41 38 -91 -83 -79 15 -72 81 83 -88 -11 38 -86 71 -89 -98 88 25 58 -44 27 -8 86 30 56 17 26 49 62 -98 24 43 -9 52 -5 -99 3 12 -81 45 -13 -58 44 63 -77 9 -5 -75 81 -45 -22 -45 -79 97 -36 52 -78 84 65 16 -74 85 53 -31 67 -26 8
3 38 -90 -84 5 98 60 -80 59 57 -19 -9 -83 8 -68 -51 33 84 -100 34 34 61 52 66 -77 2 22 12 -95 84 -18 -89 -21 74 -30 70 71 -25 -55 -66 -38 -79 62 43 49 13 27 -10 -84 27 -90 -35 74 -6 6 -47 49 20 29 49 54 -31 -5 30 -93 42 -54 97 42 27 -73 94 89 90 88 -35 -56 -6 -20 86 -1 -97 -51 -17 -57 -62 -71 -65 -94 5 -21 84 -7 50 84 72 65 91 43 28
23 51 -25 97 18 -96 -3 65 -100 33 20 -47 14 92 24 -72 -56 24 30 -14 -75 56 -26 -8 19 -46 21 12 -25 -32 20 -34 41 58 68 -47 -55 66 -72 -72 97 1 -12 25 9 -90 -75 -41 -13 -23 80 40 -49 41 -92 -26 99 -64 86 -38 13 31 68 25 28 -2 -22 78 86 81 45 -88 -39 -26 -39 -79 74 -68 6 64 61 8 -21 33 0 -71 -48 34 92 -65 75 24 -11 5 71 -13 8 -30 -92 -86
-46 9 -44 96 98 71 -89 -21 57 67 22 -42 60 -57 56 -44 69 -86 -88 69 84 25 88 86 -74 95 -3 -70 79 47 -44 8 0 24 -93 46 -100 49 69 -84 89 -35 30 -58 91 -67 -15 16 3 94 93 30 2 -41 2 91 -15 13 -91 -28 4 15 -63 -77 29 -30 59 54 79 38 23 7 -51 -6 -91 -8 -55 -92 -8 83 97 48 -24 -88 -66 -67 -42 76 36 90 57 -42 27 87 -1 -24 87 -61 59 -80
-42 59 11 59 -52 90 42 4 -40 -96 30 47 -11 -75 -24 -48 97 -70 69 8 -3 -27 -100 -58 -63 -29 14 -83 -33 -40 -7 81 66 -18 -89 -56 10 -83 30 -57 57 -67 34 -57 74 -18 11 85 -29 -97 61 10 -4 3 -16 -85 -11 -48 -42 -82 -66 -79 1 -99 44 -80 34 -68 55 -66 67 -89 34 -13 -13 33 -50 95 -35 59 -41 -62 37 51 12 -48 90 -44 31 -17 20 -67 -89 68 -95 -10 81 -56 34 -32
-45 -79 -86 70 17 -82 -19 -66 -24 -42 -37 73 -58 -39 52 80 57 73 -6 -71 63 -41 95 -17 -43 70 -8 -52 63 -9 -16 -1 28 -73 45 -39 -57 44 -9 1 -94 -24 31 54 86 7 -72 -34 -43 -98 31 0 -88 32 -29 92 -24 16 12 -25 57 14 94 73 92 -40 -7 -55 17 57 -13 -11 56 -88 32 87 92 -76 -23 -59 87 -89 -30 -11 -81 -94 98 22 -33 -12 36 53 69 68 17 23 67 -95 30 89
22 32 41 -82 -36 -77 -34 60 -6 35 74 37 -13 5 80 25 98 12 65 15 45 -21 22 -23 -48 -3 -73 -34 40 35 91 48 -71 84 -83 -8 55 -79 59 -59 1 4 -14 10 -60 -22 -84 83 71 -90 -56 46 16 -10 13 -39 69 -39 -43 83 78 36 -69 -99 56 52 55 46 -75 95 41 37 -29 -99 83 -39 -70 98 -13 -21 83 -38 -23 -61 69 -51 -49 -14 70 83 -57 -13 -96 12 8 73 60 -96 -80 53
-28 -90 36 -1 -88 -51 98 -49 -43 -65 -8 -4 -57 -34 59 -34 -72 -100 87 -13 -56 75 -46 -77 -88 -77 -12 -60 32 11 65 -25 -77 30 -18 -16 -74 -13 -91 -32 71 -1 71 48 22 11 -95 -86 -99 69 4 -55 13 31 46 41 92 56 21 -6 -71 -83 96 -42 -35 -18 8 31 70 -100 30 21 24 43 27 -81 68 59 20 -63 40 -91 -1 46 -74 -21 19 -67 68 87 -26 -11 -87 -38 -31 -8 -52 12 15 -6
-41 -14 89 71 14 -8 53 -91 -39 11 29 74 -4 65 83 91 42 -85 40 -40 63 43 -19 -39 -14 73 -53 -17 -74 59 19 84 39 37 -42 -30 -60 42 1 8 27 70 -71 3 -5 42 -4 56 -57 -44 -4 18 -87 89 52 -58 76 28 70 44 -87 -81 -79 30 -24 -95 -87 -97 -56 33 38 62 -54 -88 -53 -47 26 97 59 -50 21 -37 -55 -42 -36 -73 -12 -96 -57 -7 -1 21 -23 -1 50 -92 -18 54 82 -25
-32 -7 95 54 -35 -17 5 51 -72 80 13 33 34 -79 -23 -58 -64 -84 -33 -29 16 57 -25 -46 -93 28 43 81 50 16 47 -3 -2 -21 -82 69 -20 -69 58 -97 22 0 19 96 58 -28 -71 -88 32 -10 89 17 -67 61 60 -16 36 -83 70 -96 -95 25 -57 79 -82 -46 37 -43 -19 -88 -29 80 -33 76 70 28 -95 0 -74 -5 47 86 -59 13 72 40 -97 -48 -37 88 94 -35 1 -37 -81 35 -62 97 95 -67
-24 -74 -78 7 62 69 89 -67 62 2 29 -71 54 44 -72 95 8 -64 -75 76 67 73 1 52 82 67 23 72 -42 -25 -98 -89 -95 -58 -5 86 -68 92 65 82 58 -81 2 41 -22 16 -100 -49 -37 -98 20 85 59 -88 -61 -62 26 81 59 -6 34 -6 57 79 -44 18 -58 11 20 -94 -68 8 -81 -86 89 -74 -80 -4 -53 7 71 19 -85 27 90 -63 60 98 -58 63 -85 95 50 82 73 -88 33 -17 -72 41
81 -100 -40 -62 42 -45 -10 -75 37 60 -57 -58 34 66 -72 -53 -78 33 48 38 -50 47 -2 45 -2 35 81 -22 -14 49 -27 -9 -9 87 22 -86 75 -4 -39 26 -89 39 -40 -77 49 37 -3 7 -13 72 -79 -89 51 11 -72 22 -61 48 -22 84 16 72 94 -24 27 -13 35 59 15 -46 50 69 53 3 68 -12 -88 -9 90 36 -60 81 -52 97 49 4 29 -1 82 -10 -42 23 37 22 95 53 12 67 97 -30
-84 67 -76 72 -56 42 14 -77 -60 0 84 60 -25 33 27 84 94 56 91 33 61 -60 60 28 54 -91 93 95 -2 -6 -97 4 -88 -88 46 70 -99 -1 -80 -100 -44 89 -88 -84 99 10 87 61 53 -41 20 74 -84 -92 54 28 -69 24 64 0 -6 8 -51 -38 35 0 -10 27 8 44 70 -59 46 -62 19 32 4 50 34 10 23 93 -1 22 7 -22 32 10 -83 25 23 59 -93 74 -14 14 -13 -31 -47 -38
-42 27 -42 -75 -15 56 -41 84 54 -19 18 82 7 55 -4 -48 7 -14 26 83 -79 96 -66 -29 34 37 69 -47 40 81 27 -20 -5 46 88 37 -69 -58 63 -56 88 -26 3 -57 -25 -99 42 -53 -63 -74 95 -92 -46 -73 -30 24 -43 39 71 41 28 3 -58 1 -74 83 -54 55 -10 -97 -31 -80 51 78 59 -88 -85 86 35 -52 -64 83 79 -83 66 89 -65 77 -35 74 84 57 -63 84 -38 -55 -77 96 62 45
28 -39 79 82 54 41 -42 -75 79 -21 61 73 73 -100 58 -63 -2 -21 15 -4 14 -48 14 -53 97 60 39 52 69 -56 -93 35 99 -31 69 -13 94 20 66 28 -25 -78 -38 19 63 -32 -28 14 -86 44 73 -33 75 -23 -49 69 -90 80 -98 68 77 -69 87 -13 45 -57 18 -81 -17 -2 -67 67 52 72 -17 97 -71 -66 -34 19 -76 -51 60 75 -73 54 -97 42 38 -84 65 55 -51 65 -69 -77 67 -52 49 -7
-9 79 38 78 -2 -31 23 29 -61 56 95 -40 -93 84 20 -31 27 87 71 47 -41 -62 -74 35 33 -94 -41 49 86 51 -54 -76 -47 -40 22 56 77 2 -24 -34 -11 11 75 -8 -69 -29 4 79 -16 80 41 35 76 -55 -47 64 -82 -26 -23 59 -47 36 82 -59 -41 -12 21 -55 73 -86 -98 -86 -33 14 -14 9 11 79 -24 87 42 76 -71 34 -24 -97 48 -68 14 15 -33 4 -23 29 60 0 47 -37 48 47
-99 74 56 7 56 57 -2 -50 36 -11 20 9 71 43 40 82 -98 -85 84 -65 -89 84 24 -26 17 -19 68 67 80 7 50 17 -87 -31 45 -72 45 -92 -77 -5 32 -61 19 1 7 8 81 96 -73 -60 35 -37 -9 -34 74 65 -6 -91 -12 -78 67 -12 -87 18 -6 37 76 28 62 38 -29 57 78 7 92 -84 -19 75 23 58 32 -71 86 -47 36 -34 80 17 25 38 -50 80 2 17 -96 -71 -24 6 -60 -54
67 10 60 50 -50 56 -90 51 60 -29 -15 -53 -37 21 57 66 -98 -65 -81 36 -10 -77 34 43 -56 63 -7 -6 20 73 -9 -26 -61 -26 -83 -25 -45 -43 71 -56 -58 -61 88 64 -8 -16 47 36 -56 -86 -17 74 -5 69 -75 -82 12 46 -47 -60 -31 39 -88 -95 85 60 -58 46 41 -80 9 3 -82 -26 -36 -83 -33 -17 26 75 -71 64 97 8 5 -62 -13 -98 44 0 -62 42 -79 -73 74 -30 67 95 64 -75
-21 95 29 7 -57 -36 -95 -90 -18 77 -62 28 -28 -67 -8 14 7 -59 -22 81 45 4 82 -6 19 -10 31 26 -74 -35 1 -27 4 -96 -93 57 89 53 -88 -61 19 -8 -8 84 66 6 18 48 36 -81 -3 -26 -10 -1 14 -91 43 90 -69 29 -45 -30 86 -62 71 -97 2 -75 80 -42 -89 68 -89 6 -46 -20 -24 -42 -81 18 -64 14 63 29 51 96 47 85 16 39 50 42 89 -59 -29 -97 40 37 -19 33
-91 -100 -37 95 -21 82 34 10 40 -91 52 99 -82 53 -6 98 -87 27 3 -10 -25 -47 19 -72 -82 -10 -17 -19 15 -69 -15 -25 -98 57 82 85 18 -82 12 -21 34 83 86 -36 25 21 77 32 34 -37 25 10 97 -49 -40 66 28 61 74 54 -3 -16 8 56 -89 -35 55 23 -24 -71 -77 58 -98 -39 -92 -50 -65 95 -4 -4 -77 -33 40 -92 -94 30 50 33 55 42 -25 45 -24 -96 -100 61 -72 -39 28 -56
-31 56 -42 4 -57 -65 42 92 -84 86 -94 -58 34 28 -91 99 59 -69 76 -100 63 99 -2 -33 -47 77 -53 -5 0 -96 10 -70 60 -4 93 40 95 -33 84 -9 -27 50 74 -99 2 -6 -58 -66 -45 49 -60 -72 -86 44 38 -96 22 -6 16 6 -96 53 88 56 86 -63 90 53 81 33 -83 -55 78 -46 21 36 29 -62 -75 72 4 -36 13 -92 -64 -86 -22 58 12 -76 11 -91 16 89 36 88 68 -39 -54 4
4 62 70 -8 -23 -48 39 -72 37 -2 -79 -54 -87 -42 22 -14 -92 49 2 93 38 -87 61 -20 69 75 23 8 -37 -71 35 -7 90 66 51 62 7 -38 7 2 26 5 92 -67 -44 70 -65 -43 47 -59 -24 17 54 -86 77 -60 -29 -10 15 -2 -49 -2 -50 -28 9 -88 -12 2 -95 76 60 97 -99 -34 56 -89 88 4 -22 21 39 57 40 79 -53 -81 24 3 -60 -23 82 -74 17 -12 -97 -50 82 -28 -63 -34
89 50 -97 13 -35 16 -79 -16 -38 18 -60 5 -16 -72 4 73 3 -6 -70 2 7 -5 26 96 88 12 79 23 -17 -56 -95 -86 41 -89 80 -76 -72 43 -45 47 3 30 -62 -43 -46 96 -35 -3 -85 -48 12 -81 27 12 -22 -19 8 -19 -65 -23 -80 -87 66 -65 32 28 48 41 -38 -45 -79 -24 83 -5 -69 30 -11 -38 -41 -96 51 93 54 57 -55 23 -39 -69 -18 -93 -75 68 -65 8 -28 -89 89 19 23 68
66 82 1 43 -86 78 -4 48 89 22 21 2 -60 26 38 0 -36 -13 23 68 93 3 -68 -18 6 -40 91 -89 -2 -93 30 -30 -5 -43 -84 -90 83 -55 76 28 -35 -27 39 -25 28 -86 39 66 74 -2 -32 -78 -100 -51 76 23 39 29 35 48 95 73 17 -10 -66 -58 -44 -51 -54 -20 -40 -44 46 -49 63 46 45 -58 -39 50 -8 -62 -37 31 -31 -10 29 85 -48 88 86 65 4 26 -84 68 -3 -46 39 58
-52 -29 59 45 17 -4 37 10 9 -79 -75 9 39 96 -72 12 56 34 77 -90 -82 86 -61 -89 -37 -80 -98 -73 -100 34 -92 39 -2 57 74 -18 65 -52 -27 -44 18 -76 86 52 -79 26 -93 77 60 -2 71 -44 53 -78 73 97 65 87 -77 -95 90 -48 19 8 97 60 -30 -61 -92 29 51 -91 90 28 -55 55 68 -88 26 -49 -22 38 -23 -58 32 74 47 -18 -79 -33 38 40 -46 37 -52 18 -14 -43 69 -85
9 67 73 -29 -92 -53 85 -75 -72 -22 -86 72 67 -47 -43 75 -64 -26 40 -30 50 -12 53 51 -93 -37 60 50 -77 -16 33 -28 -22 67 -21 -100 -68 -83 14 29 80 19 23 61 30 15 -100 47 70 22 95 -42 -34 33 -64 -90 62 95 -77 50 -62 83 26 53 45 -14 74 8 90 -1 84 74 -17 -50 -88 81 -16 -49 41 31 -3 39 10 -60 86 -11 81 -85 -80 -76 -24 -68 -21 -82 -53 -42 5 78 48 32
-36 26 -20 -36 8 -76 83 -63 -72 76 -99 -40 -6 81 95 56 37 -67 -86 -78 -4 -42 36 65 -83 -29 99 -57 -37 -23 70 50 43 -96 67 -63 72 -77 11 -4 -59 70 -10 -48 -22 -38 38 -5 32 -34 17 -45 55 -42 22 -84 25 40 -23 71 51 -59 17 80 90 45 -28 21 -76 54 -75 -90 75 35 68 33 81 42 -38 -100 26 -83 -34 -6 -21 -79 10 -96 -26 61 -89 12 -89 -79 -42 -96 10 59 80 30
92 24 -61 81 81 53 -8 -98 -47 -15 71 76 76 -46 79 98 8 26 19 -5 34 -45 -90 -57 49 1 36 -31 80 -33 38 93 41 55 7 -89 20 66 15 -88 -97 17 10 4 -60 72 -79 -28 66 57 83 -75 -62 -91 -37 -100 -97 -76 40 42 36 -32 1 81 -80 -27 71 0 -47 -95 -34 81 -87 15 -83 -93 95 93 -25 -55 -32 -80 27 -64 -36 -10 -37 34 -99 -39 -58 84 -97 54 -36 82 -1 -31 -32 72
-96 29 41 24 -7 -57 95 36 32 -74 3 -44 -54 9 91 80 -70 75 80 -52 -50 -68 -62 -28 79 52 32 12 -90 -80 0 5 -18 94 87 90 -36 15 -91 -32 18 -83 71 78 45 72 -39 -60 44 54 7 -69 -54 2 -49 1 -41 -13 89 -75 69 -45 -88 -1 -33 -90 6 43 -7 -33 -77 79 72 -47 -19 4 43 -55 39 40 -38 -41 49 24 -99 -87 -84 -87 -94 49 -39 -86 -24 63 -76 82 63 76 5 -45
76 34 -25 8 60 -15 -94 16 -76 25 61 -22 -77 -17 -64 64 -47 -6 -85 -45 68 -29 -54 99 -39 -25 40 66 -36 -76 -34 -16 33 -41 -37 37 1 -15 14 -9 79 -32 25 64 -72 -39 -64 18 97 59 95 -46 50 -76 61 -74 -94 23 9 46 -76 -91 6 15 -5 23 -73 46 27 63 5 -1 -95 -94 -87 54 41 48 80 87 35 -63 23 59 40 -32 34 93 -24 -44 87 -15 -90 67 -11 -50 99 88 27 2
-56 84 -44 56 88 91 62 -5 -27 -37 -10 -5 64 -89 21 -61 4 65 51 30 69 -80 11 21 -41 -49 -57 60 66 43 -12 11 99 4 24 86 -85 42 42 87 -18 10 -23 -35 -46 -74 -47 53 -26 72 12 9 23 84 -10 -73 65 85 -51 50 -79 33 -26 66 -24 87 -70 29 73 -68 15 64 24 93 -69 36 -52 -58 -27 66 40 22 -61 83 81 13 -72 -92 -29 62 -46 -98 93 -98 19 71 15 -47 -22 -85
10 -25 25 -77 -100 -22 -66 -43 98 11 20 59 -10 -78 -84 -19 -20 -67 -16 76 -78 -46 -7 22 85 -61 3 24 -21 44 8 98 -13 8 -74 -61 20 -63 24 52 -42 80 -27 -9 68 -100 -83 20 -4 -61 -80 -44 92 -79 32 -76 -45 53 -79 56 34 43 -76 57 -85 -99 -86 46 -30 -27 -30 44 -6 15 -30 -51 45 -68 -41 -87 66 -25 -42 -58 -6 -34 -8 18 -52 94 -30 -78 -45 -91 -98 23 69 -34 -48 -63
-21 -14 -5 62 -21 -17 62 -51 -98 48 44 -43 81 -40 28 86 -5 -35 -85 66 -12 -20 -53 24 56 74 1 27 86 41 -1 -46 20 25 -76 -72 -56 70 89 26 97 -80 -26 37 45 90 78 70 -30 -50 76 88 35 13 33 -31 -24 -68 -71 -19 95 66 63 -74 13 -64 76 -17 42 68 -82 -22 -27 -56 66 -48 9 -69 31 -71 74 -10 61 43 1 76 22 10 -53 97 22 9 -2 -37 74 -94 22 82 32 33
-67 91 94 89 -76 -14 -50 95 8 -45 79 -74 -58 -82 71 27 -87 -98 -23 85 50 -15 52 -20 34 -90 47 49 -38 36 -89 4 22 -2 -81 -63 -65 -32 53 -84 -94 55 72 26 88 8 -5 43 19 -57 75 39 71 -6 70 6 -82 64 64 -50 33 57 -61 30 -21 48 96 -12 -43 -63 -57 -9 15 31 -99 86 50 -85 19 21 97 -45 52 46 60 -40 -85 -10 18 -35 -61 10 -78 -24 60 14 95 -25 -16 71
-88 6 -25 -40 38 -3 -95 39 24 -40 -24 -98 4 33 -3 -65 28 2 48 39 91 -47 -58 -67 -91 56 -33 -49 72 32 88 -85 -53 -22 30 -7 0 -81 61 -52 63 -97 -12 45 22 64 73 -64 97 5 31 97 32 46 54 64 88 -51 -91 -45 97 56 25 -79 -72 -57 69 87 -79 -80 -56 -34 21 10 -44 -7 10 88 65 76 -100 4 -58 -76 97 -62 -8 -9 -32 54 59 26 -45 17 -77 86 -38 -84 9 3
96 -4 95 -22 43 10 74 -46 -95 9 36 -13 12 19 -23 11 94 -6 -59 -49 -7 -93 28 11 -52 34 27 98 -25 76 71 55 -13 15 -48 -38 -27 17 15 -70 -7 16 -10 -56 -34 94 52 57 -84 -93 -96 -78 -46 48 60 -10 54 12 35 -68 -55 21 -43 34 55 13 -61 89 46 -12 -66 -60 -69 28 15 -93 -53 65 25 -8 -9 -47 47 59 27 -41 -23 -52 37 -57 87 61 18 -14 -86 -42 73 68 16 -69
-33 79 -100 84 62 -94 -83 30 63 6 4 83 -46 16 -82 82 -26 -34 64 -55 79 16 -76 24 30 57 74 2 -63 52 38 -1 3 -85 -55 -31 -37 -7 -34 -18 41 33 -70 79 -39 2 -10 -6 87 72 -71 12 -86 -15 46 68 16 -26 -14 27 57 -33 24 6 -93 58 24 48 -25 -44 -32 82 27 40 81 -38 -10 -40 -26 83 13 -61 2 -51 -96 -88 -40 53 -80 40 -38 75 -71 -40 -3 -38 13 64 -67 89
-100 23 0 84 1 -61 -94 -96 -74 66 81 -42 -96 47 -31 -81 75 49 -96 65 80 15 -78 -16 2 90 12 -75 43 -48 -2 68 -49 -74 -97 -27 76 84 -51 -50 -2 23 -8 39 -18 20 74 14 15 51 -42 42 -34 -61 -4 61 82 -56 0 83 -5 -76 -17 71 -47 67 -54 52 -4 -74 90 -7 -1 36 -64 -10 40 -8 20 -2 68 73 38 -96 74 52 -94 48 -47 -72 -65 30 -28 -72 -98 -91 95 -56 49 6
-96 13 5 -74 30 94 -10 -90 -84 60 61 -48 -89 41 -8 90 76 -43 55 78 32 83 -54 97 35 -57 -88 94 82 26 5 42 12 -56 -47 67 -63 -29 24 75 30 -11 -57 -13 -25 65 45 -27 90 -98 -43 6 70 -26 -84 28 -56 -59 -51 -32 54 31 -86 66 91 34 70 79 92 -3 52 11 -67 23 -11 58 -65 77 -99 30 -19 -46 -21 67 87 19 -60 -13 19 -91 29 50 73 -37 16 39 -45 70 40 -68
-38 96 15 32 16 -84 -4 6 34 76 86 -88 46 -10 43 91 -26 -86 10 47 -46 -29 45 12 88 -46 -45 26 6 -27 -90 -36 35 51 15 -88 -42 49 -23 38 -1 79 -13 -24 3 39 10 2 87 8 70 42 53 16 -24 -80 -36 -31 -97 6 -1 -74 83 -56 41 -66 62 13 48 -78 99 18 -39 43 95 -29 -67 96 -13 -49 -21 7 89 73 -82 -50 -21 40 37 -57 88 78 -84 -56 81 48 -47 -78 51 -96
43 -11 74 74 -9 -2 -72 -69 84 -58 1 -91 -79 -18 -97 -63 28 45 -71 42 -35 -56 37 -2 -22 -77 -69 21 -78 -16 -38 95 53 50 -75 -28 22 78 53 81 -13 -38 75 -65 -49 54 81 29 -6 -74 -87 -16 7 4 -16 -67 69 57 -82 76 -31 -5 -42 64 44 48 12 27 28 -78 33 6 -23 88 12 36 64 74 -46 53 75 16 -30 -47 92 36 23 -94 14 90 -59 -64 -10 -26 -2 -53 69 -74 -13 53
-56 48 19 -17 55 60 57 94 -17 75 -87 44 11 -92 55 82 -89 -52 -86 -32 89 76 74 16 7 -74 82 1 -42 -92 -76 16 -48 -22 21 -58 60 49 83 -9 -25 -55 -74 -27 -94 -14 -37 -51 40 -60 -66 66 31 -87 -46 -91 -70 57 -65 49 -89 27 59 96 -81 76 -99 69 -67 -53 37 -75 52 -97 39 -42 -26 -80 63 -25 51 57 57 -74 45 56 -29 53 37 85 -71 95 22 15 26 -99 66 -36 62 51
-41 53 20 -6 98 -82 -68 -35 3 10 -61 -72 53 -25 -40 76 13 98 29 85 59 75 90 97 62 69 75 -13 -51 32 -2 -23 18 -19 -67 -61 -60 53 76 -55 -57 -54 16 -60 0 79 27 34 25 -68 -23 -4 -41 -10 31 -99 0 38 -58 -25 56 63 -13 -32 5 39 68 -5 15 -7 93 0 -24 93 10 85 -65 63 -50 -77 50 -43 10 75 40 -33 69 -90 -48 25 26 -82 -29 57 -45 -23 4 91 -34 65
-20 -89 -82 -14 28 9 25 -10 47 39 12 -36 63 65 63 77 4 -76 59 80 55 26 0 57 -63 -55 -7 2 -85 93 -99 -81 27 -73 -84 12 -23 57 45 7 -59 -32 -3 23 -85 -44 -72 -98 54 -43 -69 45 19 -53 66 25 20 62 53 -83 -38 -29 -80 -35 21 53 97 71 87 14 61 32 -65 -56 -4 62 26 -79 4 80 34 -62 -66 -76 -14 95 51 16 31 -83 68 16 19 -99 -62 19 -3 -90 -94 18
-43 38 87 -57 -17 12 71 7 24 -43 -93 89 99 7 -50 -45 83 -79 37 -99 -97 -65 -62 -27 -53 48 87 7 51 32 47 48 -40 44 99 -7 62 33 29 98 -59 9 -9 51 -45 70 -46 -25 -27 40 31 69 53 26 -38 78 -7 9 41 85 -11 -71 57 -55 -12 55 -49 35 36 -15 50 -25 13 -22 42 -30 -71 -83 -27 98 47 35 10 80 83 -59 -82 -29 58 63 45 27 74 75 55 29 -16 -1 45 2
