-45 30 89 18 -30 80 -71 -45 -78 -51 -78 17 98 53 87 92 43 57 63 -4 99 42 -25 -45 39 -61 47 22 25 57 46 33 -46 60 38 76 -81 54 -35 49 -73 -39 -23 -100 -45 58 41 26 -15 -38 12 -5 -23 -81 -89 -55 -22 42 31 -66 73 38 7 -29 60 -41 -92 -94 -82 98 9 -65 -83 43 44 74 41 -14 81 -31 -68 -66 12 48 89 96 52 29 80 8 -22 47 43 -54 -76 20 -61 -53 30 -51
-18 11 -3 -2 37 1 -88 10 -99 97 51 58 -49 76 -39 -60 19 40 44 38 -81 -53 -71 77 66 1 -96 26 -33 8 0 -86 92 22 -87 -22 -11 -100 6 50 -34 -91 50 90 81 27 25 -30 -3 -49 3 28 29 -14 -36 -22 -68 65 -89 53 -83 -43 68 -46 -28 97 79 70 -73 79 -55 33 -88 -12 -88 13 -10 -74 17 39 -16 -86 78 3 64 -33 47 89 40 20 95 -56 -29 9 45 2 -7 -84 10 -22
50 -31 34 -92 -39 -76 37 -55 72 -80 -76 57 -34 5 -58 -57 68 97 43 54 39 -66 13 -57 1 62 -88 -56 -86 -3 38 76 -74 -15 17 -10 -1 22 87 48 -22 95 -82 -59 -76 -56 -66 73 69 -92 -99 42 -26 51 84 74 68 -22 -3 65 58 10 -87 -11 16 -29 -41 34 56 -97 -16 28 58 30 -19 10 -90 76 94 77 -60 62 36 86 8 -29 24 39 92 33 -56 -12 85 -8 17 -24 34 82 2 33
-80 -90 6 -69 19 74 30 62 20 -31 -94 37 71 -53 -73 64 37 22 -17 -67 80 -60 -89 42 11 3 -24 70 65 -52 61 98 -56 69 15 40 34 -91 -45 28 30 79 -12 -60 45 -86 85 79 52 70 -58 -15 -86 7 20 39 -48 34 -89 -74 16 48 -90 76 6 -18 -18 -89 46 -72 -67 -16 -99 -4 19 17 -88 -52 57 38 66 -98 -11 57 -8 55 -4 -72 -43 -68 29 76 20 -32 -7 -80 74 9 61 56
67 -62 99 -38 67 -41 72 60 7 33 36 99 47 4 30 87 95 20 62 62 -98 60 -81 8 -2 -63 -33 62 76 45 -42 83 -90 -81 34 59 16 -9 -47 -19 -43 0 -84 -68 95 -22 -32 93 -71 -43 -22 -52 -95 -25 -52 -63 -40 10 31 -75 -56 -53 51 49 22 77 91 62 -43 -36 44 66 58 29 31 -87 -91 5 -10 -84 -17 27 83 -6 -74 -21 -28 57 -52 -73 46 58 -60 -38 43 -27 -83 -60 -62 55
-44 40 0 91 94 -20 14 85 -58 21 -19 -63 -90 91 21 78 24 -31 52 -10 51 -56 -47 49 -52 -46 90 -5 72 -28 -3 98 99 46 38 48 -31 85 21 69 -67 -4 -27 -96 -31 28 94 -10 -63 -65 -37 -65 71 -45 43 -85 60 -38 -58 -36 -84 96 72 -67 -91 -59 12 7 93 96 25 -16 41 66 10 -40 -57 -25 26 31 61 -99 -27 17 92 -65 -65 -25 53 29 14 -98 93 -10 -84 55 21 75 72 -77
-74 -4 75 81 93 -24 79 -39 20 -24 4 -58 59 12 -16 -42 -61 -52 15 26 -95 70 25 32 94 -55 48 -56 67 56 -71 -6 80 44 -58 -82 77 34 -61 -14 -84 -21 -51 76 62 -43 25 92 19 -8 98 58 31 86 -95 2 -40 -99 13 -95 -85 77 63 19 -74 -48 -58 18 -73 73 -53 32 48 63 -4 -18 18 38 80 11 -80 -66 -52 -6 59 64 61 -19 -33 -66 -16 -63 -42 -44 -100 -41 -19 46 -57 -10
17 -95 4 15 -54 -43 5 -78 -14 -82 34 0 -41 11 -35 86 -30 69 33 74 -24 -6 -92 36 -96 -51 -92 -39 4 -58 -73 53 76 -57 -28 -46 -83 -68 -20 -1 -52 87 12 -86 -34 -43 41 -54 94 61 -37 91 29 59 -6 -30 -86 84 72 -38 -98 33 -85 54 36 -13 -68 -62 90 89 24 -18 76 -68 54 93 34 20 -88 -57 79 41 76 28 -51 -99 -1 68 90 -88 58 50 83 -89 53 67 11 -94 -44 12
27 -42 36 -49 80 -75 -61 2 -20 60 -94 69 -3 77 -13 -49 66 -51 65 -17 -42 -24 -14 -9 64 -7 -84 53 52 -88 15 -85 -3 -78 50 -30 -20 84 -74 -56 10 72 -52 -99 -35 -93 50 -87 -15 25 1 42 -61 -67 20 80 38 77 24 71 -22 -87 21 33 42 52 63 -80 85 -60 92 26 77 93 -62 42 -47 -35 17 -11 1 -34 -38 -79 -13 -36 98 3 78 -16 68 -71 -35 -94 -62 73 -98 -1 -81 79
-66 -17 86 -9 93 -85 97 -18 -27 45 -55 85 -45 -48 47 97 -77 -57 -35 43 -66 23 66 57 62 51 46 22 37 -62 38 28 11 52 52 -5 -70 -15 7 -38 14 -39 -62 -19 -50 -18 -20 -47 44 -40 -27 23 -91 -17 -17 -11 -63 -53 44 -29 -32 -81 81 82 -2 -70 -61 73 -93 87 62 -37 74 -44 -67 74 47 26 52 50 49 63 -84 58 56 34 -78 0 -77 7 -59 54 15 -49 -67 4 28 -88 58 3
78 -44 67 -38 -79 -60 78 -34 -10 48 79 59 -43 -49 -79 46 26 -24 4 -35 56 18 13 -69 -86 -92 79 -60 33 -20 -96 -76 -6 -78 -65 76 21 -53 91 -15 58 63 -70 -1 -9 78 87 -88 -21 -55 1 -39 -15 33 -51 -3 89 49 10 18 22 7 38 -55 -85 9 -87 -88 -75 -82 -89 95 -46 -99 -28 -28 50 73 -39 99 -90 12 -14 29 82 91 11 -1 4 -72 -93 -63 17 -21 95 -9 -99 -7 94 41
72 9 47 17 -63 57 38 51 -14 -98 57 3 -11 -3 40 -96 -17 55 -96 -89 64 37 73 -64 -93 -25 -74 27 -4 90 -92 4 -61 -77 -82 67 46 53 -92 -32 -50 -90 81 39 -53 83 44 -23 -20 44 -40 74 -27 -100 -20 57 -8 62 -24 9 -21 47 -59 -29 52 -96 -68 -23 4 -32 52 -79 75 48 -36 -93 -26 -65 -89 90 62 70 -31 -54 71 77 -38 -91 28 15 -65 -3 -46 45 -44 69 -34 -69 63 -72
-66 50 -87 53 94 -87 21 0 -90 -67 -2 22 -59 -65 -37 33 -2 32 -40 -89 42 -29 -75 2 22 -13 -39 -81 -32 69 91 -94 91 -28 56 64 27 88 -3 -37 70 77 -77 -94 -71 45 34 -49 75 -8 -75 -99 -53 53 -23 -85 -10 43 -72 2 94 -6 81 -21 -20 51 -51 3 -15 -4 32 -22 -60 49 -1 77 77 66 17 56 -37 -95 -97 32 -62 -11 -27 -71 -59 79 -26 -55 -27 95 -23 77 -73 61 47 -72
14 -77 -48 -53 -80 72 -77 58 1 8 78 65 40 -49 36 -51 -90 -49 -55 -9 89 67 91 -54 -19 -41 -13 65 86 -47 -72 -83 57 -80 -62 -60 -21 33 -32 -93 28 75 -12 88 43 35 -4 -95 23 -47 72 -37 -34 45 -15 56 -52 11 42 -25 50 -67 -55 -20 85 -83 -17 81 81 54 -100 62 62 -84 87 -29 -16 -34 -93 46 73 92 53 2 -94 67 -60 -61 65 -77 41 -18 -65 34 -81 -83 88 -15 -29 55
-23 17 -88 62 -12 -49 -86 -90 -20 10 62 -84 -74 -17 42 39 -47 -49 76 97 52 -62 -63 -92 -43 -26 33 -84 40 62 -97 91 76 -97 42 18 35 60 -16 21 76 43 -15 84 -44 -72 -18 -66 -60 -73 51 76 -99 -30 25 6 9 86 -27 -49 36 6 -36 -63 38 95 -72 -83 -80 -37 98 -47 72 84 57 -85 -87 44 -62 -77 66 48 -45 53 80 -73 -1 -92 -53 80 43 -50 10 59 -73 82 85 -78 47 -10
-65 -17 33 29 -49 18 -69 -81 -99 -93 81 -98 -87 92 -30 -86 -5 -65 -96 75 48 -36 95 16 -2 13 -41 79 -68 88 33 -86 -13 68 -53 -42 87 14 -81 -60 34 56 87 99 -55 81 37 24 46 76 53 -84 -60 63 88 -71 -46 45 24 -99 71 5 46 -37 -49 36 35 79 -70 -93 46 8 9 -71 4 -48 80 5 14 48 23 29 -84 91 46 43 31 15 77 53 -99 -93 7 -96 -12 -60 -46 97 -73 90
-52 45 -61 -26 87 55 57 -74 -95 -58 -13 -10 39 -70 96 41 -59 -70 70 49 2 16 -94 94 49 -15 22 -32 -9 63 -29 62 4 2 -30 96 -32 76 -25 -44 -78 59 -68 -45 -55 -45 38 -83 59 -53 90 -79 0 -31 -2 -75 9 -61 23 5 86 -5 76 -42 19 87 95 15 -32 -91 42 82 48 66 6 -67 82 -33 -90 -90 -25 66 33 25 45 -55 -81 51 88 -21 -5 -51 -21 -15 -58 -61 -8 62 -73 15
-86 80 -89 96 26 73 21 -35 81 -52 -2 26 -52 -86 -89 -11 -44 40 -5 -64 30 -61 -46 -91 -8 32 97 2 -91 -68 -81 -97 -25 -70 87 17 -61 31 78 78 50 -62 6 -53 68 13 4 -92 92 -63 -49 -43 73 75 74 -87 -35 -6 91 24 -21 -42 -6 -83 97 -90 -46 33 36 86 -44 50 -46 -8 87 6 74 -7 -72 47 93 -33 45 40 6 -61 1 26 93 94 -51 -33 27 -56 -25 21 61 78 -79 7
6 0 -70 -62 21 84 77 -95 14 46 -98 -57 -67 -66 -47 -92 -78 26 21 -88 49 -46 49 -39 -74 98 33 -1 -20 54 -26 39 55 96 57 54 -25 73 15 -28 -94 14 85 1 33 80 -6 -75 -48 53 46 -79 63 -60 -39 -59 51 -83 -97 -50 -24 57 -49 71 -86 -35 22 -14 -28 42 -57 -79 69 -61 73 30 20 97 2 44 -17 17 -58 -11 25 -9 94 6 69 77 66 -11 50 31 -46 -73 83 67 -42 -43
-1 5 -22 91 -84 -6 -54 23 -84 10 -49 27 -46 -37 52 -24 39 65 73 34 -33 67 55 -58 -26 -45 -21 -37 32 -84 -12 73 35 48 -30 -97 72 -68 -24 28 20 -72 -87 -70 -83 -11 -56 -67 93 -50 61 -92 -15 -92 45 -18 -30 69 -82 -97 -57 64 6 -62 -83 -19 -65 79 -93 39 -51 32 -43 -34 -18 5 -95 -27 -44 -41 61 -1 24 73 -38 69 -18 22 93 -18 -37 -1 -99 34 -76 -70 62 -62 34 -16
-11 -26 29 -95 -18 -29 94 52 -55 22 -62 74 -26 46 87 51 9 -14 63 85 -57 40 43 -91 31 -63 60 -83 9 46 8 -1 -20 25 39 -1 -55 60 40 11 52 -64 85 41 69 28 -16 -11 -97 21 71 -45 69 -54 68 16 -88 -63 -83 73 55 82 46 -20 -39 -52 -79 93 80 72 45 -82 28 78 -96 -7 -60 61 56 16 9 -99 66 23 68 -66 -37 38 -31 99 -54 -20 -19 1 60 91 89 62 43 -32
-37 -76 79 -31 -84 83 6 -45 -38 63 4 -17 -72 85 13 8 41 -8 73 -53 -34 48 93 -47 -54 85 84 -84 17 -82 20 1 -99 80 82 -35 -84 0 42 -80 -85 -42 3 -83 -87 -21 15 -31 78 40 6 -66 -79 -36 62 -56 -91 -97 20 19 -65 39 -10 42 75 53 -10 -5 -12 28 -75 -86 -84 70 -44 23 -98 28 -81 44 -69 47 24 37 -90 19 -73 90 38 85 -85 14 62 52 -2 86 97 40 -78 46
14 34 88 -14 34 93 -80 17 70 94 3 -28 48 3 -95 -68 18 -20 -41 84 10 -73 20 -87 -80 -35 36 -49 -23 -41 39 -12 -72 96 -14 71 57 77 7 13 -81 3 -90 30 40 -87 -12 -2 -97 -8 -14 95 23 -79 -17 -69 -81 46 -69 57 -23 13 -65 -92 15 36 -28 -80 -72 -1 -59 -93 36 70 26 64 -96 -4 -89 -2 -92 -87 -10 -39 -34 -47 63 28 11 -31 0 38 34 -58 -58 91 54 50 52 83
-48 13 13 -22 24 -51 -67 -18 11 -31 -14 7 71 -51 -24 38 77 15 -43 53 31 -50 13 -2 19 -73 -27 -37 -73 -1 -65 -3 -39 40 92 87 -66 -65 98 -51 33 -46 78 -3 -65 -56 -46 -71 -69 -85 -30 98 71 -84 -15 -11 -53 -9 0 72 14 24 90 55 59 -93 18 -14 -89 -22 -46 -68 -46 -63 -80 53 0 95 -23 -23 98 -15 76 -78 -68 -55 31 -41 -10 -43 33 -3 -18 82 -19 4 27 81 74 41
-60 90 -66 90 38 -11 61 -7 89 9 -47 41 20 -47 -43 -91 92 -38 73 62 33 15 -25 -39 48 -44 64 -69 76 -26 -69 -37 -81 -57 35 -41 -28 53 5 68 79 54 6 -71 -14 97 -82 -92 -1 20 -37 -97 93 -73 -43 -51 16 -98 34 32 -15 70 12 35 67 -42 -95 93 7 -83 -75 55 -55 -4 31 -32 -66 -53 83 97 -76 76 -61 44 -40 60 5 48 78 67 -67 60 86 -61 89 -86 -43 30 29 53
31 -10 -23 53 70 -10 54 63 -4 -76 -3 95 76 33 57 -90 1 56 10 -88 48 -6 67 92 2 -83 9 15 11 78 81 -74 16 30 -8 -70 61 34 -33 -33 -95 54 -6 -30 -61 -3 -38 -98 65 26 -53 3 -88 -28 73 70 -92 -5 39 66 61 76 -90 -72 28 52 92 -78 -59 -62 98 -35 -89 49 42 84 -65 -6 -98 49 18 16 79 32 35 -2 -93 -94 43 5 -57 96 -50 32 87 79 -56 34 -38 74
-70 -85 15 -12 -48 53 -23 -85 35 49 -53 28 20 61 92 90 -47 11 -5 4 28 -67 -1 77 48 -98 62 85 25 64 -9 -32 96 -83 -91 23 -79 14 -61 -67 -14 69 -57 -9 31 26 96 -16 27 64 -55 74 -53 63 24 46 -19 -30 -68 81 13 -21 14 -17 -54 54 84 70 -16 -96 -32 7 -1 71 9 -76 93 -12 -58 89 24 -28 -7 67 -54 -4 17 -49 -56 82 -41 -60 -95 10 47 22 -43 -13 44 -74
57 25 92 -57 -5 44 -31 -69 -71 64 79 -86 51 -41 65 77 15 10 -85 -97 46 6 -14 46 -7 13 -42 11 -83 75 -54 -31 31 -30 36 -46 -99 9 -45 94 17 44 8 -55 19 -69 20 -78 -25 -3 -24 38 -24 89 -53 -70 95 76 59 84 20 -14 -24 -84 -88 -37 -36 -77 -95 -42 99 16 -85 -26 57 -80 7 2 -83 51 -19 -50 -57 -15 -90 57 9 33 -17 -16 17 -43 12 -55 -72 -74 -20 25 3 67
67 91 36 94 -86 98 65 48 -87 58 -73 -47 49 -25 48 -37 94 -23 49 75 -93 -56 66 49 83 -69 -61 85 -68 55 -75 -53 6 82 -30 65 -99 81 -74 97 34 -71 28 53 -68 71 41 -81 -71 20 35 11 47 -19 -24 -47 -92 -98 47 50 0 -15 51 75 46 64 63 74 64 7 30 -72 -43 18 2 10 76 3 -81 -31 23 84 -27 55 -92 -8 71 1 -36 74 84 48 43 -79 68 -47 -37 -52 -31 21
30 -18 11 73 -16 47 -38 -83 -64 6 13 -46 93 -78 6 -79 63 -13 47 -95 99 -6 34 60 -46 11 -30 30 36 34 -8 29 -15 -89 -77 -63 18 -63 -8 48 6 8 -59 -4 11 -14 -59 -2 -16 -61 19 29 -42 -75 -35 -62 -46 -50 91 12 -53 -9 -76 65 -4 -100 17 -6 -14 66 -67 -98 -72 -11 -10 -88 0 -48 93 -52 -61 59 -85 42 -68 6 96 95 88 26 71 13 -74 3 -75 -25 -11 -29 79 29
-83 -63 74 -55 6 6 -64 -12 57 -14 -80 73 -56 73 -53 35 -1 56 64 -42 -67 55 39 -12 7 31 83 -19 -11 -71 -86 -56 84 20 55 -12 -30 46 -27 97 -62 68 -94 82 -59 44 -93 -57 89 80 97 -70 51 -54 38 -78 -30 73 75 -10 85 -62 -83 -8 -67 -20 57 4 85 65 -73 98 -30 -53 37 74 69 54 27 79 73 4 54 -25 -88 50 72 -22 -34 11 -60 68 5 30 91 -71 -71 88 -48 -42
-80 59 1 43 -96 -99 -87 -24 6 -50 -10 -84 -87 56 62 -98 -16 -37 35 18 1 -37 -14 -61 -60 -55 93 68 47 -4 32 -25 72 -25 -56 49 51 -99 45 62 5 39 -23 -34 -95 13 -16 -100 37 23 -83 47 -78 10 63 -27 1 -61 18 -38 90 6 -66 12 88 97 83 -89 -55 -33 -51 -48 34 -62 84 31 -75 -92 1 34 84 91 37 89 -31 -56 -10 7 -47 86 63 -36 -63 64 11 -71 71 25 3 5
-99 10 8 12 39 -49 39 -17 -36 -25 79 -97 36 56 -24 -95 58 -76 -35 -99 50 35 -44 -100 94 57 -6 -59 72 -67 11 -80 -61 13 80 83 93 -17 -63 50 -32 39 -95 60 81 -47 -9 -10 38 -93 35 44 -8 8 -16 -77 60 -60 61 -82 96 -2 -82 19 -34 -55 79 28 56 22 78 46 -16 -35 41 -90 -5 81 -73 -18 53 68 -62 -5 98 -77 15 -64 35 -43 -1 -96 39 -36 35 -6 -34 -72 -89 -2
-73 -100 -45 -5 29 -56 68 43 52 -20 44 -40 -27 63 48 -58 44 11 -54 -68 -92 -13 -15 -82 -36 -5 55 -81 -41 95 -13 -51 -39 -97 53 75 57 -76 63 48 -11 79 -16 -70 29 14 -93 -42 -18 69 -51 -39 50 -6 69 48 -39 -98 -77 26 -76 56 -35 43 21 -48 -19 -91 -66 43 -24 -19 47 71 -36 42 -56 35 -91 -89 90 -46 -84 87 -27 87 -99 87 2 93 -96 72 -89 -14 -13 -75 -76 83 -15 -49
-58 -47 82 -94 -49 40 -28 -57 -11 -78 71 -59 8 69 -100 16 -86 -53 -48 -56 62 -68 -26 -95 14 31 -16 15 31 -20 7 -17 -97 -62 -15 19 -100 27 22 54 47 -100 -27 0 -3 7 -63 28 77 -100 43 -67 51 -95 -83 -71 16 49 76 -81 61 41 -52 -57 -20 4 -98 -73 -30 63 1 5 -43 -19 -12 -76 13 -29 70 -28 -33 41 12 45 -26 -66 -14 -47 -41 -77 26 -43 -44 -20 -25 62 -21 11 -62 -90
39 1 43 -66 -41 82 -46 57 -6 48 -81 14 -85 -77 -43 -83 -79 -36 92 96 -10 -87 70 -13 -75 25 52 -34 -54 -100 -93 23 -62 -39 -25 33 92 -97 17 37 -9 -51 -19 80 -1 -15 -82 -23 58 84 59 62 19 92 -37 16 -67 -83 56 18 84 21 69 52 38 27 -83 64 18 36 -51 -66 93 -91 -81 38 11 55 34 -86 -100 -9 -6 2 7 -16 -79 -86 95 69 -65 8 85 71 -40 -92 22 -89 -42 -8
-56 66 22 -41 -77 -47 25 14 50 51 -58 21 43 3 92 93 -1 -38 -71 42 9 -5 39 -57 -22 23 67 -24 -36 73 12 -100 22 -82 -70 52 1 17 64 8 26 -9 64 -86 -61 67 -90 -26 -34 71 92 85 52 9 -46 -17 -30 -59 -2 -2 -96 -63 -24 77 39 -73 14 54 -89 27 78 -79 -21 -57 -7 55 -28 -100 -57 -59 30 26 -72 -17 -62 -7 84 -4 -91 13 -56 66 98 -97 78 2 -20 -25 -7 50
-31 -98 10 -15 -33 63 -37 -98 -80 13 -8 -23 30 27 14 -35 73 77 -16 -74 -89 -66 72 -73 -5 -94 -46 79 54 42 -36 -21 66 -51 -16 -77 -38 -98 51 61 41 -86 88 45 -57 37 -51 -90 -55 21 -43 27 87 54 13 -5 -64 45 11 59 -31 83 -90 -31 25 -34 87 -43 -78 88 58 55 58 -71 32 37 -60 25 -36 97 -37 20 85 18 5 -64 78 85 -56 0 -59 -45 -96 99 -10 -55 23 29 -98 -63
21 -100 5 -47 63 -66 -71 -69 -81 -56 74 -45 -39 -68 87 16 16 93 59 25 -48 21 41 -82 19 -34 41 42 -15 81 47 36 -43 78 -15 -54 46 17 23 -11 87 15 21 86 -14 -50 -4 70 49 -72 60 86 48 10 89 -19 -34 -9 88 50 -11 94 6 -5 99 29 18 -83 72 24 4 -63 4 53 59 50 59 45 33 -45 10 39 78 49 16 -47 -77 89 22 -17 46 -32 89 -49 -25 0 -87 92 80 43
-71 76 51 5 -11 -66 -79 61 -93 89 -52 -18 -40 -7 -1 -86 -5 43 -69 -53 39 14 -18 -8 -41 69 -39 -99 -40 76 -95 74 -45 -89 94 41 10 8 -13 21 83 -61 -90 30 -74 -99 65 14 -98 -9 19 87 91 -67 -82 -29 15 66 40 -4 11 -16 -95 -20 2 73 70 8 -16 -34 -77 -5 2 14 1 -43 13 85 -25 -27 -27 14 39 -91 76 71 51 -43 -28 68 -3 -51 58 73 -16 77 89 -76 -65 86
-41 -17 83 -74 89 97 35 52 38 -50 83 -5 85 -50 69 22 -60 89 24 -68 -35 49 -14 37 53 48 14 -95 -31 -66 -37 -61 -51 68 38 -73 -55 -54 -2 86 45 -1 21 -61 -55 -84 -4 -45 -68 -21 -62 38 20 17 -61 -59 -18 -66 -72 62 21 -53 0 14 -92 -21 38 4 0 60 88 62 -19 10 83 -60 30 -80 -83 67 -8 21 -58 71 24 -50 -22 0 82 -18 67 75 -65 46 -81 -50 -11 27 63 -77
-17 70 47 -36 -84 -18 -64 -46 79 -78 -30 32 -54 -43 74 34 42 -90 24 30 1 -96 -18 89 4 30 40 -4 -49 65 3 99 37 56 99 4 -24 95 87 -52 84 -82 -37 -88 -87 89 96 -14 96 -40 81 -59 -43 50 94 -71 -67 -26 -87 -33 75 -72 5 62 -79 -15 75 -87 26 33 7 61 -95 -94 31 -28 6 -66 -79 23 -78 67 45 -55 -31 14 -5 -54 -81 -22 42 -29 9 91 -66 93 28 -60 -17 -32
-22 78 40 -99 92 0 76 4 -70 -76 70 42 -37 -50 71 97 -80 -92 58 72 16 -5 33 39 5 3 59 -44 23 39 -94 62 -9 83 77 -81 91 14 92 58 -79 -61 -66 30 -16 -51 -24 -6 12 47 -1 30 84 -21 -56 -63 -44 99 5 28 33 -82 -61 -34 -7 19 -51 -14 -7 69 20 -64 10 -87 6 -36 49 -22 48 -77 8 -98 -38 -3 -50 26 -57 18 -41 -74 -69 -54 92 -86 -99 64 87 53 64 42
-12 -10 47 -15 82 18 43 17 -54 -92 -32 -13 -94 10 25 -92 54 43 72 -60 6 85 -17 39 68 -98 -34 -24 67 -17 57 84 14 66 11 47 92 -15 -1 -30 72 93 21 83 -85 -4 21 -93 -2 -52 54 64 44 73 72 49 66 59 -67 -86 19 -72 58 -81 -88 38 99 64 -41 26 -58 -29 -13 51 -15 -73 -2 55 71 13 92 41 -31 89 28 68 71 -62 -27 -75 85 65 -85 75 35 -58 88 -14 -81 59
-5 96 14 -69 16 -84 64 -25 -12 57 -59 -63 40 -71 39 24 -14 -13 85 58 3 14 -66 45 16 -82 96 -29 74 -69 -25 63 63 -87 35 -56 -36 35 45 95 80 5 43 -94 59 -52 55 52 -11 95 8 -87 -14 5 -14 -38 -92 71 -79 -28 -15 8 83 50 88 -52 -62 -68 52 -96 44 82 -32 -88 -74 -89 -30 14 -44 27 10 -27 -49 -44 -29 -61 -23 78 48 -43 -67 85 92 67 98 -81 17 -67 -96 -63
75 -35 -65 76 67 29 82 -4 -86 -28 98 47 -19 -34 3 -96 -38 -43 -14 -51 93 -77 -25 42 32 -44 57 71 -50 56 24 45 16 -55 -64 35 65 -78 -53 16 81 20 -21 28 6 45 -56 98 51 -11 97 41 -58 -69 -74 -90 30 -38 -85 -55 16 -7 -97 -73 -9 98 52 78 -20 49 -33 26 -87 78 -27 -72 -100 -28 73 -78 -80 72 61 69 -47 -100 89 9 -33 -90 -41 34 -59 14 -10 -36 -70 43 -47 -91
-97 -77 75 -55 50 75 -19 -80 96 -89 -24 9 -77 -88 -42 30 -87 -68 96 34 95 -98 -58 -95 -96 -43 20 -49 73 -84 7 57 19 -33 31 -91 -33 -38 -80 -19 -5 90 93 -41 80 -40 -92 -29 74 -30 32 90 -11 86 66 48 35 -62 73 -50 37 75 67 -15 0 93 -68 -62 -86 -79 77 -48 -8 -38 21 63 65 67 86 41 5 28 -32 -9 -97 -18 44 95 -73 -98 -71 90 71 74 -57 24 -17 0 93 -74
-2 8 64 7 -50 27 -67 73 2 -80 76 87 -89 -16 -55 18 -72 76 97 -3 -83 30 -57 -100 41 -48 -85 40 87 93 -89 -81 -6 -42 -34 53 -57 54 97 73 46 79 -7 98 -21 -5 36 2 79 -10 67 -80 41 -7 56 18 16 91 -27 62 52 -38 23 -31 9 86 14 3 -91 76 77 83 89 -71 97 24 -18 27 97 -56 4 -5 85 -31 64 30 15 42 88 -70 43 94 -21 93 -91 83 -45 75 72 -34
96 15 28 53 -59 -34 58 62 36 71 15 -59 -67 83 99 -68 -96 -72 46 -64 28 -80 -51 -50 -7 -51 -29 6 26 64 -11 -90 11 -52 58 60 57 86 -75 4 -10 95 60 79 6 17 -65 3 -32 -36 64 86 -27 -78 0 -96 -1 -73 -47 90 41 -73 -65 -24 -58 94 44 -100 20 90 -47 -52 63 72 -4 8 -65 -75 -20 -64 5 -65 52 -16 -85 -83 -54 -25 74 94 -31 -65 -80 74 54 -73 17 -54 -18 80
81 -25 63 41 -15 -23 -58 7 13 10 70 39 -9 44 73 -39 71 72 72 2 82 -75 -38 44 -71 -6 -2 16 45 10 -11 -18 7 83 8 4 72 6 33 27 -80 58 48 54 18 75 -10 -15 -50 -32 -52 68 65 -32 -86 -68 77 13 -45 -10 -95 60 -42 65 -68 -73 21 -1 0 3 18 -16 13 -53 32 30 48 -32 -47 -5 -67 -79 -57 -22 -88 62 72 54 -84 -66 35 -63 83 63 63 -80 -46 9 32 -69
-67 2 33 41 87 1 -92 -1 -80 -1 -25 98 -79 25 -76 -27 43 -12 11 -77 -37 -21 -94 -34 99 54 -82 -10 6 -78 -58 -67 -4 -69 8 44 37 83 48 7 -4 71 -84 66 56 -80 -97 12 -1 -1 -28 32 13 6 -92 65 -12 86 -27 65 -19 -48 -26 -70 -1 -29 -90 -9 -38 -70 -31 -1 -2 45 -51 -99 0 56 13 -77 94 -90 -76 -82 -13 93 73 -50 -77 -4 -39 -75 99 87 -17 15 -64 24 58 67
43 81 45 1 -66 -46 93 -97 -37 85 -35 -51 -69 -77 38 69 -40 -40 -95 -39 17 -82 43 -44 84 34 21 22 -13 -53 25 79 -10 48 67 23 -53 -33 -20 21 -55 23 -19 -67 67 31 32 -42 -46 -90 -57 -17 0 79 -47 93 -18 52 26 -56 -42 -75 55 -51 -30 67 33 3 -9 23 -75 86 -1 0 -23 -97 -89 -24 74 -67 29 68 -63 -92 -62 -60 58 95 -95 12 -42 -50 -36 -55 -23 78 88 68 97 -26
71 31 -43 61 11 45 20 -46 66 66 -4 -17 -56 76 -40 70 62 -75 20 -3 -39 -15 29 24 -6 -79 -18 4 -69 -79 91 84 -86 -37 71 -49 78 46 45 -41 39 -50 -43 -90 -82 -98 22 29 16 -77 -63 -66 -76 -88 11 -65 57 94 13 -69 36 -71 -78 19 11 29 32 -8 -64 33 -3 -34 14 92 -52 73 -52 45 23 -30 59 -72 -10 -60 -36 -11 -56 81 31 -93 -5 -52 17 86 48 67 -95 41 -24 -31
86 -12 -24 -68 38 -33 -49 -96 -52 -18 65 -19 -4 -18 43 38 -53 53 34 81 75 9 87 51 87 41 1 -100 64 7 19 33 -56 -100 23 76 5 -51 99 -65 -71 28 -45 -66 -15 -89 48 -24 -59 17 -95 -26 71 -79 65 -22 -71 89 -36 11 -91 -59 -43 -77 -20 35 93 11 29 -67 -47 83 13 -9 -29 -31 -29 -61 -64 -26 -65 56 -68 18 83 -52 -2 60 25 -43 89 33 26 -22 3 63 31 62 56 20
-23 -88 -98 -99 -85 40 -8 1 -30 -70 -22 -89 -46 65 95 51 -50 38 67 25 -81 -96 -38 67 -96 92 35 -83 92 0 -9 31 -19 -65 -44 63 69 2 6 18 -1 43 76 32 -87 -68 -34 -38 -36 -6 69 -36 -59 96 81 -9 5 83 -66 -19 50 -65 96 32 -10 -33 -83 97 -58 -57 71 -65 -94 34 8 -72 -59 66 -79 -38 22 72 53 36 -32 75 -7 24 -78 7 -49 68 -32 49 -34 90 0 80 -23 63
15 -85 78 42 87 -96 12 -34 -71 -39 -46 -74 -23 -33 46 68 -71 -41 78 -38 -34 -28 -41 -51 87 72 53 67 17 45 -78 -8 -63 -16 -32 -17 2 -22 -66 -7 46 -72 -65 73 19 -100 5 81 70 95 60 -16 -34 58 42 4 -67 31 97 -23 37 -23 11 -56 -51 43 -89 -50 13 -46 33 76 15 -69 89 85 -8 -89 77 -32 84 -64 -1 -95 -36 27 84 -58 -99 70 -50 -93 -15 52 25 89 -49 -9 28 39
-47 -76 -86 51 94 49 47 16 -17 -48 -41 22 -49 -23 50 -8 19 55 60 -91 -94 98 15 -38 14 86 -85 -90 22 8 14 80 -91 -44 -90 56 25 -11 63 60 -35 -30 24 76 31 89 -14 66 86 36 64 5 43 57 -43 78 11 -41 -7 -90 -11 -92 64 -41 50 99 36 25 8 -89 -35 35 -16 35 -77 -89 1 45 2 -19 21 80 -56 -79 -58 -27 -64 -5 -97 62 69 -46 -57 -35 -5 4 -99 -21 2 18
-29 -61 -70 -47 -21 53 -82 -29 -68 51 -52 89 67 -100 -29 -99 -31 -16 18 50 56 60 -81 -93 1 69 7 -36 23 52 39 76 -59 65 2 71 82 33 59 -26 19 52 -18 -97 -85 97 -33 -52 77 -87 7 37 4 -93 97 13 -11 -25 74 -29 87 -35 76 42 14 -50 66 57 96 -18 -57 -63 -45 -96 3 -92 79 64 62 -98 74 39 -47 98 -98 29 68 -62 33 65 -18 -55 29 -62 38 3 40 -64 -42 48
-64 -29 -66 13 62 15 -61 -84 65 -30 -54 32 -38 43 39 36 19 72 -86 54 -6 -13 20 43 20 24 -2 93 89 -80 -20 -41 -99 -8 -84 -44 96 59 -26 86 -37 -27 -89 7 58 14 -62 -8 -5 81 83 -79 61 16 60 -33 -6 -43 -35 14 -4 96 95 16 40 80 -15 -53 82 -16 51 89 -66 -89 57 58 -49 -97 20 -12 -30 -29 78 7 6 77 27 24 68 0 68 91 -30 81 -20 -28 96 2 -91 -50
17 91 80 -20 -67 45 -17 88 58 18 39 17 61 48 -87 77 18 -86 -51 -21 -72 49 81 -99 98 -79 -8 -17 -46 81 -19 20 -1 7 -43 45 -23 43 -26 -55 -50 18 -68 68 73 -86 30 13 71 28 -89 19 54 12 -33 97 -64 60 -62 -24 98 -5 -100 -9 59 -7 78 -29 -7 25 -25 -56 38 41 76 -33 -77 78 -17 -80 -31 34 93 83 -65 55 1 -58 -33 34 -99 -95 -1 99 -19 -95 99 64 -18 -91
-3 -32 62 39 35 -71 -93 -98 -92 -56 -78 -91 43 -55 62 0 67 36 -13 68 -79 69 -91 -76 72 39 99 -64 0 -52 75 33 -49 -4 14 -52 78 -76 -62 -92 27 -12 -47 3 14 -97 -68 38 55 -40 -85 94 36 60 2 35 -13 89 -38 -17 94 3 27 32 95 95 93 38 -90 -90 -38 77 48 -7 17 -81 -64 26 4 -20 -53 18 83 30 11 -46 48 -98 65 70 54 -81 39 7 32 84 -79 -50 -14 -63
-92 -63 -13 -77 -38 39 38 26 -53 -37 -32 -24 -9 93 -52 -2 -25 92 -64 -56 52 -48 33 1 -95 19 -13 53 -47 2 73 -29 -1 17 -39 -66 65 61 -50 -91 1 -5 94 -12 12 45 84 -40 -62 -47 10 71 -59 27 69 -19 81 -19 7 96 40 -14 60 -24 -96 83 34 8 10 57 82 33 -8 71 0 -15 73 49 -78 -18 33 -65 27 90 66 -55 -1 6 -64 -68 -75 6 -90 49 -13 24 -89 21 -92 -95
-20 -62 93 -9 65 93 85 -53 -73 69 0 14 -28 -5 -88 12 87 34 31 -21 -32 -60 98 12 77 23 25 -44 1 38 -51 -64 -37 -67 -34 7 -18 -60 78 -8 -37 79 78 26 53 -41 85 20 19 49 27 -7 95 90 -95 65 43 89 -50 -32 -66 -31 -26 73 -16 -73 -6 3 -39 81 -81 -12 -96 53 27 7 21 55 96 61 55 -88 -93 11 -19 -60 -61 72 -57 -83 94 -24 -76 -58 48 56 -100 86 14 15
90 -14 86 -13 -33 20 -16 17 70 24 47 -88 -83 -3 37 8 -56 7 -37 22 -50 48 23 35 -94 -65 -95 50 -45 -51 -53 73 15 -5 24 10 27 41 -10 39 -11 -1 -90 22 -7 85 60 -51 -19 43 -84 7 -10 61 -24 20 5 -63 -45 -96 26 -3 -85 62 99 67 -36 56 99 -27 73 76 -8 19 -15 40 77 49 -14 -33 37 4 -82 44 -51 29 -6 92 41 -96 72 -77 -70 -92 25 -85 16 68 -87 -35
99 50 89 -64 -60 -80 -72 85 -100 56 97 -82 65 53 21 95 -14 -100 6 44 -37 88 67 89 85 47 58 -88 -78 50 80 -94 -98 -11 -78 20 -45 -26 6 25 -80 -47 49 86 31 74 5 29 -88 -62 -76 63 9 21 -98 -60 -30 -80 -59 -78 71 35 26 -40 20 26 74 -98 -63 77 0 -85 -93 26 71 45 -50 -5 49 4 -52 -76 -31 66 -76 -3 18 -74 22 54 23 81 -3 -7 46 -40 20 13 -69 -73
14 39 97 -56 2 80 -91 -60 29 47 67 -56 -65 31 39 30 31 -89 76 53 -47 -10 -38 -7 -74 28 -89 83 6 -73 -95 -65 42 29 -25 81 35 96 -12 -50 91 83 -85 97 67 -29 -97 40 24 75 -67 13 -28 -53 -41 -31 -16 71 -95 97 -84 -74 87 -1 -100 80 56 -68 -49 64 -14 -62 -86 -5 -89 21 -94 -38 39 -30 2 -26 -83 55 -39 -70 -88 82 14 -92 6 -83 -50 29 15 -57 -72 26 67 -85
8 77 -39 5 -22 75 54 90 2 39 47 -80 -90 94 0 64 -84 38 -73 15 -43 -2 0 -61 11 92 40 34 -4 -89 -60 -69 38 -48 -79 5 29 6 85 -98 -43 -23 41 20 -1 -43 35 78 40 -5 -54 26 44 48 98 72 19 4 51 -91 -28 -65 48 78 -41 98 -92 83 -30 -46 63 75 -14 -96 60 91 -30 -44 -2 -37 -15 -68 -36 -45 -68 46 -98 -50 68 -62 -3 52 84 -54 -95 98 -87 -20 -25 11
54 52 44 -92 -49 -2 -77 -33 58 34 -66 -12 69 -38 60 96 10 52 53 7 -28 -2 51 -86 34 72 64 -90 16 -55 -30 -63 89 -33 60 -17 47 -91 -35 12 -87 -3 60 -28 76 -94 -47 -48 -94 -88 -40 53 -14 37 -13 -6 12 -28 -30 45 50 13 95 0 73 -55 -7 11 54 58 -26 -86 -76 99 -93 0 34 -64 24 14 -94 -65 37 -71 13 -72 98 45 87 34 50 53 -3 76 -37 39 74 -88 -28 -70
18 22 28 -82 -46 -78 -62 58 51 41 74 83 40 -70 -90 -87 -98 39 95 -75 -88 11 89 94 -95 -31 57 -3 -61 -44 -49 -73 59 42 -2 -69 -41 76 93 -88 -93 13 26 -59 25 -61 -38 -61 18 -52 33 -44 -64 61 -45 -11 11 38 -93 63 29 93 18 -14 -96 24 99 85 -25 -63 -25 63 -45 -25 79 55 92 28 -67 -22 -100 -68 30 41 -79 -7 -80 -47 -15 47 72 -37 74 72 -69 57 63 33 1 -86
-54 -71 -47 94 88 -42 -32 43 45 9 19 93 -72 53 70 -76 -21 -6 -92 28 59 -35 -53 -85 66 24 60 -78 -28 9 85 39 -3 32 -98 95 34 64 -58 81 -100 40 -60 -1 -56 52 -33 -37 -86 60 -37 81 75 -39 50 27 78 95 16 -99 -93 -66 -54 67 -43 -80 -80 9 -13 -75 -33 80 17 -77 -9 -21 -66 -39 50 -48 62 82 37 64 92 -17 -72 3 -87 53 57 -4 -22 -77 23 90 76 -66 19 33
-47 -85 25 -26 -38 -54 -42 69 -57 12 40 -61 -52 -65 -28 0 94 7 25 83 34 -41 -30 49 -37 -70 64 -91 -72 56 -33 23 20 -46 -53 61 8 5 9 -8 -80 88 -41 -13 78 83 -23 -84 18 -35 -10 61 66 10 -69 -30 41 36 79 -11 -92 96 11 51 74 -31 93 -21 33 32 -34 -34 -80 -88 -11 28 40 97 26 -79 2 -16 66 20 11 8 -58 28 76 32 48 40 -80 92 63 -21 47 70 40 -9
4 98 18 13 54 -52 -27 -75 20 -1 -15 67 77 -20 -87 76 -5 7 -98 2 -87 92 93 33 -52 68 23 -54 0 8 -64 38 -27 64 -17 11 39 43 -46 -17 55 89 -66 -25 72 30 79 -67 85 50 20 89 -8 26 27 -82 27 -12 23 80 -81 28 -4 94 -87 8 87 -66 8 -20 -23 -20 -27 -83 -15 62 -13 86 12 57 5 -53 29 6 8 -60 -39 19 -76 57 -49 78 -47 57 -41 -5 39 -42 -26 -33
-23 -36 -82 76 53 43 36 -67 62 79 -33 -43 27 -36 -28 -28 -25 -97 91 70 97 -57 34 -70 -31 32 -8 -29 88 -53 88 66 60 8 45 -96 -87 80 -53 66 -51 0 14 0 -53 -71 -37 -39 -38 9 51 53 19 -89 -26 -57 -8 79 -17 4 -5 38 14 27 -64 -86 -7 37 47 -36 68 93 17 74 68 -85 87 17 88 -87 -54 -39 26 61 -45 10 54 -24 -22 85 -34 45 86 -87 48 -45 -12 21 -36 60
-56 16 89 -29 -4 -36 12 -45 -32 42 -94 20 -85 -68 -70 -62 -74 22 -86 79 33 17 42 -14 -34 60 -18 -50 94 33 -72 10 -49 -59 26 83 90 -16 63 -80 -17 66 -39 31 83 63 66 -9 84 81 9 -52 -39 99 86 82 80 -80 68 -11 34 -62 3 -88 -3 97 -7 -89 99 -88 -6 -7 -89 62 28 40 43 -44 -21 -20 -91 -9 35 9 46 81 -91 82 -16 63 -63 36 -46 -41 11 -81 -35 -24 8 85
-87 -68 61 -41 34 99 3 -30 55 26 -88 52 37 96 18 -68 -86 -94 -59 -66 -3 -77 -84 -26 31 67 49 91 39 -71 29 -96 -24 13 61 68 42 -25 -23 -19 78 36 93 -4 -38 33 67 -75 -30 4 -30 49 -34 -15 -77 -91 -73 86 12 -71 -58 24 -12 44 -42 -5 24 -26 4 -63 -22 -87 7 -92 71 -1 -26 27 88 13 1 -70 -62 -35 73 -93 -2 -91 65 22 50 43 68 25 11 90 -15 -13 -58 -85
57 43 -81 78 -71 74 35 -93 -44 33 -38 0 -47 20 -71 -14 -54 -67 12 88 53 78 41 76 -80 81 26 4 52 -49 7 -36 -41 37 21 -18 64 59 26 -56 -19 97 -24 -64 67 82 -61 -91 25 7 -91 39 -73 -12 3 -35 20 31 41 15 -10 17 -84 -72 32 52 -34 -32 79 -74 39 87 -33 -42 13 -29 -55 -36 -36 -89 78 -77 -98 19 13 -38 -37 -9 -96 16 -63 12 -96 48 74 -29 -63 -10 -66 55
47 92 75 66 99 -34 -41 -69 90 -29 -40 19 -9 95 41 90 41 -28 -26 -51 -72 24 68 -70 -97 -100 92 -40 -93 -60 -19 82 87 84 -81 -13 55 -11 -86 72 -66 -26 64 -93 -66 54 -80 -81 -1 -71 91 46 -92 -16 -34 34 58 45 86 -28 9 -81 -65 95 -19 -78 30 24 3 99 -44 -98 85 -100 -99 -97 -7 67 0 29 65 10 -36 -98 75 62 -60 -65 -85 44 -78 -34 63 76 -16 -62 68 20 1 -25
-18 19 -39 -37 46 68 -1 -53 92 -11 -58 41 -28 45 95 -17 -4 -73 -33 -8 34 82 -80 -4 3 -30 27 -13 -51 -25 -65 -63 -33 17 -42 67 6 -87 -73 76 98 -87 -43 8 17 16 40 69 -35 28 -69 -41 44 -55 95 66 -100 -30 -43 -13 14 -39 7 -100 -26 2 -39 -72 6 99 -58 -65 -7 23 -29 40 -7 -60 -15 -7 1 -84 22 55 33 43 -4 -29 82 -7 90 -89 -73 -56 -51 50 76 92 89 71
-95 95 80 53 -96 -26 -2 65 -20 3 -46 52 66 25 -69 -93 95 29 51 22 33 -1 35 44 -45 80 -35 -1 -14 2 -14 55 -47 -2 -11 55 78 31 -11 6 -40 -47 94 -29 9 -99 -67 41 -2 -26 84 -10 1 -87 -70 -20 -80 -63 27 -76 31 31 60 -27 70 56 97 66 -1 65 63 31 73 -26 -81 89 61 -25 85 -3 56 20 -2 86 -9 -59 -62 -87 6 -27 54 -92 -73 -100 78 32 -92 61 49 18
-12 39 -50 -87 -95 -53 -29 -28 -71 80 -28 -67 85 -44 -9 40 8 -34 28 -94 -48 -1 -56 5 91 75 -27 -26 -48 94 -54 -30 -15 51 -52 27 -78 -45 -20 -26 81 -46 89 2 -79 84 -25 -100 81 23 -61 37 80 -21 -77 -97 99 98 98 -4 -30 -62 43 -28 29 -61 -97 60 -80 88 76 -74 -7 -38 81 37 36 -34 -70 -98 -80 -87 -3 88 77 5 62 -94 3 -91 -76 58 44 89 86 -26 -92 -44 -59 -50
-25 46 53 -81 -41 -41 35 -43 91 70 -24 30 56 30 -36 -12 -16 16 74 -41 17 21 -17 57 -16 -1 -100 5 71 -41 -56 -1 -38 -14 -62 70 -62 51 45 -60 96 -31 84 43 -78 88 -70 0 -5 59 52 2 -19 19 33 -26 -20 -78 89 96 23 -81 26 19 -95 83 26 -43 82 -74 90 11 -83 -26 13 -10 -5 71 -74 64 -54 -11 10 81 -11 -91 -10 98 88 -86 7 50 -75 -29 97 94 -1 98 -75 -35
-77 -91 -13 22 99 4 24 -52 -35 -88 -29 91 9 -45 23 38 -68 -31 30 87 98 -32 -86 40 54 63 -23 5 67 9 -94 -25 95 56 -15 -13 -44 88 20 -26 -17 -5 3 49 -89 17 -48 22 -75 59 -55 -88 12 -68 34 -11 43 -29 8 75 68 -62 -35 -80 -31 -83 -34 -20 -71 -7 -90 70 -62 -10 49 97 62 -3 1 -94 -62 -11 54 -11 -23 23 67 -86 -54 -57 -34 17 -92 58 62 -44 -19 30 -22 -48
-17 -15 -63 -24 -46 34 95 -77 43 40 33 29 44 -42 -32 66 -66 -7 -20 -38 -33 -32 -60 -73 31 32 -5 79 -25 51 -22 80 -4 -26 -64 34 41 -23 4 39 -94 92 51 51 41 58 97 9 76 -66 -25 -45 79 -32 -14 -24 20 -6 89 -74 -1 -99 -63 -87 -47 -69 -50 38 83 -28 -72 -67 57 65 94 96 30 -36 -56 4 85 -98 47 -41 -51 -76 -2 -39 81 -100 -30 76 -6 28 -84 13 -16 -98 42 -22
65 -17 96 12 6 -37 -47 92 -58 -46 65 -85 -77 -55 -48 -72 55 45 13 -22 -58 -25 93 -26 74 -31 85 -29 -80 72 -3 69 -4 -8 76 93 82 44 47 -42 88 56 45 -37 3 90 76 -79 -52 -78 -60 27 94 93 -83 1 -64 -66 -29 -36 69 53 -67 4 4 77 -78 -36 -78 -81 98 76 -68 72 42 -36 -77 10 -39 -34 -43 -45 2 31 88 -73 -85 13 33 -99 23 51 -67 35 63 27 57 -6 -39 37
-8 -38 72 -29 -84 -43 -3 -16 33 -90 -78 -54 -20 14 21 49 87 2 35 -73 -79 -1 -18 57 -54 -87 -26 34 -5 74 39 17 -52 -77 -10 65 -82 -39 45 -67 -54 -90 -57 98 56 -29 -1 30 -79 39 40 -66 38 99 51 -78 15 4 62 -55 76 56 -85 5 56 36 -73 -6 85 10 19 80 66 92 -11 -42 22 -63 34 82 0 -74 24 61 81 -37 2 25 -63 61 -89 83 -82 80 86 29 96 56 23 34
33 48 29 -24 -42 13 -32 -79 76 -38 -31 18 -25 -81 55 95 49 77 -1 67 50 -2 -56 90 -66 -13 92 21 -11 -14 -83 -17 3 -47 -47 -75 19 14 39 -65 -8 92 51 -71 57 60 -46 -64 83 -85 63 83 94 -90 17 63 19 -84 80 -19 -78 12 44 45 47 -24 -35 -22 -66 -77 54 -6 36 93 -40 75 40 -95 -86 -67 -8 -33 -21 -65 -1 -26 33 -62 -41 -22 -38 -51 75 -49 18 51 93 95 -31 64
-48 -37 -35 -24 16 8 -32 96 32 -28 -46 -44 54 20 -50 -91 76 -85 -52 75 85 2 -97 66 -1 13 96 -29 66 27 -65 49 54 18 -13 44 48 63 -12 59 64 -44 80 23 12 22 -94 -49 49 43 31 -23 68 0 92 14 72 56 -10 -90 -65 -74 -13 43 38 -26 44 0 8 -72 4 15 27 -16 53 86 -34 -9 21 20 53 88 45 -61 31 51 -33 24 55 10 -63 80 -73 -97 66 28 -43 -15 63 16
22 65 -99 13 -48 86 20 66 -37 4 -2 83 -1 -15 -82 -53 75 5 27 3 89 -75 80 14 81 -34 53 58 -71 -51 19 96 29 -62 41 -49 75 -46 -11 -84 47 -13 22 -21 -50 -53 -99 -17 -50 -98 -25 8 26 -27 71 -40 -77 73 -26 26 0 -14 85 -35 85 97 38 -91 7 15 44 -78 -64 21 25 -77 -45 11 -44 96 40 -72 -93 97 33 -58 2 -16 82 50 -12 83 -18 60 74 60 13 79 8 -81
-34 -84 57 44 24 22 76 -62 -91 59 24 -33 76 53 26 96 -8 -68 -59 69 50 63 79 99 86 -19 4 -18 -39 -51 16 -29 -65 70 -71 84 44 85 -33 6 8 93 18 -6 -3 -55 -83 -93 17 -93 -44 20 -47 -56 60 24 35 -71 -34 36 -22 27 -97 10 -72 75 -13 -87 97 42 -73 54 -61 45 13 82 -89 83 -14 -40 -79 13 -29 94 13 29 -77 -80 -49 -57 8 -57 -27 99 -90 57 31 -28 -82 27
10 68 -90 77 76 27 9 -69 68 96 53 97 -97 93 74 54 -66 -98 -64 -79 -20 80 79 16 57 99 97 -50 44 45 74 5 54 68 16 62 61 7 -73 -5 47 -89 -14 4 -31 8 -48 32 -50 47 61 51 -92 -46 -80 54 75 -48 -27 98 -48 -35 -27 60 75 -41 31 -9 -58 93 -89 -35 23 67 18 -73 12 -44 -87 -13 74 -13 -62 11 26 -64 -92 -78 75 -31 74 68 29 -77 -68 13 -55 -46 62 -55
97 91 80 44 19 -6 16 -48 26 -100 21 88 34 -57 -22 60 -24 57 -63 -18 -1 34 -34 57 89 56 74 -70 6 55 -63 93 -75 -65 -45 86 93 57 31 -67 -36 80 36 36 -39 -65 82 24 -93 -22 -78 -12 47 1 89 -97 41 -48 39 22 57 -75 -93 5 -94 32 -13 84 -64 -62 31 83 -98 -48 86 -5 64 88 57 -61 -57 97 -20 -98 38 -93 32 -35 -64 23 98 47 65 -9 -32 -28 -28 72 -30 60
65 29 -74 -59 12 66 74 77 -56 -38 -23 -96 55 40 -76 -23 57 87 22 98 58 -40 48 0 -59 -59 -65 -91 -17 58 86 9 54 68 -62 -86 81 54 42 -1 -93 40 -16 30 -21 -33 -3 57 -30 -34 14 -59 56 -34 40 47 62 -54 58 -89 94 94 1 1 -76 55 48 -2 59 7 83 -67 -100 -98 -23 -38 -9 82 19 90 -31 -85 80 -31 69 -60 20 47 83 61 -53 -29 78 48 4 30 38 23 0 73
-17 -81 -30 -82 -64 -52 57 -9 87 -58 -77 3 95 -83 -87 28 -87 3 27 91 -63 -63 -89 4 49 96 -93 -50 3 29 81 97 -53 -4 57 -87 -78 69 54 -4 55 -50 20 72 -4 -87 -89 -48 27 84 23 18 65 40 63 67 -14 89 20 18 -100 52 -28 77 29 -57 -14 74 44 -90 71 86 24 -62 -40 -10 15 31 -55 0 91 25 -12 79 -21 -71 -16 -27 14 -98 -52 66 21 -39 33 13 -3 62 65 -10
4 -28 32 78 46 -85 86 42 47 -43 -83 -67 61 -27 67 -22 51 -22 1 57 90 -99 -48 -30 98 -76 -92 4 -88 36 -72 -81 -11 23 -91 -32 -59 -11 -70 -67 95 41 76 -22 49 -94 20 41 -17 98 86 -78 98 -27 -7 34 -38 51 -27 16 21 -69 -70 -57 7 56 91 67 -52 74 -3 27 7 5 -15 -46 27 69 53 -33 68 -88 4 -25 67 -19 43 -30 43 16 -10 -84 42 -89 -95 -61 -14 -38 -36 -77
-92 12 -65 76 -7 14 91 -43 95 -38 -46 19 63 99 80 -94 0 -56 23 92 -2 38 57 -35 -80 56 -72 66 -79 -78 71 83 -46 -43 -56 -5 54 57 -89 40 47 96 41 83 -43 -70 -44 11 80 32 -49 76 80 -32 -50 -57 -24 94 -52 92 3 41 37 26 24 -18 -56 -59 12 17 -91 -16 80 35 52 -75 38 -76 35 -45 -39 87 -89 -2 42 18 79 -17 38 -34 98 -20 82 -93 -5 20 -45 -32 -22 -78
14 -5 -21 49 87 93 74 86 -81 -6 39 -26 62 3 14 48 -51 -84 80 92 27 -64 -91 98 -56 57 -47 -22 -23 -64 93 42 -4 -26 -95 54 86 34 28 23 -48 -28 -14 -25 -3 -3 -28 38 -79 -86 -52 96 -95 81 17 -61 48 -85 -37 -82 85 -9 -32 -20 76 -8 57 6 -84 -15 -18 89 42 -34 -81 -64 11 -61 -25 -25 -17 3 -21 -51 -24 50 -56 -87 44 -42 55 -89 76 41 -95 2 16 -7 -30 -50
83 -23 -10 -55 -24 67 18 75 -59 -2 -45 -40 -77 -23 -80 -97 45 -93 41 52 76 -22 -10 24 -1 -61 -19 76 52 -87 -35 22 54 61 63 -29 -95 -62 75 -27 15 -20 -82 95 13 -85 -55 -98 57 91 1 -60 93 47 67 57 -7 -86 -95 12 -93 80 -24 73 6 93 -30 14 17 -27 -50 -48 3 -16 -63 -20 87 -85 -77 -3 -8 15 45 45 -34 -35 99 -7 -66 -24 23 -96 30 -61 79 -85 19 9 71 -17
-94 -52 -1 -71 3 94 80 93 -57 -19 49 -80 -73 7 -93 -51 72 5 67 27 99 88 -95 60 -3 76 31 -2 70 -54 84 -38 -24 -56 26 -46 42 24 -75 6 -2 3 -60 83 -14 94 -89 75 54 82 13 23 80 84 50 25 69 94 -48 -87 -33 59 84 65 87 -7 56 -5 -3 -88 -19 3 31 97 -3 -65 -13 -44 95 29 -53 -9 -59 78 60 74 -93 11 57 -38 -67 37 -84 -21 -97 72 -83 74 -54 -5
15 69 88 -41 -18 -55 -69 -77 5 8 -81 -27 59 -26 13 67 -100 -19 20 -98 89 9 12 76 -85 16 27 41 86 59 10 -56 82 40 75 31 -77 82 3 -72 -3 29 71 61 16 -34 -36 -17 84 80 17 -63 -15 -100 23 -6 -10 86 51 9 -93 -48 -49 -5 86 -22 89 -88 23 -19 -89 -75 -38 33 23 -11 -84 87 -22 -20 42 87 -64 -23 53 -54 54 71 -27 -14 -17 77 4 -48 -63 -95 -61 55 35 -55
-94 -15 -30 -74 89 -68 7 82 35 86 -72 -7 84 -39 16 -49 -60 -69 93 11 62 -67 -69 -99 89 38 4 -40 53 60 -58 75 80 97 -44 80 0 -22 38 50 90 -64 -42 84 -49 20 -64 -32 75 -83 21 -15 -60 97 88 -26 95 -61 44 74 68 -84 -30 0 99 53 20 15 -77 -70 -91 84 71 60 -67 47 -44 65 82 35 -54 34 32 -21 -70 -45 84 90 5 99 75 72 32 -11 -49 49 -5 52 82 55
