3 -43 25 -24 48 -43 -36 68 23 -36 13 -77 13 71 -43 -60 -61 57 -39 69 -13 -16 -94 42 -93 -53 -67 99 89 -26 64 44 -66 -59 87 -58 38 51 95 -13 6 -83 -32 55 -17 -10 45 -60 -17 30 77 -80 -54 -79 92 -24 -69 36 -41 20 47 32 -85 -67 40 -81 47 -13 45 -54 -100 -72 90 -83 42 -25 -58 80 1 65 -4 92 -66 -78 -44 -14 91 63 11 95 -43 6 -54 53 -1 41 81 -65 17 -7
93 -58 27 50 94 -79 -54 87 64 -45 -64 -75 -12 49 36 -71 13 -93 -38 -70 -26 -37 -3 21 13 74 88 49 24 -20 -38 -35 23 -29 76 70 -42 75 -5 -59 29 -54 -73 -81 -23 35 35 30 -42 56 -64 94 -17 9 57 -86 -89 69 4 -41 20 -73 80 85 92 10 -66 -76 -48 72 73 91 26 -64 -41 -23 -37 -35 65 15 67 48 28 -63 57 -7 -34 77 -7 90 -97 54 47 10 -41 53 -16 -90 38 92
11 94 -8 40 -41 -65 -1 73 26 20 84 -33 86 -10 75 -67 71 79 -40 80 47 -39 59 -41 31 71 -43 22 22 10 -5 1 79 59 95 -93 -93 -13 36 13 -79 71 -20 -69 34 77 -26 55 2 99 10 -75 20 -18 25 -91 76 89 -88 56 -41 37 71 32 -16 65 35 -51 -67 -21 -6 65 -55 69 60 37 24 10 -73 72 -90 -45 50 35 21 11 61 -14 -57 -62 97 71 26 97 -24 55 -2 7 37 -12
-51 -37 -57 -20 -99 18 67 20 93 -79 -67 -88 -53 49 -27 -41 -16 -59 -79 -65 8 48 -17 84 87 -79 -62 3 -3 25 -59 -52 -64 -49 99 59 -71 -55 -93 10 -78 94 -12 34 52 4 -5 59 -43 -93 53 -8 61 -27 4 11 -25 4 -51 -52 57 -28 -91 69 31 -92 -23 -99 30 -23 -93 -56 94 -73 -52 94 80 62 -98 -11 62 -90 86 -95 -80 -48 -26 37 80 38 46 -48 -29 -47 11 -42 95 -54 -28 -76
88 19 42 -38 -64 2 56 -50 -21 72 -69 7 -11 -51 -6 77 0 73 -72 -30 39 -31 53 87 -50 60 -10 -48 -23 77 -73 86 24 18 72 62 33 54 -21 -48 0 -66 25 -72 21 -13 -65 -55 -95 -38 26 55 92 9 -69 24 33 69 30 -1 1 15 44 -96 -9 84 -82 -48 -70 83 50 -32 97 -86 -25 85 89 -32 -82 -45 -21 -85 -71 -3 -1 -49 58 -64 10 23 45 -1 -76 9 87 -77 99 -4 98 -34
37 -39 -53 -19 -84 21 36 0 -40 -84 -80 37 -38 40 -29 -77 -82 98 33 99 17 13 27 14 31 -17 -69 29 57 63 22 -80 -3 73 29 -93 -70 -50 -75 66 -83 -83 -32 91 -60 -29 -98 99 -52 -14 -33 87 68 92 74 91 -34 67 -89 -9 -72 -10 -41 50 -38 52 32 18 -6 29 79 42 -96 22 -93 90 -88 -75 -24 86 -18 -23 59 -18 -52 88 -83 71 -93 63 -22 77 70 5 -10 28 72 -9 -83 93
-86 -35 -66 31 64 0 -99 -87 19 -4 51 -67 -58 92 84 10 12 -7 -90 12 -23 87 -51 90 80 -67 -81 -21 67 -97 3 39 94 80 23 98 -49 -74 17 -25 -73 81 -27 80 50 93 -87 65 -71 -40 34 0 76 19 -65 91 48 -8 -16 -53 -29 45 -84 -57 52 11 -48 53 -15 -97 33 -10 -71 -90 -50 -9 -1 -20 -50 39 56 7 -82 37 -66 -28 -44 -54 30 -20 -18 -57 -44 60 -71 92 24 70 -62 -30
-25 55 -85 -72 80 -28 -52 -19 -58 -84 90 -19 -42 6 0 -72 42 58 -90 68 6 22 86 25 32 -5 -52 31 64 -94 -79 85 -92 99 -66 16 -43 -69 61 -94 6 -57 82 9 -89 28 21 -30 96 8 68 71 -89 -65 16 85 -4 87 -36 92 65 75 -50 64 92 -49 20 -74 36 63 -25 -76 -64 80 76 -24 -37 59 23 -19 -58 18 -77 -70 -31 56 67 -88 12 -67 -68 -7 76 -57 14 -1 91 72 -50 -34
-49 -95 -2 61 31 30 80 -67 84 -3 -68 -88 9 -27 93 -26 35 -77 -14 -57 -34 -77 -72 85 -66 91 -86 -43 17 99 -11 41 50 0 -81 -63 95 -30 26 -9 -28 79 17 73 88 0 35 -66 -1 -74 -56 -86 21 60 -27 -82 -36 -25 84 76 -87 7 -76 45 -81 -20 -2 17 33 65 -60 26 -53 -31 -30 -13 18 73 9 -98 -30 -42 -11 34 75 -4 -26 -17 -98 -5 -96 -16 59 56 64 27 -71 62 80 -73
-4 -94 -33 42 77 -41 48 71 30 -9 -7 -72 -2 65 51 40 10 8 -17 -61 90 92 -1 96 -56 63 23 -48 47 63 60 -22 50 11 99 -84 -1 78 25 -91 51 -3 72 9 23 -14 -21 -64 69 -7 -15 17 -19 23 -99 75 -1 -21 37 -74 49 42 80 -37 -26 -75 -88 -3 5 53 42 12 -35 -45 -95 -33 67 -21 -53 93 -12 -49 57 -38 16 -84 52 99 -53 -62 36 -95 -77 -32 82 -75 90 93 -31 34
31 -60 29 -88 -85 95 28 36 7 -87 -24 50 11 25 30 44 60 33 -44 30 -15 -8 -82 98 -43 9 79 77 -12 -23 65 -53 -49 -42 64 78 81 -39 95 -38 -75 -77 -67 -28 -50 15 66 27 -61 -28 -60 63 87 76 53 92 60 -85 -65 -75 84 -19 88 -77 41 -49 60 -73 -93 4 -99 98 -12 -64 37 -66 37 -52 -5 95 5 98 15 20 -28 -78 -19 -57 -59 69 -79 -17 88 51 -11 22 -74 94 -33 56
-77 -3 68 33 -72 52 -20 63 -52 30 -35 -58 -27 -39 -87 -23 -98 -55 20 29 92 -74 -5 48 -53 -61 -100 -83 88 3 97 -39 -10 22 -17 -29 0 -73 -64 89 -7 -10 -49 15 -59 -3 85 -7 13 76 -8 82 75 37 -41 -76 -36 2 55 28 -54 16 51 -31 30 37 15 -35 60 31 -58 57 17 90 -74 -93 30 65 38 15 72 -61 23 -95 20 -77 73 -98 1 -80 -93 93 -91 -99 25 83 -7 -72 19 -74
80 -64 -71 9 72 0 40 75 80 -78 59 45 52 -86 80 -18 -13 98 -95 81 61 11 45 69 -9 -100 22 92 -36 56 11 -58 -58 50 58 37 56 14 25 12 77 -53 5 -36 -62 44 -91 44 22 11 94 1 -20 80 91 1 41 47 -95 -4 44 -92 74 1 -32 -27 5 85 57 -97 -65 -47 -75 -91 -82 -50 22 -54 6 66 44 36 -61 95 -77 -61 -69 -52 11 84 -86 81 -61 69 81 -55 -67 28 26 -68
-30 -66 33 58 -75 -68 84 29 33 63 -24 -98 -18 22 10 46 96 -57 -86 -62 81 15 11 22 -77 -28 52 84 19 -31 83 -85 17 25 17 -37 -5 51 57 -29 -88 74 -43 52 52 -99 76 -88 92 -66 -90 92 -79 33 -68 -50 27 46 -43 8 -61 -42 -8 -60 -16 -73 86 -62 -12 49 68 -85 10 -88 42 85 -89 42 44 7 77 11 23 -2 51 -44 45 -14 -51 -73 32 44 49 17 -24 53 14 -87 -64 -3
13 -45 -40 -47 -9 -53 -74 39 -82 -86 66 -69 33 -9 75 95 -43 71 15 -2 -90 7 -63 33 -62 -49 36 93 68 -80 -78 -24 2 -72 -89 24 -5 -63 -26 -64 -56 -34 10 -26 -46 -2 12 27 91 73 -27 61 73 -91 49 32 75 -21 -73 96 -28 -61 -83 70 11 94 -71 50 92 85 30 76 -69 13 80 -61 -50 -15 89 63 -4 27 7 -100 26 -61 -12 37 93 72 -40 -20 -27 -3 11 80 -2 31 -56 75
-99 -48 60 -34 36 53 -20 53 5 -27 40 -63 92 51 23 -12 70 5 -25 59 15 -48 -30 20 18 -79 -93 65 23 -54 -80 -12 29 -92 65 99 93 3 20 -93 -94 80 75 -7 7 39 -77 26 52 -84 -34 85 1 -52 -47 95 -50 92 -38 84 61 -40 63 68 25 64 11 -13 10 -56 -6 -45 -3 55 -57 -54 42 -40 20 54 49 84 16 -51 -49 -66 -1 44 85 97 49 -81 51 -24 -65 78 -73 44 92 49
-50 -43 -82 14 -15 17 66 -80 79 -48 92 22 48 32 30 -19 36 -67 -42 35 -21 92 -93 99 -16 65 44 53 -23 -49 33 -4 -56 -19 81 9 -18 54 -86 80 9 -87 -1 -47 -45 -82 -21 -94 66 56 -77 72 -100 -51 -67 97 -100 -54 9 -53 33 24 -85 23 -21 51 -71 16 -85 35 40 -42 -40 25 -5 69 -44 51 -69 82 73 80 -56 -45 -11 29 -8 4 -43 -55 -76 26 65 -10 45 39 45 47 63 -27
-87 21 -97 -77 -72 63 -71 87 32 -49 43 -34 -87 -62 30 28 41 45 -65 78 23 -16 22 -7 -34 -80 -48 -85 -50 11 -68 27 56 98 -3 92 4 -28 80 -17 -94 80 97 72 56 47 98 98 99 70 38 51 -72 27 29 -60 -63 77 -1 46 -70 -55 4 -18 -34 -69 99 -42 -40 -28 -56 49 12 14 33 85 -67 -64 -22 10 18 -65 54 -86 0 -14 -17 -16 -53 -99 68 -77 -60 15 -66 -11 -27 17 -80 50
-73 63 -60 -83 28 -100 76 -79 55 -60 -52 -30 58 -8 -13 93 -77 -59 -9 -13 9 -44 -55 86 -26 -28 63 24 -92 -19 -68 17 31 -8 66 -57 -98 13 16 33 4 -77 55 86 -55 -6 -24 -67 -88 36 -32 86 -17 -71 -44 -89 -98 13 9 -65 -12 -39 43 -23 -8 -83 67 73 -38 71 -85 33 59 -92 -6 -61 74 -39 -26 26 -90 -14 -5 -29 60 4 -73 -81 -100 90 43 54 73 -93 46 31 -18 -61 -40 -38
88 -43 -98 42 99 -40 71 75 -50 39 95 56 23 -83 76 -2 38 -10 -30 69 -90 14 97 10 45 53 77 35 28 -51 85 -31 -80 -76 41 60 67 -31 29 53 -23 19 30 -81 8 94 54 79 -20 22 77 15 -7 -66 90 -81 45 61 82 -59 -99 20 89 91 -47 -24 9 -67 96 -53 -50 -1 84 -68 -61 -45 44 -63 -36 42 -15 56 25 -97 26 -87 -11 26 18 -52 -71 83 68 -72 -85 -92 -88 -25 -36 86
87 -65 31 16 -9 14 -11 -85 23 -38 -6 -37 -63 94 -2 52 93 -77 61 -70 38 81 88 21 57 -57 63 74 87 -17 9 -89 -76 -38 -46 24 -90 -36 22 -95 14 -47 -10 28 82 54 73 74 -44 99 98 -39 -17 -12 93 -20 32 52 -41 -75 20 6 52 5 6 83 60 -28 -75 -43 3 -30 66 -97 -2 -35 65 -78 -99 -58 27 56 -38 -19 63 70 -24 -18 -12 88 58 75 -18 -90 92 26 -20 -82 -57 90
43 -63 -89 71 34 77 64 -83 35 -27 52 60 -41 17 -27 28 -63 -50 66 12 14 -50 -15 -94 59 41 -100 -10 85 -64 43 98 90 -98 -33 87 56 -62 12 -70 -79 -68 -78 1 73 36 -26 90 -25 18 -40 -18 -78 -26 -92 12 47 3 50 -9 95 88 -31 14 64 -76 -91 40 9 47 86 82 -90 -56 -55 51 -63 -48 91 -65 -51 31 -27 75 18 -31 -57 -15 -59 -39 40 44 99 -96 33 -82 -43 -47 -98 -57
16 55 16 93 25 -56 4 -4 -26 -62 -78 -53 34 60 -74 46 -94 48 -45 69 -10 -89 49 -82 -35 98 46 31 62 -100 -26 -6 -92 -30 21 23 72 45 45 -76 -42 -97 -84 77 40 15 77 75 93 81 -5 68 12 49 -55 35 48 -81 56 21 53 81 -63 -28 48 84 -7 82 87 72 36 -85 -74 31 68 78 -11 -28 91 -97 -62 -8 -21 47 79 34 52 83 98 -49 -15 -89 -44 -21 81 -41 -27 -5 -21 10
30 85 91 -89 -30 56 -83 60 50 7 82 43 57 -41 76 0 26 29 50 -62 14 47 82 -28 17 -4 -82 -41 -49 -39 -32 -67 61 13 -78 -1 89 -63 39 -46 -9 67 -24 -82 -71 -60 50 -100 83 -68 45 17 -53 12 51 59 -86 -43 -62 61 -37 -44 24 44 49 -92 90 51 -81 -24 -75 25 -40 -72 45 -54 -44 -28 -42 -99 -80 34 -46 80 86 -71 -52 -51 31 51 -17 71 13 65 -28 67 64 -33 -96 46
-90 -69 -71 -81 -70 -58 -64 -59 30 49 -44 -13 -76 66 -61 -57 -67 72 -73 -28 13 15 -43 26 -28 72 -43 62 76 -45 98 -20 75 74 20 16 30 -81 -55 32 60 65 35 -23 -6 17 -16 -67 93 41 66 -40 -38 -82 -7 -35 60 52 -87 -18 43 -91 -35 70 76 16 -70 -58 -2 7 27 -53 6 18 79 59 47 31 -24 0 42 -96 -47 -77 -34 -47 10 -82 27 -60 18 19 -12 -87 30 -33 32 -40 74 28
79 -3 -28 6 -35 -47 41 -10 68 31 -28 40 67 -57 35 -29 -70 3 92 69 58 -19 4 42 -60 71 -53 70 61 -84 50 72 35 27 -78 3 38 51 47 23 31 -99 -47 40 68 19 -74 29 -1 -7 -2 -71 73 -12 -95 64 -49 -45 -29 75 -17 -14 42 -44 16 -83 -36 69 -48 -11 35 25 -13 -26 43 39 43 40 58 45 42 -81 90 -23 -68 74 52 -47 -29 -11 -53 -74 44 63 86 30 46 -89 -85 -50
-74 -72 95 -16 -3 -81 61 12 49 63 -81 69 59 34 8 2 -77 70 88 45 -93 -9 -62 2 -99 29 -81 10 -17 60 -57 69 -90 61 28 50 -41 -91 90 36 -11 -10 -8 19 -75 13 -21 -22 -13 -16 -63 -20 -89 55 96 -74 77 -5 14 29 -34 -81 -53 92 23 -4 -87 73 60 -41 -84 89 24 76 -77 30 49 62 14 -32 -91 -98 -38 -85 -72 69 51 81 -19 8 49 -36 -19 38 -90 55 -71 -67 -70 -68
-63 74 96 99 -19 88 16 -54 -9 -99 76 6 98 86 -11 81 -96 6 28 -35 -30 -96 34 3 92 -97 7 -50 83 -12 73 -73 18 -57 73 -2 -49 60 -24 66 -87 -81 -85 -67 11 83 -88 -12 14 -66 36 75 76 -32 59 43 -24 47 84 -69 -12 -39 -60 69 37 32 -15 29 -9 11 96 -21 -31 -62 48 -27 88 -27 -48 57 46 0 75 34 24 -4 -82 91 92 -47 -24 15 -43 45 9 47 0 64 80 95
89 -28 -95 78 -55 -59 -43 -64 1 -74 42 75 -45 86 -71 -10 -50 70 6 6 25 9 7 50 1 75 71 -33 -88 50 78 -24 -63 74 -21 -60 30 -62 8 63 -23 70 -72 -97 -54 -53 36 67 91 43 34 82 57 -16 -23 24 -9 94 -93 -97 -92 -87 25 83 -96 -59 -11 25 27 87 -4 -92 -53 -93 66 -10 -30 19 87 -49 -81 -2 -72 94 39 -74 91 -19 39 50 22 30 55 -68 54 -46 -86 43 84 59
28 69 -55 94 -85 0 -72 -71 46 -38 -65 51 -44 -45 54 -98 57 76 63 8 17 -97 -52 82 30 96 -41 -15 6 -80 -99 70 44 88 -28 -77 59 -6 47 -16 -93 -20 46 38 31 -91 25 79 -66 -30 -58 -99 -95 -88 -54 33 20 -17 -38 79 -69 -36 -81 7 -86 -51 66 -82 -59 -82 25 -82 43 43 27 -63 4 -68 -24 74 -19 -78 9 -42 -13 41 -32 -46 68 -70 -86 83 -35 66 -64 -37 -54 -82 36 -26
15 -68 89 -30 12 35 -30 -56 8 -45 61 -70 70 94 -14 78 -2 40 -66 15 -84 -71 72 37 60 -86 -50 27 -83 71 -3 92 19 -64 0 -79 -78 -45 -100 -66 46 2 -82 -89 -80 -66 65 10 0 -46 -98 -17 -83 -41 -20 40 98 -49 -81 -99 -27 -4 95 -44 -55 12 14 -17 56 66 -46 -40 -21 -13 49 83 10 -90 -63 43 34 81 4 -2 86 23 -55 64 -65 35 -69 13 86 -99 72 -78 26 8 40 24
-14 45 4 12 36 -1 -95 -36 -41 76 -68 -9 -99 -66 37 -19 50 41 -25 -51 -45 -31 75 5 -94 -6 -53 48 53 -82 -14 -95 -43 50 9 -6 -25 58 46 19 26 -45 -23 -39 28 43 -71 -98 -55 94 60 -63 38 -69 -63 22 54 -47 -55 -1 -41 85 57 -56 93 -31 49 -63 -49 17 92 -64 82 75 97 51 46 -21 19 -9 14 80 6 -67 -58 39 -28 71 34 86 48 65 -61 -32 -59 -95 66 -78 15 7
-67 -94 71 -50 -30 -48 82 -43 -58 73 -44 -80 63 -55 -22 40 24 -55 10 2 -54 -44 56 -67 76 42 43 60 37 -70 26 83 20 67 21 40 45 -13 94 -96 48 31 14 -52 61 -42 -68 46 91 24 -44 -75 12 90 4 -11 -2 53 20 -72 -47 -1 -55 -8 -21 -8 15 -13 69 -96 48 95 42 57 57 0 -49 -90 17 -75 69 56 -51 56 -13 -95 99 64 48 -11 -98 -57 -81 -94 94 -75 -3 16 -6 17
59 -51 7 97 80 -64 27 66 75 91 5 -6 14 -61 91 -53 20 -65 -36 5 75 39 86 -75 4 -11 -43 50 -7 71 71 6 26 -71 -86 -60 29 9 -81 38 4 -18 81 66 -4 -99 -56 -96 84 -93 -55 12 83 -29 -36 -88 29 -79 54 44 -99 74 -91 75 -83 -64 75 61 -53 23 -61 -32 -21 0 -36 71 -3 78 95 73 81 88 60 -76 -44 81 71 -32 99 -18 -53 -81 73 -52 -45 -13 47 83 -2 -30
68 7 85 -35 -40 7 -100 47 23 -2 21 95 73 92 51 98 33 -10 0 -66 88 95 -31 -49 55 52 -57 73 81 58 46 -13 2 -52 -46 92 34 0 71 -18 28 -25 -37 -45 50 -24 17 42 -66 55 -13 2 11 -34 -42 81 19 83 82 -73 79 7 -83 96 67 -96 -13 -53 29 24 -100 -4 -48 49 -12 28 16 69 28 6 -81 67 -2 36 21 -95 -26 -86 66 49 76 -93 -26 -96 -91 6 11 -75 -46 -45
56 -46 -62 29 64 -41 -28 67 89 56 78 99 81 43 -100 -45 30 43 5 -37 -90 -50 -71 95 24 39 30 -32 26 48 32 -63 45 68 -83 99 10 6 73 99 21 -91 91 29 33 -59 -47 -49 24 63 20 17 -95 -28 -8 89 -100 -4 82 57 85 -49 -1 -37 52 39 34 -81 87 27 -32 53 -29 -35 -58 46 7 -26 57 17 -18 -1 -15 3 -77 -12 29 52 -72 96 71 42 22 -75 3 -49 -21 -92 -83 -63
-27 77 -99 -20 -74 -79 53 42 -58 84 10 -92 81 -90 -1 55 -46 40 48 -38 -71 -65 14 39 -60 92 -89 -7 45 -62 13 -97 12 -35 -4 4 -8 95 -26 -11 -3 -77 10 37 -46 37 -19 -55 -28 -35 -20 -84 74 -28 -68 86 79 -24 4 -34 -1 90 -90 70 64 -85 85 78 -79 -37 9 -36 95 61 -21 -72 -75 62 -33 -71 -1 -80 -80 -71 -5 -3 -28 64 -60 -70 -17 -40 99 67 86 -64 -55 -30 7 47
31 22 52 -5 89 30 -68 -44 7 -41 96 -100 -20 85 -72 -46 84 -44 -18 -3 36 29 -59 72 22 -48 -25 62 74 26 -23 -80 66 4 16 -95 33 83 -52 9 -88 -89 77 64 62 54 49 89 -1 22 -13 -24 17 95 59 -42 -80 -29 17 80 42 5 -22 -49 98 99 -56 8 83 75 18 45 89 -34 13 -40 26 -60 21 -9 94 -41 -95 -22 -61 -85 -81 74 8 50 92 93 67 47 -25 32 80 -66 -23 44
40 58 -60 -41 74 8 -48 44 23 -33 -72 3 14 17 -13 59 31 -80 -8 19 50 2 32 50 -41 46 41 -13 -50 -71 -23 61 19 -93 28 79 97 66 -43 -12 -92 -11 -62 21 -97 53 31 29 -48 -29 74 -66 43 -15 75 -16 91 31 52 -15 -100 43 19 61 45 31 34 -94 72 -75 18 -70 0 13 76 90 -66 -52 75 13 46 25 5 42 12 -61 19 84 20 81 -46 23 -77 -65 55 -6 -30 24 -99 -39
-77 39 -57 -98 -59 -39 -33 -57 -97 2 -5 73 9 11 -43 8 -12 83 -75 -5 -95 -55 -67 80 33 -11 -36 0 47 -33 -62 26 92 -65 -18 -62 -49 70 -99 44 2 52 -92 16 83 4 -94 -41 29 -52 -58 -7 72 -82 -14 5 -33 -77 -40 -27 89 -70 -98 -15 30 -6 84 64 42 70 21 -79 -97 -53 16 79 -32 19 -50 85 46 25 23 93 -86 68 21 -88 -89 9 16 57 70 -62 -93 1 36 -6 6 76
-65 20 -47 -1 99 78 71 -34 89 -8 61 27 70 -44 -58 4 39 44 95 69 -96 32 56 -66 89 -30 -8 58 -4 -47 36 99 81 -98 1 19 -18 88 -54 -59 69 -4 45 -66 -28 53 -12 -22 58 52 -7 -98 -21 -87 -46 -9 -5 -22 -23 20 -88 -85 86 75 -100 35 67 -24 -30 -1 77 -39 -93 -64 -15 78 -26 41 -80 -96 51 -46 -28 -37 -72 57 27 31 -20 -39 63 -92 -24 -74 84 24 39 -5 3 61
2 -80 -16 18 16 -12 -56 89 65 82 4 8 -7 -27 -6 -36 -11 32 89 64 57 64 -27 -11 2 27 -25 -84 77 35 68 -34 52 10 56 -55 -36 16 -96 42 -42 80 -71 19 -43 -65 42 37 67 -75 -6 -78 17 93 64 -85 88 -28 -83 -6 -31 90 86 -62 22 2 45 -95 -47 -7 -41 22 34 67 -47 21 -80 58 86 -25 -35 93 41 -100 -75 39 29 47 -91 17 -20 76 -2 38 -3 -63 -29 91 9 -67
3 -17 -54 -62 95 52 9 44 4 47 -7 93 -38 44 21 -70 -6 68 93 4 -26 -29 54 -54 17 86 -3 -41 55 42 -78 53 -91 17 -15 -79 39 23 64 6 13 25 -31 -45 -70 -30 -50 85 97 90 32 -91 29 31 54 49 96 -82 -25 -93 -90 -55 -99 50 -67 -75 50 -69 99 -90 14 -34 -67 -40 -57 58 -62 -13 61 -54 -2 33 -80 -86 -38 2 56 68 -16 46 -93 95 -18 99 -5 59 -99 -63 85 52
12 -82 57 -37 50 5 -60 63 76 74 22 68 15 -63 -96 92 80 85 19 -17 -78 -98 -27 -76 18 -15 23 9 96 -42 -83 -60 95 -1 -91 25 91 -28 -39 -17 46 -75 95 -98 -94 -29 -80 -40 -47 -89 -58 73 -1 10 -67 48 -89 2 51 76 -62 -8 -78 29 -13 81 64 -29 22 99 -36 96 -17 64 59 -3 -55 48 76 -24 -74 -49 39 -25 85 1 -86 -23 51 9 48 -11 -13 -71 -36 61 -93 -75 9 1
-42 59 15 10 -61 89 -38 78 32 84 50 -55 93 -40 27 44 -24 61 78 -93 -63 -63 35 -8 -5 -68 -33 10 6 -25 20 84 -14 7 -51 1 -55 -17 53 16 -91 -10 75 4 -7 17 98 16 74 18 -99 -36 -62 62 75 -86 98 44 68 -94 49 -52 62 1 -33 -88 -81 75 -30 74 -90 50 12 52 -55 87 89 -60 56 66 -64 74 -63 12 -62 -84 1 97 77 -11 -78 -88 56 21 97 84 37 36 -48 20
77 92 52 60 56 26 47 -44 97 67 -56 43 85 55 -72 -22 -39 86 11 -88 -56 -16 -67 -25 28 -93 -35 66 64 28 -26 30 70 -42 73 50 19 63 -54 54 -54 -56 22 -92 -46 22 -96 -99 -64 -67 -92 3 -70 9 34 71 74 90 47 -73 57 84 43 -32 44 -33 10 43 -89 34 28 77 -26 92 -52 19 51 -55 61 -68 -19 -43 80 -10 -19 29 4 26 -67 -23 98 -19 15 72 41 73 -71 30 -95 -6
-42 -55 57 -8 -52 -92 53 15 40 71 56 91 28 -64 22 -96 18 51 12 60 77 -58 88 38 69 72 24 79 -36 -58 73 -21 71 45 -85 15 -42 -86 -53 -33 -54 -16 68 6 -23 -49 -94 -78 53 0 -38 24 -95 -97 -68 -22 19 32 -55 -65 70 -34 -42 -76 -32 -15 56 -44 -76 49 5 -75 -11 62 -3 38 -83 -51 56 -33 -18 -27 84 -6 -28 38 28 -3 26 4 98 94 15 45 15 -62 7 16 -12 57
-40 33 -24 24 47 65 74 -92 -79 34 -20 99 68 -99 56 33 60 8 -15 51 52 -73 46 -51 98 -30 98 0 -21 94 -16 11 70 -54 78 -51 -53 88 62 89 54 -25 -52 13 -36 -3 -100 -63 94 -35 7 -95 -86 78 -26 86 -86 -81 97 -46 -65 0 7 92 -96 89 56 95 10 77 -77 -100 36 -59 55 69 -88 -25 26 -3 32 49 71 -51 -34 -23 -22 -62 20 7 87 -57 24 -17 -42 19 62 -14 92 79
46 -3 -26 -34 41 -29 15 -85 -97 -77 58 -67 -67 88 11 92 0 -54 -79 -50 2 62 -62 58 -24 -92 71 -35 56 0 65 2 -29 1 11 -17 -31 10 2 -100 -66 28 92 28 -41 83 -73 -78 -24 5 -46 73 -19 -7 -9 78 12 -88 -13 36 56 60 94 6 -45 -19 84 56 84 95 -89 20 37 50 -49 38 -59 18 -9 -70 -61 -38 -50 91 67 -77 -55 29 -87 89 70 57 -35 -58 92 -47 -40 47 -52 52
91 40 -25 -93 -79 -38 70 55 22 -52 22 -63 49 -79 14 81 -59 23 99 89 -82 51 -55 -82 -48 13 -30 -27 -24 47 60 -47 -30 28 18 -99 86 -71 -57 22 14 65 83 -33 69 -76 93 -40 95 -86 -21 44 2 7 -9 -2 -78 -10 73 35 -98 -88 66 16 22 66 34 13 -54 93 -70 -21 79 25 -93 36 -95 -22 -47 -93 78 68 84 -83 24 97 98 -25 1 44 73 25 39 44 -74 -54 42 -51 35 -71
20 -54 -10 30 -37 55 -90 70 -85 -45 -49 -41 34 -12 -91 11 -36 10 44 -80 1 -32 48 12 32 -11 19 35 -44 -88 -25 60 96 27 19 35 52 -76 -84 89 64 40 -87 -48 -49 -31 -67 -68 -18 -41 -40 80 33 26 52 -13 72 21 -80 -47 -48 31 74 53 69 -28 -41 69 42 80 56 -72 -60 -93 -12 -50 -51 79 40 60 -54 95 -91 22 -89 24 47 -8 -27 37 -81 78 -44 -31 -53 -17 -41 -76 9 33
-49 39 7 59 73 87 -69 -71 93 90 45 -2 -38 72 -25 -53 73 -89 -98 17 -6 -15 11 32 -51 34 -75 -46 59 73 -64 59 -44 5 -32 -59 -48 80 -33 -37 -7 -81 -69 -10 59 16 -91 63 64 -14 18 -17 83 68 -99 -58 -93 -78 -31 -19 -2 90 22 -38 -23 -7 46 55 -5 -73 -30 21 0 63 -23 95 32 4 40 62 -48 99 -64 54 14 8 1 47 92 -70 -39 27 67 -50 89 56 41 -15 80 31
18 48 -61 63 37 -63 5 96 -70 -98 -36 -92 -48 -68 -73 71 98 -1 13 -33 -72 7 -78 -84 4 -75 -41 -96 -15 -48 22 -78 11 74 -93 31 44 -73 -89 55 -35 -66 -36 25 94 -93 -16 -17 4 36 43 -60 99 54 27 1 55 58 -20 63 -40 -39 -14 16 75 -13 -16 2 98 71 -66 58 -19 76 58 56 -64 -14 -11 82 -68 25 -90 53 -64 93 22 -36 -35 31 92 -85 -63 54 60 -56 59 -92 98 23
44 -8 -17 77 -88 -21 66 -46 46 -30 -10 12 7 -76 1 28 20 -64 77 79 -67 -60 -36 -2 77 -54 -31 -25 58 73 96 21 -74 2 -1 -8 -4 -26 14 -28 95 -23 74 12 55 37 -69 90 -64 83 -96 33 -83 90 5 22 71 52 -45 -95 77 60 -40 12 18 -98 -89 -16 -55 -42 -65 85 27 -72 68 -56 21 42 -85 -15 -53 -87 -90 -8 -32 -89 -54 24 86 18 -14 -70 7 16 -57 10 -96 -82 -43 -4
24 -83 63 8 2 93 -45 34 72 -94 -86 37 79 78 -3 -14 -80 -37 77 64 -82 -13 86 43 83 64 26 80 4 -56 -98 -45 76 49 -4 -91 61 31 12 5 -87 12 -75 14 -55 26 -59 84 -66 92 94 -41 32 -59 -26 -57 -65 -76 72 90 -30 -18 -2 -76 56 67 -46 23 29 -7 -48 -1 -61 23 6 -17 40 -36 -93 -99 -22 65 12 -45 -39 91 -86 48 -62 -21 -84 -28 26 -14 26 -9 51 56 70 61
61 45 37 75 91 60 31 -79 82 83 14 -9 -64 93 -85 -96 -75 -59 47 -96 -27 -22 90 38 84 -52 -10 -92 94 64 31 -92 -60 -73 -88 -29 -99 47 -87 -13 -51 56 -35 -35 44 13 69 -61 -55 -18 86 -74 78 -79 37 -76 -8 43 -88 -55 -56 -64 68 1 -4 19 32 -20 -14 16 -36 50 -78 88 -95 26 91 2 -95 14 -67 1 -21 62 94 -2 57 83 29 -2 -50 -73 -89 -56 -7 -39 -38 55 52 0
-54 -27 -100 74 32 -69 30 13 12 -100 -68 87 99 2 60 87 86 -68 36 -59 -12 -90 89 98 10 -12 86 -25 -54 -29 79 -94 -81 -1 -28 69 14 66 -34 14 -40 21 40 -81 -73 -60 -49 -28 33 18 -82 -7 -59 88 99 50 55 8 48 -69 72 -3 -66 13 12 36 -65 36 -71 13 84 42 7 -4 -82 18 -92 -37 0 -82 -8 -65 -58 -76 22 -91 -93 39 68 -20 -74 18 2 89 49 -98 53 19 -67 58
-70 96 -71 -89 -68 96 -99 -16 -18 28 -23 -83 4 95 -72 15 -16 97 -55 98 61 9 -46 73 80 78 26 -86 5 -90 -54 -60 2 71 35 69 66 -26 58 -75 62 66 -98 43 26 -35 -46 -70 31 89 -97 -82 50 -56 68 85 4 34 -37 -11 -92 91 -75 -33 -19 -63 -7 34 48 89 -34 -63 -41 -52 58 -86 62 93 28 -92 22 36 14 86 18 35 27 87 -87 3 97 11 -28 -2 -12 2 45 -57 -36 69
6 91 -78 31 2 45 -87 -23 -72 -13 -3 23 -55 -49 -91 -46 -14 13 47 -98 -89 -12 9 71 10 7 28 -38 -80 -4 14 29 76 -1 32 -20 92 -73 39 42 70 80 -85 88 48 25 -80 90 -4 2 -47 -98 53 -62 -7 88 37 65 -6 -45 13 -53 89 0 -81 39 -96 49 83 -97 -9 -17 26 -30 -13 51 -5 77 5 21 -55 47 17 47 -3 -40 -9 -59 -80 26 -83 -14 60 -48 -19 -32 68 88 5 -53
-23 78 32 20 -37 20 19 -19 5 89 -75 94 71 -99 -42 -76 -14 59 82 -91 -26 14 -86 -13 -94 -34 -72 73 -16 96 -56 -16 33 -55 84 98 -12 40 -29 -6 1 48 25 -48 29 94 27 -43 -16 66 -85 77 13 -48 79 -73 -24 -70 -24 47 16 -5 56 58 -29 30 88 83 59 -73 -17 -4 44 73 -73 17 13 33 15 80 -90 60 57 10 -6 74 -76 44 39 50 40 -19 -17 -1 50 -69 44 -25 98 -75
95 -13 98 -58 -96 69 80 85 12 95 5 68 -52 -95 -13 60 -80 -64 -62 32 -64 -13 -11 -18 -64 37 -48 43 79 18 93 -15 62 -31 25 56 -13 3 21 33 68 0 -56 60 -60 -14 68 28 -7 9 -8 -73 -37 -16 -10 -87 -21 44 16 -34 82 54 -69 -52 -19 68 79 60 -5 -95 12 -22 71 -58 -87 -48 47 -1 81 -27 99 -35 74 -75 32 -85 -62 15 -92 -34 -38 -70 -67 -18 -54 -3 20 15 -61 95
-1 9 -63 -87 52 67 25 45 18 -30 2 -65 10 20 -74 -32 21 -48 -75 17 12 -28 26 -83 -90 55 89 -56 69 -11 77 -68 -13 9 59 75 -69 -3 39 -3 65 78 -88 -16 88 92 -80 -99 37 -15 -44 28 9 42 77 -25 -34 61 -4 42 -55 -32 -24 -68 -81 -4 25 -84 98 36 -25 31 -64 -6 22 -8 87 65 79 92 -50 -88 -67 29 10 -33 24 3 31 30 -82 -20 19 54 97 -9 75 89 36 -71
14 75 -44 -91 43 -15 -68 41 -94 17 0 50 1 -23 -13 -44 -66 18 -81 -52 57 -54 83 -32 84 -99 12 16 -75 -76 89 62 -77 -95 -34 -63 49 -88 -82 72 71 -22 4 -44 71 13 57 -79 -51 49 -73 22 -49 -5 -55 10 -18 26 80 73 -13 62 87 -1 -57 -18 86 40 -97 -48 -21 -97 -50 41 91 32 91 -83 -46 84 -76 -86 76 -46 -15 -97 84 7 -96 87 56 -44 75 70 -82 -26 8 -26 95 -72
-2 -4 57 50 86 76 -80 -21 -33 21 -45 99 -11 -69 -5 22 -65 -21 -4 -43 -91 -1 -33 23 6 58 1 -56 97 22 62 0 -18 -27 4 -12 -20 -49 -84 71 27 4 -13 2 49 -27 95 -15 26 73 20 -42 -30 -21 20 82 -26 -51 -50 55 50 70 -26 -100 -83 -62 84 2 20 91 -15 -72 -77 -86 -94 -41 -44 86 -14 -5 -90 -32 12 -14 91 -53 -19 21 4 -19 -64 45 47 28 24 -51 29 -16 97 -96
-63 -64 70 -30 27 -33 27 -16 -51 -63 24 84 -13 67 82 -11 64 -22 83 14 25 -49 50 20 23 55 -77 -35 -98 -85 -64 96 88 33 65 -11 -32 -2 83 77 -19 -34 -15 -33 -77 -61 -45 91 17 33 -88 80 25 -34 -24 -84 6 -27 94 16 83 -75 19 -58 64 6 -62 63 48 -15 68 -38 29 -3 -8 3 -30 11 -13 -19 -97 -47 24 -34 -71 83 70 14 -60 51 -43 -44 12 -82 81 82 87 34 -95 -59
46 7 -4 -29 21 -38 -52 -81 67 -45 39 -51 -70 69 -92 -76 6 -33 48 -71 33 -52 -32 19 63 -49 -60 71 54 -55 89 9 53 -57 -60 -40 32 56 31 -19 -56 -44 56 42 26 -11 -43 -69 29 -92 -15 -85 9 26 88 -23 30 -25 49 4 -34 -78 -41 -1 -49 19 74 51 -17 -29 84 41 19 22 30 -26 -79 95 82 -14 63 -86 79 -71 88 -43 -25 -12 56 -19 88 -82 92 43 -42 -58 45 46 26 11
-17 -78 -88 -69 -90 -31 -94 17 -37 94 57 -38 -97 -41 -39 -16 51 -82 68 -49 67 36 82 28 7 -86 15 96 -74 -2 -91 -65 -11 -18 98 4 -13 70 -77 -29 65 -1 19 -68 17 70 -79 40 46 -59 -16 -45 -28 32 22 -31 1 -4 88 -2 -47 67 -25 -8 -56 80 35 21 53 -80 42 -95 -12 -67 8 -92 -27 54 -82 9 54 -46 58 24 5 -90 98 66 -13 -2 -19 -90 60 78 16 66 67 -13 -62 89
-3 -15 24 -1 -49 -18 26 -16 80 37 32 5 -71 46 15 87 73 -97 97 85 2 -71 -77 49 17 -7 90 -8 11 6 -76 -76 37 67 -1 46 17 96 -37 73 0 76 -26 76 -47 -81 -99 95 88 -60 38 80 22 0 -90 31 11 74 34 34 -95 47 44 -4 -24 6 9 -69 -43 -23 -44 56 -62 90 41 -18 -69 -78 -65 -74 -65 -85 -73 -48 42 73 -23 37 -77 2 65 -66 33 91 -2 -41 69 60 4 93
-82 -81 71 33 91 -12 88 -13 -20 23 -78 25 -12 44 43 99 -15 -37 18 -26 -100 -62 55 19 -82 -14 79 15 79 35 -10 24 -91 -57 64 45 -95 70 -95 -33 -42 16 -36 -97 -92 67 -24 -34 84 82 -25 67 77 87 33 2 -27 12 30 -16 24 -73 -33 23 79 78 49 -3 -17 -49 41 52 -44 94 47 95 58 -69 79 44 83 -48 35 -41 -40 -76 -52 -1 68 49 31 68 36 54 -67 -15 50 5 66 92
29 59 -54 -54 44 66 42 -26 1 -91 -27 17 12 -96 -76 -16 2 66 -95 -33 26 93 40 -85 7 -13 -7 24 -57 36 -55 -29 -90 -71 80 -76 50 95 -72 38 -35 -12 -10 -25 76 53 77 -89 -90 75 57 -90 -20 79 -15 -53 43 -38 3 87 27 -54 60 -70 -17 -99 -60 80 11 -1 -72 -80 -21 48 -43 -71 17 -26 -39 94 -88 26 3 73 -90 15 76 -45 31 33 90 -67 -87 -21 -21 34 -57 92 82 -61
-17 80 38 -10 34 -32 55 -54 -54 -48 -30 -14 -41 -63 4 -6 39 14 69 -74 94 48 16 -95 26 53 -64 -48 78 2 72 62 52 17 50 25 99 42 96 -25 -75 60 69 -14 -25 -6 -42 -20 -77 46 85 -36 -12 68 73 34 18 60 58 42 -56 0 59 13 -25 52 80 27 40 -47 -74 -81 38 55 -94 -34 97 -71 -81 -50 67 -15 28 -90 -63 -76 57 -87 -34 91 -78 42 9 -93 -76 66 -84 -57 21 -30
-87 -54 -17 -74 -35 -19 45 -45 73 67 -32 45 -56 21 5 -76 -73 90 -98 -32 -25 32 -94 -94 -44 53 10 -14 69 -74 63 -58 77 92 14 84 -95 63 -15 27 -13 67 12 7 -41 61 -62 45 62 -63 -62 38 -67 74 90 96 10 7 24 -3 -27 -12 46 -98 74 -95 -80 -24 14 -43 -32 -26 6 -72 -42 43 -89 -60 -31 9 56 -4 82 -15 -78 -78 51 -94 -17 85 -48 -39 59 -96 -87 62 0 22 -72 99
9 64 -29 -65 52 4 -76 -89 -39 22 68 -91 -17 30 79 12 -51 -39 -5 -41 -34 3 -72 13 28 -47 -1 72 39 -40 88 55 -37 69 -41 90 -24 45 -48 -25 -6 44 -68 -36 -29 -31 66 27 -22 21 33 -60 -69 20 22 41 -96 -21 -73 -21 2 11 26 14 2 91 -73 4 6 54 -62 -46 -28 70 59 23 42 38 -20 -35 9 17 -5 93 -8 81 -27 -51 71 28 7 -38 -33 -97 -16 25 -25 65 -94 46
-31 75 0 88 5 -9 -34 77 32 -96 -52 39 98 56 -34 3 78 96 -46 -81 30 27 91 -70 -31 19 -65 -74 -65 24 -57 32 -43 -7 8 96 94 -84 -74 87 27 -43 -46 56 -59 -62 29 37 2 -79 -53 79 18 -28 -1 28 -62 -78 -93 11 -87 12 -61 0 67 -67 -27 -8 38 89 -36 81 23 43 -27 -21 -55 -70 68 53 -63 37 -37 -56 35 -40 -81 -82 -71 46 30 28 26 -76 -56 7 -62 -40 31 94
83 -67 24 82 17 2 58 90 63 51 90 -11 -60 -20 36 48 88 19 63 -42 84 55 51 0 -94 -39 76 -19 66 -57 -81 -65 -84 -1 -54 18 15 -91 -4 -54 -76 99 96 -67 -90 13 -9 -44 -20 39 79 -71 -48 10 -56 -27 -91 -13 -63 -56 -18 2 -75 -54 -79 -79 32 -10 -97 -13 95 50 82 0 -28 -7 49 82 56 -28 -79 19 -97 69 -30 -86 56 19 -42 66 -18 2 -47 -96 73 79 -32 13 -14 25
36 -15 84 -49 97 54 16 -97 71 -34 62 50 9 16 61 -2 -44 -26 -17 54 -39 99 61 85 -48 -75 12 -48 -8 14 55 -18 -89 77 69 -92 -63 85 25 27 23 86 58 69 21 18 56 62 -67 -71 -39 57 -77 -38 -5 86 -75 38 -88 77 36 -53 71 -5 -27 -58 69 -23 62 -83 -29 -52 -87 -66 63 61 -60 17 12 40 -63 41 -14 -70 43 -69 -82 -67 -78 44 -25 -51 64 -100 54 97 -29 -29 -79 -71
55 -71 -43 -71 32 38 -82 3 10 84 -95 -75 -26 -50 36 22 -54 -77 57 -29 70 -67 47 85 6 -18 1 -70 -45 -99 -34 1 48 -65 -82 -45 35 -41 24 -3 -3 30 38 66 -76 93 -1 43 -43 22 -87 -87 -53 -50 -60 -74 -41 -86 89 75 -21 97 96 -54 -72 10 -75 -11 -75 -71 -46 -99 -27 -31 -59 35 8 -21 33 30 89 -73 -76 84 93 -72 13 -8 -55 -85 18 62 0 -68 51 48 40 0 -71 -16
28 90 64 12 17 -22 61 78 17 -48 35 -72 61 -1 35 -73 -44 -17 -39 30 -2 -37 96 68 -85 84 89 -94 -70 -36 -55 -48 63 -85 -38 63 18 -59 32 -15 -17 -29 -24 21 -84 -16 -72 -7 -86 6 95 -4 -27 -45 -85 -46 -8 93 20 -63 54 81 38 -23 -82 -72 -16 95 -11 -21 34 -38 80 82 -27 98 -8 -31 -31 -8 43 -99 -13 0 94 -25 3 7 29 18 84 -70 -28 83 72 89 -11 -85 -63 67
-93 -16 57 -34 -59 8 -68 -58 -46 -12 -59 -38 -88 -53 -27 44 60 60 17 92 84 -76 -83 -16 46 75 32 41 90 -28 -88 -55 5 -22 85 -47 -69 -6 -82 18 -18 -88 -93 -94 -28 61 -15 -73 69 90 62 -41 -27 20 78 8 -15 -18 -38 -89 -13 54 -13 64 59 87 51 27 63 -55 18 -58 -57 -14 -33 -96 63 -87 14 -100 -97 -37 -41 78 24 -52 43 37 -65 77 31 -96 4 -44 99 -45 -65 -82 -19 -19
-85 41 -42 -38 47 53 -95 -75 -9 19 15 -63 -23 -25 -85 -50 74 -53 25 -22 -82 59 -9 -56 -26 78 -80 14 -58 -31 33 11 93 62 0 91 -74 -11 5 88 76 -67 -4 -100 5 85 -11 -66 -82 -59 -14 -100 8 95 -43 -20 -52 93 9 5 39 35 45 88 48 -80 50 -73 -51 67 19 -74 -53 -13 -53 -5 88 81 -67 -90 -50 15 -98 -23 -11 -83 63 79 74 -48 10 -92 -36 1 39 94 -36 -69 35 -38
-35 43 -35 -32 21 -46 -18 -10 -35 -34 78 62 51 -60 45 51 -48 -96 56 6 -98 49 -17 62 11 14 -71 9 85 63 -71 47 -55 2 -36 -65 83 82 79 37 50 46 55 18 -40 -53 42 24 -89 25 -73 5 73 33 -31 -90 75 -43 43 -24 78 -49 80 99 -81 -1 71 -62 28 -59 -81 44 83 -53 76 -44 82 -68 2 95 68 -56 -38 -20 -89 71 62 66 72 -17 -1 -92 14 -13 -2 -68 57 -83 -48 -10
50 55 75 -9 -75 -19 75 72 -25 89 -39 -60 -15 66 60 -40 67 9 -10 -92 -54 -61 -5 -93 -11 20 18 -1 38 -11 40 -91 -11 -15 -17 61 -37 79 39 64 97 -85 65 19 42 -16 -36 -31 13 -42 0 52 0 37 12 40 6 -47 29 81 64 -82 -47 -33 -21 41 31 -58 74 -9 97 1 19 -1 63 84 -62 5 16 -28 5 58 -99 -76 -20 -13 29 -97 11 -65 -63 15 43 61 -100 -90 -96 25 8 -79
87 -61 0 -77 68 78 77 -56 -78 69 -41 -61 -57 -29 -83 10 42 -27 17 38 68 -55 -48 -46 57 34 84 65 -1 9 -44 76 84 -37 48 -83 -92 -83 -6 -19 40 -88 -4 2 -58 5 -82 42 16 -88 -28 -55 20 -8 68 -22 -79 96 44 12 1 50 -30 -35 44 25 -79 -76 -94 96 59 0 -6 62 -60 62 45 29 85 -39 -4 75 62 -45 -43 71 59 3 -32 91 -63 62 42 -63 36 21 -82 85 41 17
26 50 19 -28 79 18 -34 -45 -5 7 -49 -45 31 -13 -77 -78 56 -69 -42 -26 -74 -81 40 -11 42 -17 -30 30 -8 98 0 86 73 93 26 7 -25 -8 -43 95 -100 12 -43 0 -79 -92 -51 -28 97 26 -44 -26 -65 42 -8 -17 -46 40 75 86 -91 -42 2 23 89 -24 -38 -40 -63 92 -37 39 -82 -92 20 -98 74 -3 -77 -75 32 -6 58 38 -98 -55 -45 42 -92 -68 8 84 92 -62 8 36 -52 -44 -42 25
12 98 43 4 66 63 -51 66 42 51 42 78 -69 -60 49 -12 52 42 -72 -7 -29 -33 -82 90 71 -50 -14 -1 -66 18 25 75 -61 -37 88 -63 -60 7 39 -62 83 18 -71 16 92 54 -12 -21 -55 12 27 96 -34 44 -9 -35 -27 -34 -25 40 52 -80 62 -70 -39 69 -85 -55 -13 7 -97 -58 -92 -35 -84 -71 -81 -29 -36 1 -19 -72 -31 3 67 -83 46 -91 19 73 61 -14 -99 -74 -92 58 -48 38 80 -33
-98 -98 -97 -40 -100 46 -19 -37 -54 37 59 1 -11 28 93 35 -41 35 -61 4 15 53 49 81 -74 -18 -73 8 63 16 -16 -20 48 12 -12 -53 -8 -28 -41 -30 76 96 53 37 66 17 -60 -69 28 -51 48 63 84 -59 63 -62 -84 -17 66 -45 -75 -29 45 -24 85 92 20 -87 -63 13 -42 -28 14 -17 -4 -88 8 -37 -65 80 -28 43 81 -79 -29 -71 97 38 25 9 45 78 13 53 -47 -85 51 -83 65 69
-96 1 76 33 -53 -93 -82 -70 -96 78 -3 0 -27 59 49 35 85 2 73 -58 68 -99 -10 -15 -28 43 91 -18 -53 -18 81 -76 -99 -75 -80 80 -43 79 -12 87 -58 12 -82 -86 -55 -95 22 53 -73 97 28 -49 84 84 -73 33 60 -33 67 35 -62 -1 -41 21 -46 -48 93 -2 52 53 -52 -53 48 89 -75 31 -3 96 30 19 97 -91 85 -2 -87 55 94 -83 58 -84 -65 51 34 29 73 -42 -16 68 -52 -92
-73 81 -32 88 90 47 -99 -22 63 6 75 -49 -79 11 -19 -82 -11 29 -71 -9 -63 -41 -31 -73 88 -21 91 99 -91 2 93 -100 -3 70 29 21 -74 -65 67 22 13 -25 63 -85 -2 11 -46 2 87 16 -98 79 70 -96 78 -41 -75 85 -77 36 4 56 21 86 5 -23 -67 -18 45 -41 84 -51 -32 -93 38 38 98 95 -80 51 -3 -83 83 24 -62 -37 4 90 -44 -61 -38 -19 -29 -25 42 96 42 99 -52 9
79 -82 -9 -79 5 -21 37 -20 -78 75 -27 24 1 -85 -21 -87 82 88 -49 -93 98 4 52 11 -65 33 -36 3 -69 -86 67 26 -60 -25 65 -66 -24 51 58 -37 67 90 -59 -92 41 -75 0 76 -6 -46 20 -66 -44 -11 11 90 -57 42 -34 -50 -49 2 -16 53 -40 61 26 -23 -5 -34 28 -17 45 16 38 -14 88 -100 67 81 -92 64 -5 -91 37 29 -97 -16 -42 -93 2 -72 21 -65 -67 12 -73 -61 -65 -4
-6 -61 59 78 -7 71 72 -41 -32 -20 59 56 7 -75 70 4 -10 -71 95 -43 -53 -19 -70 -23 -11 93 -8 -61 -41 44 -42 -68 7 -32 6 -56 -6 58 -65 66 -47 -43 -33 88 -62 -39 98 6 40 -32 52 7 -2 59 34 -51 34 -95 -3 -18 54 15 -39 87 -81 2 31 -78 64 -86 24 -67 32 63 65 89 25 -85 -9 -81 37 69 49 8 78 -58 53 -49 18 4 -4 -76 -56 66 52 14 -2 -85 22 -28
48 83 73 20 89 -15 -21 3 -14 2 63 79 -85 -78 -64 -8 47 -41 99 -26 42 -3 -67 -15 51 -96 -40 -27 72 -48 30 20 -99 -19 41 -94 -15 -99 42 34 -81 28 32 13 22 -98 -71 -99 -34 -80 -47 1 -91 -9 -76 83 96 28 9 -90 -5 28 -4 -1 -79 30 17 10 -72 -67 61 -80 -63 5 -28 84 0 -51 35 99 69 84 -70 -89 -82 58 30 23 78 -9 -45 71 -6 -6 -11 -3 54 -18 -5 -19
45 -55 -56 -5 8 -81 27 4 90 -23 -49 -41 -46 -36 68 -39 44 59 -3 60 78 -17 -11 -55 -90 -26 94 -35 -53 -23 -26 70 -20 -16 70 65 -97 10 -42 63 58 30 90 2 -3 24 -94 -58 -68 -43 -67 21 75 -56 -59 47 -81 -9 23 75 -88 23 67 -77 -68 44 76 -59 7 -11 -30 -50 57 -3 -83 -44 -81 -42 12 40 -94 -83 47 -40 35 96 24 23 -35 -65 54 13 50 6 11 -69 76 93 -51 5
-47 52 -68 91 -4 48 -74 35 -83 75 -15 -11 -21 -36 57 -84 -99 86 71 -5 -73 40 35 -10 56 -70 34 35 76 10 -83 45 -82 -40 -79 10 81 -35 9 10 -45 78 -84 -39 -88 -37 65 16 -6 91 48 -40 9 -28 -87 -8 75 28 10 47 -9 -17 47 -54 13 -89 72 55 74 52 41 67 -5 40 -8 -6 52 52 15 84 70 -76 56 21 52 90 -56 48 -1 -51 -29 -57 37 -78 -94 -32 -52 37 3 -20
18 71 -23 -60 -35 -23 -82 51 0 -34 -50 -4 -18 -55 55 -92 -31 47 38 -14 59 62 -63 27 -26 85 98 -2 -54 -7 -53 -16 -22 96 38 -8 -6 -13 33 -47 -94 15 69 35 -24 -49 -9 -19 -69 47 -8 13 82 -15 81 17 0 37 -49 -9 -85 -16 61 8 37 51 -24 -25 -79 67 -9 -22 72 68 20 56 80 -71 19 93 83 47 -85 -45 -91 -53 56 -10 39 19 -21 25 -97 67 80 -92 -10 -59 -39 44
-91 -9 43 -42 65 -76 -71 -82 56 -53 50 -43 13 69 7 -85 -3 -17 92 -26 -1 -95 76 -49 -87 9 5 -75 87 -10 30 46 82 -32 68 31 11 60 -42 -78 2 -65 39 -24 -16 89 89 53 -12 -99 7 76 -46 72 6 -62 -37 27 -81 -47 71 3 68 -57 67 -95 -88 -100 20 50 -26 -52 -88 77 72 15 -90 43 -17 -77 89 80 57 -6 9 -13 -42 -56 -6 -19 39 40 33 34 -69 -85 68 -71 49 98
4 -51 10 9 -50 45 -33 -92 29 77 -69 51 81 94 -69 -43 -79 28 11 -96 -68 71 96 14 -90 92 -82 -16 92 62 36 90 94 65 86 33 3 -5 80 12 53 -82 -44 26 -93 76 -55 -3 97 19 -16 -66 -28 75 50 -16 91 -3 -53 65 82 48 -88 97 -72 -46 -42 -65 -96 46 -53 -29 -89 -99 -47 -31 -58 -80 -35 -22 0 -21 26 0 95 67 19 82 -89 -30 17 37 79 73 70 -60 60 -97 50 15
29 -40 11 -53 -68 -92 -81 -2 -9 41 -65 2 76 -44 95 -100 41 3 -65 -48 -86 35 21 18 -84 45 -58 -24 -85 -96 55 -1 44 92 97 45 90 61 -28 -12 78 -83 1 49 65 72 -15 -33 -94 -22 26 89 -91 -19 -61 85 85 -87 77 88 -77 -88 79 -11 75 51 94 -23 -10 -54 61 -78 85 -8 -19 -92 85 -77 32 36 -94 -45 -83 -14 -17 81 18 19 -9 87 -76 -56 65 53 -23 -88 -6 -33 -81 40
-67 46 -78 5 52 99 -40 32 94 80 -71 50 -8 57 -9 -100 10 15 50 50 23 14 -40 -32 -2 -34 90 13 91 -13 87 -29 -37 25 29 53 -68 71 -66 18 -64 -56 -58 50 45 25 88 -10 -53 -79 -12 3 -85 36 -10 -45 65 -81 49 -79 -33 85 82 -24 -35 17 -92 8 40 5 -41 -41 -56 4 -53 16 90 -78 -82 -1 56 88 64 29 5 41 99 -41 34 -96 38 -93 99 18 3 -80 51 28 3 -78
74 67 0 45 -1 -35 34 -65 -43 -12 -74 62 -15 -69 89 -78 -37 -43 56 -93 51 -65 94 -86 87 35 15 54 77 24 -91 18 9 22 4 72 -100 18 70 16 -86 -48 -93 39 -30 12 30 84 -84 -36 51 8 37 28 -89 76 -25 -78 -14 -65 60 -99 -79 -57 -89 59 -52 11 -42 -52 -65 -37 -46 -65 -65 -22 49 -4 12 67 -89 -81 74 -7 36 81 62 -45 -14 -26 -81 -45 65 45 -28 55 34 -100 34 29
-89 -84 75 -68 -91 -90 -11 25 -79 94 -90 -84 13 3 -64 -72 90 40 -48 33 -68 -41 -14 26 -93 -60 -62 8 -4 -98 -17 16 87 95 -59 -33 67 -24 -63 -22 12 93 -55 -80 58 65 26 65 -25 97 -86 -18 -15 -99 84 -44 25 -62 45 7 92 89 65 -87 -43 -3 -25 7 -25 69 59 82 -77 45 -72 79 -68 0 -15 -39 -26 -58 57 -55 17 69 -39 -54 70 -29 66 -78 -80 27 -49 -33 -9 59 48 -25
