89 52 87 88 -99 55 -65 -20 -30 -6 -80 77 -19 -7 -38 -58 22 53 -30 -34 60 87 13 84 -36 -43 -10 -52 -11 -85 41 -13 -59 17 53 -98 35 9 -99 -60 -89 -78 -1 -44 -47 9 -1 -40 4 -4 -17 90 43 22 -62 -96 -82 2 -37 41 -7 46 26 -25 83 51 88 -67 78 -74 82 30 -9 -95 -7 2 37 65 -17 11 -54 -74 14 72 29 59 72 -96 -92 -91 65 37 45 72 17 -71 -67 -90 -96 -81
-42 -24 -36 75 30 49 -38 -13 40 25 -4 36 -55 -8 -49 -41 41 34 -54 -86 29 -1 84 26 12 -35 -2 -10 -66 37 6 6 74 -58 -91 67 -59 -36 -79 22 5 -1 -3 53 35 -25 -36 63 -81 -39 66 80 -64 58 75 6 81 69 60 82 -72 -90 75 -12 -67 -47 -60 42 1 36 79 58 -72 -63 62 -21 20 8 -14 -10 68 46 -10 -88 -84 -95 -84 -38 81 75 95 -54 -21 73 -81 -76 -95 -35 -67 48
88 44 -60 0 8 -8 -55 30 96 8 -1 -33 -42 -42 -3 -14 15 48 -60 56 -39 46 -53 62 23 -77 31 -57 56 -37 49 16 -7 27 26 -99 -85 -57 -90 -44 16 35 99 -27 -5 -2 -42 -63 52 24 2 83 -28 -82 22 59 -96 62 -87 -21 -6 48 83 50 68 70 -20 66 32 -60 21 43 -99 52 61 -65 46 3 31 22 -55 75 -17 36 -75 30 78 -87 67 -26 8 94 54 81 55 78 8 -53 69 -29
-44 -71 -13 78 -64 90 63 -67 82 -71 21 99 -76 -88 90 -22 -62 67 64 -40 -29 -28 30 23 82 14 -82 22 -18 -84 -7 -27 67 -85 67 -50 26 -42 -66 -9 -10 -5 32 86 38 -70 70 61 18 -70 -37 -46 -83 -74 -48 -58 -52 -72 84 81 47 36 20 53 92 -51 -54 -24 90 -26 -21 -24 -3 31 24 45 -36 86 -61 58 54 -15 49 -60 61 98 65 76 -91 -96 -32 33 86 8 -53 35 -84 -26 21 -12
16 95 -62 76 70 94 -74 -43 -28 55 -15 -90 78 85 80 98 19 -59 70 40 95 75 46 -1 32 -31 -13 -4 -16 -88 19 -61 -25 -64 -5 -11 24 -8 49 41 87 -66 -83 59 -51 -46 -40 -57 46 28 -62 54 -48 -88 48 93 -12 -70 1 -8 -42 12 28 61 -54 93 24 80 -80 -72 -91 -90 -53 -84 3 67 67 23 -79 -19 -59 29 -69 48 38 16 62 89 79 -7 78 -27 -94 94 92 22 12 70 39 48
-53 82 41 22 50 18 -80 78 -10 28 -50 90 -25 -72 -21 -56 -89 -98 -80 69 -43 26 -45 -89 84 -32 67 72 51 -2 2 -88 98 84 88 89 81 5 -43 -23 -33 97 -30 60 66 98 37 -16 59 -53 13 -50 -62 -90 30 88 71 73 -20 -64 71 -78 -3 -96 -3 -93 -77 88 -45 -83 -97 -58 -96 -31 -42 -4 1 -57 -29 62 -21 -65 48 -52 28 96 -25 91 77 97 25 -22 -1 -29 -44 42 76 90 93 29
44 -60 -32 34 -53 91 -21 -81 -68 57 82 -31 86 87 -42 43 -9 -34 87 97 -31 -20 55 74 -12 85 83 -6 25 54 93 31 8 -11 -33 -58 63 90 74 28 19 95 -57 -6 -83 51 38 -73 -26 -4 -47 8 16 86 20 80 -23 -59 73 -19 79 31 -26 -60 -57 50 9 20 -57 50 26 56 -16 51 77 46 -26 57 -45 -80 71 78 -92 -32 -90 21 -46 48 99 50 39 -70 -90 -30 22 85 55 -71 -80 -28
83 -52 -20 -82 -59 -18 23 -69 29 68 68 -58 -92 -71 -61 -97 -40 34 59 -18 75 -36 -29 19 -3 93 -52 -29 4 -70 -54 -27 -45 60 -99 68 -73 34 48 -75 15 42 -47 -27 -85 -97 -40 75 94 -12 -92 64 -17 -55 95 10 -41 -30 29 30 88 67 -26 -70 30 -41 -60 -14 -74 -83 29 -86 -55 -96 35 58 40 -96 55 -78 47 -90 20 77 -83 -36 -26 -66 -87 45 -91 -96 -74 76 36 69 56 -18 -92 25
-21 53 13 8 -99 -86 53 -46 91 -20 -58 -6 -26 29 -42 -39 -16 -32 -49 79 -99 -81 78 25 92 -26 45 -62 -35 24 39 60 92 46 -77 -63 -55 -75 9 94 -11 -6 -55 72 -41 -31 -13 77 84 -16 29 -9 29 -15 59 58 -54 91 75 59 78 -63 -80 -7 -59 67 56 -78 -53 -91 -32 -67 -27 -96 -24 62 37 54 96 55 43 5 -57 -91 -9 -35 26 75 -55 79 -92 -85 94 6 -90 80 -35 83 -65 -42
-17 55 97 52 -97 6 23 -74 27 58 -7 -31 -69 -83 -54 -7 -19 -86 -97 76 4 -36 94 -83 -50 -26 0 -13 -23 87 23 -31 -50 -14 -74 13 37 -66 34 -39 -56 -12 32 13 -22 27 -55 50 20 41 -90 69 -95 -100 22 89 -61 78 -73 -48 46 5 81 -18 18 93 77 -33 -98 -89 19 -1 -23 -36 45 -40 58 -61 -11 -39 -60 24 76 24 95 -5 58 -93 48 63 99 -19 -47 -52 57 69 34 53 26 61
-3 79 2 32 32 4 -79 77 -25 78 -48 76 -5 -10 -48 -63 -31 56 42 -20 -16 49 15 59 96 80 -48 -59 -91 92 -16 9 -80 79 44 -17 64 -25 -54 -7 29 29 -17 -54 -75 68 -46 25 -91 91 92 54 44 91 -75 77 -85 -29 5 -79 77 61 45 92 99 -4 97 69 -43 -43 69 55 9 -29 85 81 -28 -47 96 34 -67 -55 79 69 -55 -19 13 -1 -31 35 -7 -16 -88 -5 7 24 67 13 56 85
66 59 -10 3 34 27 -80 92 58 49 -5 42 26 -6 -39 17 20 74 -36 -54 -55 99 -82 83 56 -38 -4 -40 74 60 -8 -89 -4 90 76 54 -96 23 96 -51 -46 -77 -17 12 66 14 67 67 -18 13 -100 70 48 -81 -96 0 -63 22 -1 42 -86 -24 32 -17 -79 -77 -99 15 -25 87 4 57 -22 -11 10 -81 -63 -73 64 50 28 73 86 -21 96 29 -28 -79 58 -69 -2 -96 4 4 6 -41 -12 0 -76 77
-28 -100 95 32 -86 -34 -48 20 2 -19 57 -45 80 -75 85 81 -80 -13 -92 68 93 4 97 77 -75 -29 20 17 6 38 45 -33 46 -68 46 -36 -96 -47 -38 -99 -73 11 95 -61 9 -91 69 -25 -65 46 69 -42 33 79 -13 -15 -21 -96 14 59 17 17 -86 -11 -76 -80 50 -18 -42 88 3 -68 84 -100 -88 -84 41 -42 -8 -71 -54 -19 -35 67 -34 -14 68 -28 17 -43 -54 -36 -91 -6 75 -85 -40 8 31 -7
-53 -50 -57 -10 80 -93 -66 -4 -93 93 -9 14 -40 44 7 21 7 -49 86 28 54 96 -29 63 -42 83 52 16 -48 -89 62 -38 -7 -32 -62 18 64 59 20 39 -79 -4 -5 -91 8 22 -94 -18 71 25 89 99 55 16 -43 96 -10 -82 -44 40 44 -4 -53 -76 -13 6 -90 -1 -51 -49 -63 -91 -44 -80 -82 80 48 -78 56 50 71 -6 33 -69 38 75 -13 96 95 -25 -45 11 52 28 74 9 -28 -4 -80 31
15 -44 9 -95 -32 65 65 -2 0 43 3 -61 26 -84 -2 31 -84 -79 79 -80 8 -39 -84 -85 93 -87 -23 83 -85 40 41 57 -45 -50 -55 43 -82 86 -31 -50 56 -12 -56 9 71 -36 44 35 -59 -83 34 93 -84 67 -47 5 -83 69 -95 32 -51 29 -3 3 -82 -69 52 -28 -47 26 4 83 17 61 -76 12 73 81 20 50 -53 75 -13 37 93 80 -31 71 66 40 -36 24 24 -78 11 37 92 85 -94 -98
-92 21 61 82 41 -7 56 -17 20 75 1 -12 -31 -42 -30 25 4 27 -32 45 -25 -72 -56 87 -80 -79 96 -73 58 70 -91 8 -73 -61 51 -97 -9 57 69 -57 -39 13 -73 35 3 -73 20 -86 2 91 -69 -15 -36 17 10 75 -23 -78 -79 67 -2 96 80 -88 -89 22 -64 32 -80 -56 -61 -35 -11 25 80 88 -59 98 -93 3 -18 -25 -18 -79 13 63 -28 -17 14 -3 -1 -68 -12 -29 -79 -72 -73 -2 9 -38
37 -71 82 -25 -43 -20 95 -77 -59 -90 46 29 -29 -59 -55 -78 13 -55 40 -14 -4 72 -74 -54 55 -99 -4 -93 -44 78 54 66 41 68 49 77 41 -34 -26 -85 57 71 82 -96 35 -65 -45 -97 -61 -84 -98 -60 82 -18 71 -5 -16 -72 74 -54 -16 -84 65 75 -74 79 78 -74 -85 54 -35 99 32 52 84 1 -64 19 2 11 30 21 -41 -33 13 -54 -62 -17 32 -95 -80 -19 -43 81 -5 10 -57 -1 28 -1
77 -21 54 41 -40 -16 -59 12 -90 -56 -11 54 39 -24 -20 93 -74 34 -1 -100 -46 26 17 -27 -26 92 65 -76 -59 -66 10 -82 64 25 98 36 65 83 -65 82 -22 43 -73 8 55 -20 18 71 24 -62 35 -1 -39 76 26 -14 86 -29 13 89 70 -26 26 94 27 59 -74 71 -67 -3 3 67 34 76 41 -30 -54 -42 -32 -13 96 -2 65 -92 39 -26 -77 -98 -28 -49 -2 -38 71 78 14 99 -34 77 -71 -83
47 76 -53 52 -7 97 -16 -54 -17 0 -61 79 29 -87 -33 44 86 38 32 -82 -28 -51 37 0 74 -57 -90 -3 -23 42 -79 -89 -12 -30 67 -56 20 -96 -91 -3 20 -13 39 81 53 87 -30 85 -39 97 -42 18 -17 -17 92 -11 87 -55 -85 35 41 -15 66 -2 5 73 -46 -59 -97 63 81 -61 -60 2 -22 -13 66 30 -64 -97 -45 -99 62 48 76 92 -23 60 -85 -28 81 -16 89 -91 40 -61 -42 92 -82 -74
-5 22 -84 -60 10 49 23 -17 15 13 57 -50 -86 -49 -31 -85 88 85 -88 -46 -87 89 -63 -63 -9 -16 -96 -19 88 25 -40 -52 -46 -53 21 33 -79 -58 -15 87 -71 -3 -90 73 8 46 33 29 50 -17 -47 -14 -88 91 71 43 -23 -61 -100 24 -51 80 35 38 -35 -3 98 36 -45 -54 24 -97 -74 67 57 -12 82 -93 42 36 8 -85 -97 -41 47 -87 10 -81 -16 -10 -3 -69 36 97 -57 54 -23 -50 54 55
66 9 58 8 -61 13 67 -99 -9 97 -86 10 -73 -70 -77 -100 -95 77 -35 29 -19 -58 -12 -53 -64 82 77 74 -73 -8 53 -83 -51 -28 -96 97 -93 -37 -9 5 -61 12 -89 -22 68 -93 84 -36 8 -93 57 -34 -17 18 -74 -81 93 -47 34 -95 -12 -51 57 67 39 37 -100 20 41 75 -44 82 -39 -5 -95 9 77 -98 74 90 82 71 51 87 -77 97 85 58 -87 -91 -16 -8 69 47 -90 -69 -16 -99 -78 -14
-14 -16 62 43 -6 -94 -87 26 -49 97 -46 -36 5 69 12 -45 74 55 -73 -20 55 61 63 -30 44 3 -5 -1 -68 -19 90 -2 -45 -84 36 7 -74 -13 73 -77 -66 60 -35 50 -8 45 -70 56 9 -25 43 30 -10 20 -83 -16 -50 -60 -87 11 69 -16 87 -73 43 10 -81 -88 -37 -66 -81 -10 77 -61 -74 -82 -34 -58 -37 76 -31 67 -14 -4 -30 4 -55 -88 9 -97 89 -29 56 18 -22 -93 5 45 23 -96
45 -29 -78 84 -44 -67 91 -99 -33 -50 -56 15 34 76 93 -60 9 24 -81 86 -79 6 75 -77 -25 -68 21 61 84 16 60 -31 8 13 84 90 26 7 -9 4 70 9 36 42 72 -59 -34 -46 17 25 -68 -38 -57 -17 81 63 75 -70 -45 8 -26 -78 -18 -33 -50 46 -25 85 -66 49 65 53 -3 17 9 -75 -81 -47 -21 -21 -29 59 -45 15 -7 -11 87 50 -78 70 22 98 53 48 24 6 26 87 61 11
42 97 -34 40 30 -15 75 -28 -67 7 -51 -25 -11 -26 72 -7 61 96 64 27 -38 -93 54 -72 -85 67 82 -24 78 63 9 18 -44 51 62 34 88 -26 -53 4 -37 -71 -47 82 27 49 84 -40 31 -15 -68 -30 89 -72 18 43 -19 -25 83 74 48 -82 -81 91 -2 -52 80 97 -2 -18 62 -87 -53 -22 98 10 78 92 -69 -75 27 65 -87 67 18 44 -7 -59 -93 -54 -7 -68 -86 54 14 -15 25 29 -94 88
52 -38 -46 26 19 -54 4 12 58 10 22 69 -68 -33 71 -64 23 56 -40 -74 25 0 -50 88 58 -76 -23 54 52 51 23 -40 -93 -70 19 70 -95 -66 59 3 85 19 10 -96 -76 -97 -4 -82 -57 76 86 -18 93 -21 50 -44 -17 -70 7 -46 -89 24 26 -79 -52 73 -43 -80 -58 30 -73 -17 -100 34 -9 57 96 -8 77 16 45 -86 -14 67 47 -2 -91 44 -43 -93 23 -6 36 -29 3 -2 73 14 64 81
-90 -86 -63 -37 -74 -74 41 41 -13 -61 86 17 52 -26 -58 -14 90 41 -15 40 -83 -30 51 -62 33 23 -69 73 55 86 31 38 -16 -81 68 49 58 1 10 47 -43 35 98 -53 -2 11 34 -76 50 21 30 75 48 86 -40 -38 5 75 23 64 41 4 -92 -74 5 -92 46 50 -93 -47 -47 13 -82 7 57 76 -69 -16 45 -91 39 -73 -36 -17 -3 -50 -95 21 -99 30 -34 73 -33 4 -49 -64 10 94 99 -65
37 -17 35 93 -19 -26 17 -89 -3 19 68 -99 87 85 -3 -81 -48 -27 64 17 -78 -61 87 58 -79 -9 3 8 -50 -95 -93 -91 -99 -22 -50 90 -12 -81 89 -11 -65 65 -12 -43 -81 49 25 55 17 -87 22 -98 -12 -62 -25 55 -88 -18 -75 -40 90 -23 44 -52 64 63 0 2 54 70 41 -15 14 34 -94 -48 -86 68 6 52 81 -100 27 31 65 -38 -27 11 41 84 1 -59 44 39 -31 23 -32 -77 20 -10
-30 32 30 -55 -14 -14 91 -6 74 -13 -28 -73 -29 29 -14 93 -6 -60 61 9 -76 21 77 -80 84 12 -8 -20 61 -79 -95 35 72 -47 34 55 -45 -75 60 -50 -27 -38 -49 -5 -98 -96 69 13 69 -8 1 67 46 99 -90 38 72 -72 43 -39 -56 -13 -10 -23 -66 45 -87 78 18 31 -14 22 -65 23 -67 90 13 -7 96 -59 -40 85 93 -37 54 -71 30 -61 -63 44 -38 93 84 27 52 -26 -14 -36 -66 -52
-42 -36 92 91 41 47 80 45 -18 -61 79 5 82 -60 -28 6 77 -33 -81 -5 -25 -89 -7 -66 -21 -52 46 -82 -33 80 16 -26 71 -17 61 78 98 14 15 -95 -91 -80 -94 84 19 50 74 -69 -40 24 -72 -81 -43 -89 62 -75 -50 -34 -54 49 9 -88 26 70 -68 -59 -74 50 -2 -1 -62 -87 64 -41 67 -15 73 58 99 36 88 56 23 -43 66 44 -6 42 68 48 -74 -9 85 -48 77 12 70 12 -43 -81
67 -5 -51 20 17 57 22 -2 28 -96 20 37 -26 -43 15 -53 43 34 16 76 38 -8 88 -94 20 -4 24 67 -76 -66 46 42 84 56 -58 47 -33 -70 -10 94 22 -17 94 35 -100 48 87 83 -24 84 -72 62 -64 15 90 56 29 -37 -89 -92 87 -9 65 -39 -41 -88 86 -44 -33 40 -2 -24 23 6 -85 6 -69 -93 -23 71 59 83 -65 -79 39 -73 -49 -33 16 -72 35 -56 64 78 -20 42 6 -3 23 -46
-25 -58 39 46 -76 22 -39 18 81 7 33 62 -92 -51 20 -32 -8 72 -39 34 76 90 5 72 -8 78 40 -94 -65 31 -94 21 -65 46 -4 -29 -23 -3 -4 -84 94 -98 -69 -33 31 18 -4 18 -10 -65 -41 -44 -69 -38 54 85 76 52 63 70 -64 11 -73 -4 -98 -89 -70 -72 -23 -42 -61 -77 94 -34 44 90 -13 37 50 -74 56 55 -60 -75 30 90 62 -73 -52 59 65 -63 -86 19 -42 73 -76 -90 54 79
-71 -86 -77 52 7 83 -99 71 -63 41 -60 -35 -68 89 -48 -79 65 31 82 88 -25 -35 58 -63 -54 68 -67 21 10 -64 -100 -34 74 78 59 -32 -62 46 -56 4 -8 -34 -34 -58 -86 -36 30 98 33 46 -62 -50 98 -29 -91 35 -37 -99 47 -69 58 -37 82 -8 70 6 -1 93 -37 15 -46 -98 -60 9 80 -24 20 42 -35 -33 11 -54 -44 73 95 -7 18 -55 6 -25 34 -100 94 31 -30 8 -20 75 -82 10
-81 22 -69 -76 37 80 45 -16 -5 73 -4 -24 25 15 -89 8 -43 47 -46 48 -48 66 -72 78 -11 34 -66 -90 96 92 -64 74 -32 40 48 48 -30 -87 -54 23 57 36 43 -96 -19 -46 86 -76 31 -15 -26 -11 -82 3 -67 -87 -40 20 -26 -5 -39 69 -20 -28 35 -37 -21 -99 -42 -84 -31 -97 -81 -89 -28 -73 80 2 33 -7 -11 25 46 89 -63 -23 -88 -17 76 67 64 61 -98 87 71 27 57 44 -53 70
-50 -89 65 80 71 -63 -15 -33 -73 -65 -34 -44 -7 54 -93 -90 25 -29 97 -30 15 -67 99 -45 42 -13 -71 87 29 34 16 -35 44 15 36 -87 50 19 -39 12 1 -63 -38 -68 66 27 -89 -77 36 -55 -77 18 10 -28 -77 2 -66 11 -20 -41 66 84 46 53 -18 54 -17 85 97 -55 -49 -46 -39 95 -13 -3 61 -31 -54 68 -12 10 -20 -16 85 61 92 14 -8 94 -42 -77 -14 -76 72 81 -24 -51 -39 -17
5 0 26 21 -22 -48 -84 44 46 53 69 20 -99 62 85 -36 -66 -24 -84 -13 -16 -62 81 54 -93 83 6 54 24 -80 43 68 -17 99 37 26 -62 54 91 -26 -23 -36 58 -28 22 49 -39 -19 89 -30 -36 10 -7 -53 84 -80 -79 -20 48 19 72 11 28 92 32 90 -29 58 -15 59 -95 -71 -14 84 11 -28 96 -67 2 54 77 -15 -20 61 -24 2 92 -6 -59 -17 71 61 11 62 -17 -43 -97 89 -11 41
80 -33 -69 -61 -83 -31 -15 -12 -36 -46 -45 -9 -43 -33 -59 54 56 -11 -13 6 10 -28 21 -48 68 -87 -41 93 91 28 -69 -1 -75 -75 -79 -20 70 49 -86 48 82 -72 -85 35 -48 -21 9 -66 -72 27 -50 -3 25 91 4 -40 -89 -5 -21 53 -59 24 5 -5 25 95 59 31 -31 83 -70 79 64 -5 7 39 58 -72 -22 78 -50 -92 -59 80 -11 -55 -3 -14 71 -32 -69 75 3 -50 -100 -67 65 -81 85 26
54 -86 7 -83 -32 -57 55 6 -89 22 27 62 74 82 -13 28 -32 25 -39 46 64 26 39 13 -96 -29 80 -94 80 12 -90 -16 99 -70 88 9 91 61 -9 7 -91 12 71 -29 95 -54 -37 -44 -10 41 60 92 25 95 -83 -95 58 34 78 57 -75 0 23 23 5 -75 76 -6 -37 92 -95 -72 99 -90 -97 64 14 -64 -46 70 -19 44 -74 0 94 -14 -59 80 -41 -54 42 -9 -74 -68 -55 -19 81 -60 18 -80
-24 -87 -25 -17 20 55 93 28 -30 -1 -59 30 66 -15 17 -16 21 3 21 -58 95 41 -79 -61 15 -60 -27 -28 -25 -35 37 67 -97 -34 91 66 -42 56 -86 -67 -90 -9 9 1 -9 -69 53 -23 73 23 -53 55 84 36 89 82 30 -45 -11 -67 40 -10 3 -95 -73 -67 -89 22 31 -46 -85 -37 54 -22 37 -92 -5 -70 -41 39 5 23 -79 54 -89 -12 -80 59 -7 63 -11 84 -95 75 54 96 5 10 85 -24
5 -56 -88 98 -43 15 65 -67 -68 -40 32 -72 84 -35 84 -49 -38 -82 -6 -14 65 78 51 80 -83 -22 90 -20 95 -63 17 58 -27 82 -50 1 51 -19 -94 -49 -44 -52 -42 39 70 -25 39 31 14 87 -5 74 13 57 7 66 -48 66 77 32 -19 -33 25 -5 -68 -53 -95 -42 -97 -29 -90 -99 82 14 -66 68 12 15 98 70 -51 -10 67 71 -10 -81 99 -1 -62 87 -69 -51 12 -94 -71 86 20 -96 88 -91
76 39 -63 -15 19 57 -5 84 80 -25 32 -85 -20 21 80 -43 -26 -70 -38 61 -6 -66 -57 84 -39 96 -85 3 81 -54 53 -31 -99 -41 49 -80 56 86 80 -49 -12 75 -10 90 82 -48 52 -54 25 -8 37 -13 41 47 42 -44 67 -57 2 70 30 24 -59 -96 -88 55 19 -44 -41 -85 55 24 -22 -66 -89 -40 -27 79 -62 98 -1 17 17 -27 -58 -47 -90 -60 91 81 13 -23 11 -62 30 7 3 58 70 -41
32 76 -51 94 87 94 51 -93 9 -91 -6 -66 -83 -31 11 28 -60 -66 83 -50 9 74 27 -79 -98 -62 6 28 -97 82 -37 -50 -86 -57 -83 53 -45 8 -68 -35 -22 25 32 99 13 -55 81 11 75 -64 -67 29 1 25 30 -3 -27 -32 -100 -95 27 -17 49 32 25 -36 76 -45 -75 -3 27 -20 11 63 89 32 84 44 -72 -72 -82 62 -21 -36 -10 13 65 47 29 -43 9 83 -99 -47 18 66 -77 43 56 -40
-24 33 29 -58 87 77 -15 38 93 13 -56 98 -82 -24 -25 77 -11 61 -12 -4 45 -44 -51 79 18 -36 -71 -86 -83 -45 8 -38 38 23 91 -92 -64 -28 -90 58 -50 50 42 -77 94 80 -2 93 -96 97 43 33 67 53 -47 -96 -25 -82 78 -4 57 91 9 47 31 -6 -77 27 -55 -40 80 58 -54 91 81 -80 36 -83 -84 -85 -12 -56 88 97 78 -14 2 -49 16 -39 91 70 81 50 -5 7 -84 -52 98 -84
-89 76 -37 20 -52 -89 37 -78 -92 -82 -95 -15 57 -39 -43 99 78 -43 -56 -8 71 -36 48 68 -100 -29 28 -14 -92 -5 -49 15 35 -56 -39 29 13 -100 -33 86 -27 -40 85 91 71 12 74 60 -10 22 76 -32 95 -12 6 -57 14 -46 86 16 72 29 35 33 -25 80 -76 91 -18 -93 65 -80 48 -10 69 71 68 -95 22 3 -93 -50 -39 -56 64 80 65 36 -36 41 -50 69 77 -100 -79 63 -16 78 -68 -1
40 11 83 33 87 -1 -32 -70 -82 97 30 -27 -38 91 -97 -17 6 -44 45 -9 47 24 -69 -23 -35 71 -6 4 80 -87 87 34 46 61 -91 63 25 21 -90 76 93 -81 -26 -95 84 16 32 51 54 -18 -35 -73 16 30 41 -59 -83 -44 51 59 51 -92 76 22 -7 -33 18 -95 58 46 -68 97 75 -98 -23 0 -100 17 -68 80 98 -32 81 13 56 -79 -79 -24 75 19 -23 -51 -33 -47 -3 -8 23 36 83 -87
29 -5 -11 23 -76 -83 -9 -45 99 -25 31 68 -80 80 99 -60 -38 25 1 -62 -17 72 11 26 -8 42 -97 69 -67 -50 64 79 32 54 12 79 -8 39 -78 -36 -72 -55 48 56 -71 -81 82 -90 54 47 57 30 71 -49 35 -28 15 -43 -59 -65 27 10 -90 31 30 88 -66 6 -33 -2 83 64 91 23 53 -97 -86 -46 44 -47 10 12 -92 71 48 6 -29 78 -8 -5 -16 44 -83 -16 -93 32 51 -81 -83 -89
-81 -21 -84 -12 46 -100 -22 -79 20 31 -70 -86 78 6 45 -47 -12 -88 84 -67 54 -74 -62 20 35 67 35 76 -96 79 -38 86 -39 -51 5 94 -29 42 -60 94 -88 69 -87 71 -59 -94 38 45 -91 3 31 2 -34 15 -34 -34 28 -7 73 -71 29 -45 61 -88 -53 -63 -76 19 15 -66 -69 13 -71 -70 -52 94 66 -48 -3 -4 -45 -79 -44 -4 25 69 54 17 -48 -97 -85 -34 -52 -66 -9 45 53 -38 -39 22
-56 53 57 77 12 33 94 -7 76 84 -85 -69 88 -39 60 -42 -66 -9 47 86 -23 -90 -28 -57 79 15 -7 -83 -51 22 64 94 47 61 -8 -17 12 45 91 -29 56 -97 30 82 -80 71 -61 85 24 -43 62 42 67 -99 -10 50 -4 36 26 -100 45 16 96 -20 -86 -49 5 -31 -2 -13 -75 -29 -92 30 -99 -43 -53 16 29 56 -43 84 71 -17 60 -74 56 -85 -23 80 -28 34 -92 55 -42 95 38 70 39 -21
73 51 5 53 -30 -30 -83 -54 46 -21 -44 -56 -74 -23 60 5 57 53 49 -45 22 -31 74 -83 -90 45 58 -41 41 -88 -34 47 -97 45 -72 43 -30 -71 -43 38 -19 31 31 -47 67 -30 50 14 -43 -82 51 -81 6 -25 8 33 -27 -90 -44 66 -77 -56 38 -99 4 51 92 -24 98 81 34 76 -35 -81 18 -60 99 -33 -3 64 37 36 93 18 -29 -51 5 -22 -30 -94 -69 39 86 -14 -31 82 -100 37 2 -40
60 -58 -64 -69 27 32 -29 -32 -35 3 39 -66 52 91 -51 0 22 85 -29 61 57 89 -89 -24 -26 72 83 -14 -67 -58 45 76 -75 -42 46 70 -20 -60 -21 65 12 -90 5 45 51 91 -55 25 -11 -28 -39 34 13 -32 37 65 53 27 -25 -52 -77 -19 43 10 19 45 -51 -4 83 -69 -6 -17 84 -76 64 50 -22 -41 30 45 -85 52 -56 -43 47 71 61 90 -15 -10 1 -77 -90 87 23 42 -80 -4 33 63
-5 -57 12 -44 -17 -60 19 41 -23 74 -23 -69 -53 79 19 14 -20 38 77 88 -100 -26 53 88 -1 74 -63 20 53 -55 9 60 -59 -55 22 -83 75 -39 -86 -10 -90 41 88 55 55 22 93 -81 -30 -85 -1 66 19 47 -73 -64 -90 73 -83 -69 -25 -29 39 79 -80 60 -45 -3 -82 -99 -55 19 65 70 31 -8 -33 76 11 -89 -10 -55 -39 54 37 -26 -58 29 -62 35 -8 86 -92 75 66 29 83 66 -61 67
75 66 5 -96 -64 -41 -84 8 20 -4 -88 67 -37 38 -99 98 4 80 -5 0 -56 37 -7 -15 88 23 32 -91 -27 -9 91 -23 67 55 59 -65 -37 -20 -24 3 -84 59 -15 -83 53 78 72 8 66 -89 -62 -73 -60 19 -72 -92 -39 -17 -35 58 -51 26 -10 36 42 44 -74 69 35 -72 15 96 23 -78 84 29 -29 47 80 6 -90 28 -48 -74 -70 -72 82 -82 -90 -59 13 -21 95 -55 47 -79 -20 8 12 -37
-90 -65 85 -69 -86 56 52 67 67 -21 65 -75 -17 72 26 -58 64 35 63 84 -89 26 -31 7 81 -66 -25 -39 30 -95 -82 13 13 -8 4 -89 11 99 -4 -33 22 -42 -52 20 21 22 -10 74 -67 -72 10 41 16 50 20 27 74 -92 5 -96 80 0 22 -42 28 -97 4 75 33 -99 -48 58 71 94 66 56 -39 77 -78 84 21 34 -93 -23 -5 -39 63 1 0 42 27 48 -16 -11 -57 13 -1 42 -93 76
-100 -3 77 -50 -11 25 99 -13 18 31 42 69 -71 -93 -62 -79 91 -79 -8 -3 -21 95 -92 74 -11 -68 -35 49 40 -71 45 4 36 28 80 61 -71 -97 65 43 87 -49 85 87 20 -7 6 33 -19 27 25 -35 71 -9 -5 -54 -54 73 -77 -56 79 33 -97 -18 -23 -100 -76 58 69 31 -71 -23 -10 55 2 55 46 -40 -85 -28 -21 -98 -55 1 -80 57 -43 46 -38 72 63 34 -91 14 -50 85 44 -16 25 85
-1 90 -6 -22 -11 -72 36 92 15 -41 96 26 33 -20 38 97 31 -13 78 -70 15 68 10 76 -12 3 -53 90 34 36 -52 74 -11 85 19 76 26 -18 8 38 95 -91 78 61 -24 -53 -10 78 27 -69 -5 9 -30 87 -84 -40 87 -27 -29 -20 15 -97 78 25 81 -72 -54 -18 -17 57 51 7 -81 41 33 -37 -86 78 -13 88 -61 -3 -91 -94 1 -43 21 -57 -24 -69 -66 66 -62 44 -58 -88 -82 -88 26 18
-51 61 10 -14 61 -81 60 -3 23 71 90 -38 0 21 70 7 92 -18 77 -84 -33 92 3 -64 5 84 -47 -8 -26 78 66 81 -91 4 65 -71 55 63 -15 -13 -24 -29 50 -58 -70 -49 -94 79 -3 -80 7 -38 50 27 -34 -19 -24 53 63 -12 -4 67 13 -59 60 -71 -68 -2 -31 -50 62 43 -41 86 70 -42 34 1 82 -55 -41 -47 -66 62 -41 58 72 13 60 -80 -77 29 -25 -59 60 -60 4 81 33 50
-18 98 57 16 10 -65 61 -10 -60 -99 63 6 73 61 -31 7 19 -18 -86 -77 -77 85 -84 -80 -98 -21 -8 -53 -87 -83 -39 -30 16 43 61 -95 19 79 -57 47 -89 39 -22 -8 92 -19 -21 -2 52 -74 27 14 84 3 -92 -20 -43 57 -17 1 -65 37 -51 97 67 -74 -91 -19 -93 -46 77 1 97 83 -6 99 38 95 -80 -10 73 -43 -37 -17 1 7 96 58 47 13 49 60 64 88 -33 5 -29 -51 -93 -34
-72 -25 64 56 98 -40 99 -49 0 -48 -19 -43 -12 -1 -85 -88 9 -5 -76 15 12 64 10 -59 22 62 25 -5 -96 -7 -23 88 -68 -54 -27 13 57 -72 88 -13 36 81 38 88 -6 -83 13 -18 6 35 41 10 -71 80 88 -80 97 58 -54 -56 -72 62 63 -51 -83 -98 13 20 6 -20 -23 40 83 -28 79 53 76 75 -76 -76 -87 -32 -25 -60 -86 30 -27 -28 -30 2 86 21 -21 60 86 2 39 89 33 -64
-35 40 91 -28 -65 -7 -96 3 -58 76 -14 -70 -43 -4 37 98 -69 1 72 -17 13 59 -77 57 21 15 -1 5 60 92 60 24 -69 50 9 -70 67 -56 62 51 50 -42 -91 55 51 19 -39 -19 47 -61 21 -60 43 85 46 76 -78 24 -45 74 -52 -22 72 76 -73 -81 46 16 19 21 39 66 -58 13 83 -56 16 -17 97 57 57 67 57 97 -27 20 -34 32 79 -82 12 -37 -98 -57 -52 -19 42 -84 82 -29
13 -33 -65 5 -100 -20 22 64 -5 -12 5 27 -23 56 52 20 -60 11 -16 16 -4 52 18 99 -72 -32 93 69 -31 95 -85 -96 -4 19 -3 -48 -78 91 -11 27 -40 -25 7 10 6 11 -5 91 -45 -45 -69 89 50 -34 4 -76 61 12 -78 64 40 77 75 37 -4 23 13 -63 88 40 0 44 -71 -64 51 -97 11 -17 -29 -31 -39 -5 -15 95 57 -56 17 -35 -52 8 -23 76 -51 -59 -91 54 -28 -66 54 93
0 32 87 -100 -6 -62 -57 16 4 -93 26 75 -30 -85 -36 95 -88 65 42 -66 -78 -9 -32 -72 -38 66 3 0 -3 22 -12 29 -22 -88 4 -86 74 48 -57 -65 -34 94 -43 88 92 92 48 -14 14 10 -82 20 -38 47 -10 13 40 95 99 -63 38 -8 40 -49 -38 -74 25 -17 41 -62 14 55 63 -77 20 -61 33 5 81 48 25 -84 21 11 -2 -72 68 95 59 63 -3 16 30 92 88 97 55 92 75 93
-40 73 20 -88 29 -5 33 -7 22 85 57 -65 67 47 87 4 34 37 33 -39 0 -21 -16 55 -78 -38 -72 90 -88 -10 -76 -96 38 -64 73 36 -18 -49 16 -10 -18 -7 -24 -4 -38 35 35 13 26 43 57 -66 47 41 37 61 -14 -34 -90 -80 84 35 6 92 34 59 -89 78 -95 -55 -80 73 88 97 -77 -73 -97 83 -24 -49 43 -41 33 -23 -41 84 12 -80 -10 26 84 -9 82 -35 -85 -87 27 64 37 -80
-67 60 58 -44 -80 64 -92 54 -4 30 -8 31 78 33 97 78 -71 -50 -80 74 74 -76 -24 -15 -95 -76 -21 -72 19 57 -70 74 -100 -7 79 47 -52 7 27 14 -87 -44 95 -29 21 -41 71 -75 68 -39 -51 13 39 -10 32 46 -10 16 47 -59 97 -95 25 78 75 20 -37 34 -60 85 -16 -14 -59 -13 20 -99 -20 -8 -21 -45 -95 -24 -13 -58 -33 91 -53 -5 -69 -12 -45 -98 95 -39 28 38 -56 23 95 46
-18 29 -9 -32 -32 -20 -9 -33 8 12 -35 37 -82 29 -25 -6 93 52 69 -72 -94 91 -58 12 92 81 -74 8 -90 -48 72 -50 1 35 -3 -34 -16 85 -100 -55 -40 -54 9 78 38 -70 49 -98 77 14 -79 -77 -79 58 -54 19 62 36 31 39 97 97 -52 78 -48 -52 53 -11 -64 -23 -15 -30 -84 -81 18 29 -29 10 -51 47 2 -69 15 -45 -63 -79 -43 0 -36 -38 -21 -57 64 89 13 95 -92 -72 -76 -93
38 99 -10 83 91 -79 55 -11 -87 -55 -86 -72 -76 22 -47 70 -26 82 32 -4 -65 9 -3 -27 99 11 87 -79 26 43 46 -85 90 -31 27 -38 -4 90 -65 -34 -47 57 15 -44 -48 77 87 -98 86 7 -54 43 -25 -21 36 -39 58 39 15 -18 -82 -90 99 -4 -62 -69 45 0 27 -97 70 42 -80 43 85 -66 -64 26 31 -15 -5 -13 -2 -52 -98 67 64 -59 3 93 20 -42 61 71 17 -77 -42 -20 58 -11
-63 63 19 85 -20 -100 -9 24 98 45 -87 -21 -66 -41 50 59 57 71 96 65 -81 35 -5 -96 -74 -61 -71 -11 -63 23 71 18 -57 -95 80 -91 -19 11 49 92 -47 41 -78 -94 -32 14 -11 37 -69 -71 -94 -41 80 -45 -9 -29 -85 92 37 90 -78 -60 50 72 -76 -84 -74 -57 -13 -32 -97 15 -9 -84 58 56 65 38 85 26 34 18 -50 -100 -82 -98 -25 64 33 13 -17 -37 26 49 -17 11 6 57 52 34
97 5 53 93 0 61 -10 -52 10 62 -31 47 -93 -35 -21 -96 -82 47 25 -32 8 -32 -14 26 53 84 -25 87 38 -34 -51 -2 5 87 79 48 98 82 -49 9 -17 58 84 -40 53 -21 67 -52 -37 -35 39 -94 85 57 -94 -88 72 -62 -66 -72 8 69 81 -25 41 -14 63 -23 -1 -28 43 -95 27 -28 -42 -78 23 -20 85 1 -66 -45 32 84 -77 60 -87 86 32 -7 13 -40 62 -21 44 -60 47 -68 70 34
-51 21 -70 -75 -64 -17 19 4 -47 -62 30 -91 68 23 -4 20 -76 -37 79 60 -86 80 -91 93 -83 59 53 -40 86 21 -37 -68 -28 -22 -79 -69 -14 6 31 75 -42 77 5 -20 -25 74 72 97 -88 -38 27 75 30 -50 -89 54 29 48 76 38 -47 73 90 -97 86 31 20 -7 9 70 99 -95 83 -91 84 -98 99 -51 -24 -96 -23 1 76 46 -61 -92 74 -63 -90 -16 35 86 46 43 0 -78 21 33 -23 95
52 -95 28 97 -82 -46 -15 -49 36 -45 28 -45 -69 21 -35 -28 -35 8 46 0 0 13 12 -89 52 -28 -100 13 43 3 -19 -88 87 -47 40 46 60 -58 4 47 14 58 -27 92 94 -79 -98 44 26 51 -9 -29 -24 -91 -100 -6 94 -80 7 -92 23 -92 81 -19 63 44 72 70 -2 89 83 -51 86 -63 -22 -93 9 -90 0 60 2 96 -70 62 85 19 -34 -44 40 -50 -49 26 94 46 -100 76 -75 48 -41 -41
18 58 74 -16 -42 -91 -11 -87 78 -21 -17 -16 -52 -74 87 -54 22 -19 31 -78 -33 -2 93 -19 -75 -1 53 -43 97 7 -83 21 53 -86 18 9 72 -27 33 96 -62 -34 -38 -17 -94 49 13 15 -54 -45 -19 -88 29 72 -80 -28 24 -42 1 -25 92 24 -16 -26 90 87 59 15 20 85 -39 -100 -71 81 29 -84 51 64 43 71 63 -67 10 56 69 -15 26 -41 -35 70 60 -81 -30 36 -82 -66 -95 -55 -48 83
-30 -84 35 -41 -90 -13 -2 0 27 -98 -60 25 -97 -4 -91 -34 -20 -15 66 -19 15 92 -96 74 78 34 -10 -11 26 24 -34 -13 43 -86 -29 -31 -10 10 6 -46 89 -64 92 48 -5 -7 -7 14 -45 -43 -78 55 -17 3 59 -70 97 15 34 -16 -79 80 -54 -46 -21 19 -3 -63 1 7 -52 66 29 -19 46 1 -31 43 -25 85 28 60 -97 10 -2 -56 -30 54 73 -82 -80 69 -26 12 -74 18 82 0 71 5
-5 7 -92 76 -83 99 77 89 -52 -37 -26 19 51 -67 -97 -8 -23 -10 80 -90 68 32 27 97 -83 -20 20 -13 -59 31 -21 91 48 -48 -51 -89 41 -73 72 5 -84 67 91 -89 62 -19 4 -35 -73 -92 -11 15 25 -6 -27 -41 -23 8 -65 -58 -5 -100 86 76 -95 32 27 38 6 46 85 -60 -83 -82 -5 -31 -42 -77 -5 31 41 75 14 69 -25 -41 23 -41 15 -76 -3 -43 -54 45 87 -73 -68 -91 23 -24
84 27 16 11 36 83 46 -87 6 -1 37 -60 95 -90 17 94 -67 -5 90 -3 9 97 4 49 66 55 -93 -37 -64 -55 38 49 77 -19 51 71 34 54 -14 -96 11 -10 -59 -39 -79 -86 15 91 69 59 -16 -23 -23 5 38 30 -65 45 -59 90 62 4 62 -62 69 41 24 19 90 70 -6 92 -91 -56 84 92 14 1 60 -40 95 1 -92 -88 -55 54 71 -31 -7 -97 -37 -86 -50 6 56 -85 43 -60 78 56
9 87 -5 23 65 -48 67 -73 11 -22 66 29 -19 88 -41 -28 72 92 45 -27 60 96 82 -28 38 21 86 -49 31 20 -64 82 94 58 19 -14 -54 -30 -43 85 66 -63 19 -22 28 87 91 -96 -31 -40 -54 -19 -75 68 -64 -42 63 -5 -57 25 -77 29 -62 -79 -65 -16 46 -4 -51 -10 61 1 14 -41 -26 -67 -59 -88 -76 31 -28 -45 55 39 -2 -21 94 28 95 56 58 -33 -3 -84 68 99 56 97 -81 91
86 -5 -51 -84 12 -73 38 12 -78 36 -10 -76 38 2 63 58 -1 27 -14 -87 -91 -87 19 -49 45 65 44 51 58 3 3 -62 -52 -47 54 -56 -48 -9 56 -6 62 -75 82 70 4 -55 79 -61 -3 23 84 -36 -28 76 -37 -66 62 0 30 50 10 -26 87 -41 -66 72 -66 82 -52 -75 -77 51 3 -35 4 -3 -34 -34 46 -81 -66 72 58 -38 3 -63 -59 -40 35 -98 68 -30 32 -34 -49 -34 -88 -24 -16 -84
-100 81 31 6 -53 4 -70 99 -83 -67 -2 -54 -73 32 -58 -48 -18 81 34 -56 -98 87 55 78 77 94 -45 53 -30 -65 36 80 -100 60 -40 -67 -94 2 -100 -55 26 -7 -2 -62 -19 53 9 -94 67 40 -8 67 -60 -13 -30 60 74 92 -74 -47 -37 -54 -32 -54 -28 -76 -75 -13 -61 -74 -36 3 -24 30 -52 -99 -64 28 -27 13 -12 54 61 -93 -48 4 98 -38 -86 26 -41 -27 0 -57 -47 74 7 -19 -47 16
41 40 53 14 97 -39 93 -4 81 -26 65 -19 -17 10 -100 -19 23 53 -21 36 -82 78 71 69 12 -66 -3 -78 -14 -37 29 -68 -52 28 84 89 94 -83 51 -7 -23 38 -4 40 -51 -21 11 81 -15 -9 1 -84 52 27 -10 12 61 15 99 -53 -2 -90 50 27 -46 -34 -34 11 48 74 -6 -60 -78 -56 -55 94 47 70 -6 8 -56 -23 -70 19 85 64 -76 -98 -21 76 7 -74 48 91 -24 30 98 -25 -64 35
-61 -99 53 -78 60 -77 57 -63 -4 5 39 -95 -61 -10 38 -64 -54 19 -89 -33 -88 9 -35 -49 43 -40 -90 6 17 33 -91 68 -91 -19 -53 78 20 62 5 -15 58 -20 90 -20 56 3 -82 14 -67 -35 -15 -91 44 85 70 -26 54 -61 -85 87 23 -36 58 -61 -16 28 -60 -9 64 19 95 53 -40 54 38 -99 67 -91 -97 -14 54 -21 -15 78 91 25 15 16 95 87 -89 -50 19 24 -75 38 -98 65 -25 87
89 90 -96 8 -26 -66 13 -52 -4 -66 -41 -52 -41 66 79 -11 -79 81 39 -55 79 -4 -72 -43 -26 32 -50 59 10 21 -94 -97 -73 27 -15 -33 -56 28 76 23 -18 -73 50 -20 97 -100 -6 -91 42 35 -72 -3 -1 51 5 -19 -52 -1 34 94 40 23 35 -6 3 57 -57 4 6 21 -34 -33 -20 -13 58 33 -37 6 -21 -33 -92 56 -65 -62 -42 -89 75 40 41 8 -14 -43 -55 90 4 -19 46 -36 -90 -15
-32 -55 -81 -60 -45 -26 -41 37 -87 -58 8 2 69 -94 -23 -94 16 30 49 61 25 -36 88 77 65 43 55 90 30 83 95 32 -9 75 69 28 80 59 48 -90 89 44 -18 -59 68 -3 65 64 86 21 -94 -92 -90 -30 63 -62 -26 -81 -4 -63 68 -20 38 11 -26 38 -1 63 28 -62 -18 -63 -37 -84 11 -33 -44 26 83 48 -44 -19 72 -59 -56 -83 13 -22 -48 91 34 -44 38 27 27 27 27 79 -67 77
-27 -43 19 3 -69 62 0 43 -48 50 40 -80 -57 -35 -3 10 -19 60 -62 -54 54 0 20 29 -22 -40 -49 26 41 97 -18 -24 88 -23 50 93 73 18 51 93 -63 -67 33 50 -78 3 -18 -2 -20 -82 49 7 92 -84 68 -88 17 25 -82 -34 23 1 -41 98 -5 46 57 -53 -88 97 -56 98 -15 86 -63 -13 6 46 -99 -88 61 -24 -64 4 41 -31 62 40 -72 65 -17 42 -79 -65 5 74 -29 -69 21 -54
90 -10 5 26 64 -83 53 -7 -42 -75 15 26 67 -30 -55 85 -60 -53 38 -32 41 19 24 -8 33 -4 -23 40 98 30 -69 37 6 -60 -24 38 87 83 -14 43 -88 45 -18 38 3 -21 10 27 13 -71 53 22 -99 -45 -72 -97 -97 -9 26 13 -84 18 22 -86 -22 89 -78 36 25 42 56 39 -2 75 -53 73 -72 92 37 -4 -90 48 -3 38 -91 16 21 60 48 -37 -2 -18 -12 60 -83 20 63 -3 42 32
-89 -13 74 46 -4 84 15 -10 27 93 12 -41 53 -1 83 -5 97 -73 95 88 0 8 53 95 -91 -60 -66 -45 -12 -39 40 -30 -13 -6 -55 -42 -16 -5 -32 -62 73 -54 24 -33 6 -97 -53 16 -74 4 0 -95 -85 86 44 80 48 -37 12 -90 82 17 -34 -85 -94 -87 -91 41 -54 -91 -67 -26 39 37 60 41 20 -98 62 -47 53 15 63 49 -7 25 -76 61 -78 -45 -28 74 76 -82 -2 65 -33 -59 70 -89
41 52 -19 5 -47 -5 36 -4 75 28 40 45 -37 -26 51 1 -79 56 -23 94 87 -100 74 20 -41 -24 3 68 -51 -62 45 1 81 87 -12 -55 21 30 6 63 44 -86 10 -25 25 24 32 -41 65 -26 41 25 -71 -73 37 -7 20 36 -10 -87 58 27 71 -31 22 -15 -18 -2 -79 -92 -80 83 8 -78 53 89 -43 16 95 70 30 74 -85 18 46 -97 80 -7 99 32 24 24 79 61 16 42 -30 67 -22 53
14 -57 52 -46 -17 81 -45 93 23 -3 10 95 -50 -83 26 -21 -62 -80 71 43 -92 79 -71 -62 14 -95 -2 -83 41 -75 -75 -66 -21 52 43 2 88 83 -89 -22 10 -45 47 53 50 12 -3 21 28 39 8 -14 -16 2 -41 -50 1 -19 8 98 32 34 82 57 43 28 -64 -27 -72 81 73 -29 47 -48 -57 86 46 77 2 8 87 -94 26 -83 28 22 -34 90 -49 -40 2 9 -65 -60 89 -38 -4 -13 -28 55
59 -31 69 -55 -3 -80 55 -35 23 92 77 -49 -47 -24 -9 -89 25 -98 -91 12 4 6 -30 14 81 -6 -36 13 -9 20 -64 -82 -56 18 90 38 0 3 11 84 -28 64 57 -48 26 -40 2 -65 79 -36 -66 -18 53 72 34 -72 53 -56 -10 80 -23 35 47 -10 36 -80 -42 -30 -67 54 -8 87 -74 1 76 -7 -90 -2 18 -30 50 38 -16 -50 -41 -4 27 90 69 -5 65 33 -50 -2 93 -89 -84 -37 -5 -24
-77 30 4 -13 52 37 39 97 59 15 41 -45 -1 -91 -28 -17 -85 -47 87 88 -69 75 0 7 22 -39 97 -7 36 65 -71 -16 -69 37 65 98 -9 31 -41 -43 94 -69 -77 -90 70 -39 -78 65 -17 -96 -7 56 -25 -62 -76 -85 -49 -47 55 5 41 88 -84 96 -19 79 -70 27 -45 -15 -97 25 -25 -39 55 56 21 -53 83 18 0 -74 56 -91 62 7 -91 6 83 -90 90 19 -7 64 67 -71 59 -22 -60 -79
40 51 94 74 30 -48 -97 86 -86 -4 -9 -39 14 -75 -59 -37 72 2 -10 -39 -38 50 -50 74 54 81 76 -55 42 -71 97 71 18 18 43 -88 84 -2 -82 54 65 44 47 -97 60 71 14 -96 -22 -27 -17 -67 11 14 10 75 -46 93 30 64 -22 -6 -1 -34 -37 -68 -50 -68 54 78 31 19 48 2 -46 5 -60 -4 -95 54 -47 -74 25 58 -11 28 11 66 43 2 85 48 26 65 37 -25 15 28 32 -81
55 -24 -70 -51 -48 -13 -18 -56 -76 -91 -19 8 -52 -47 93 17 67 64 -73 68 4 -32 0 -25 84 -40 -30 -37 56 -16 -97 -53 31 -76 -46 41 -79 84 68 55 -34 -20 49 -41 81 -57 -16 79 -38 -35 -59 -75 -66 66 -30 52 -79 -20 -86 -78 -84 83 -27 4 96 -87 -63 -81 -24 5 56 64 32 -60 4 16 -78 -90 -31 -82 -82 -61 70 2 -45 -52 -78 -69 -94 47 57 -93 -19 55 72 75 22 35 2 -36
-75 77 46 59 36 14 -49 -63 16 -94 -61 33 -27 62 -77 -16 -62 -93 -76 20 -73 82 98 9 95 2 -77 88 -32 -4 -38 7 -40 -50 15 10 -48 87 95 62 -90 39 85 25 4 -45 -83 -33 -78 97 1 -73 26 9 -69 -77 -51 -44 49 -99 -22 -84 -49 78 47 -44 35 10 15 -66 -62 27 -82 -3 -69 51 14 57 78 66 -80 -30 -100 21 -49 -85 15 -85 94 -10 34 53 23 -94 76 30 60 -48 7 -43
-36 -35 -57 66 84 81 51 -3 24 83 -14 2 -33 -80 31 77 3 46 33 33 53 69 14 -82 -40 76 -60 -70 -81 -7 25 14 13 -58 3 -35 -38 -27 38 35 -91 -6 -18 -76 -16 -51 -45 -88 30 42 -71 71 -60 28 -98 -8 -78 -17 22 -50 51 57 11 28 -96 -77 1 -34 55 -55 -8 90 92 41 75 -60 50 94 84 -23 -36 -58 -38 41 -16 43 81 -12 78 -66 -27 -76 -26 -2 56 54 -69 63 -7 -78
87 -13 0 12 34 -100 61 -28 30 -54 -68 41 -29 -28 90 -28 -69 -87 88 68 50 69 -69 51 47 40 73 -17 -39 -77 -83 90 87 25 29 13 -79 -33 -8 -35 76 -18 -12 -54 -23 -50 -21 -58 -15 -27 68 19 83 -10 85 32 -57 32 65 -65 67 -8 -81 9 71 68 66 15 -2 5 -70 -48 22 -87 75 63 -87 21 -66 -98 33 -95 -71 61 14 -89 27 -93 82 86 -72 75 53 -9 45 -33 72 72 57 -63
-77 -33 -18 46 98 12 -58 -19 32 -96 0 92 -94 84 -69 -7 77 -45 43 -32 -70 -49 76 -5 85 -64 26 -32 -1 34 42 82 -19 90 63 13 -61 46 9 63 76 65 81 -88 10 -3 75 -1 -11 -97 -2 42 -11 -1 -30 74 29 -59 -44 -28 -9 41 -55 77 52 -47 28 -61 44 -26 24 45 6 62 -33 89 41 33 -77 -25 65 -75 -77 -89 -41 24 -9 -86 -12 -35 -22 89 40 64 40 62 -61 -34 75 -60
-17 39 -1 30 -54 -69 88 42 -50 92 -72 76 48 28 -64 -8 -12 98 82 -21 -9 80 72 11 14 -87 56 -96 -38 48 54 -89 2 -68 59 -34 -33 -39 -21 5 84 -35 14 81 60 -62 -87 -80 60 15 -12 47 -26 -40 36 -31 -86 -9 -32 -92 -63 -24 37 -85 30 26 -73 -62 13 91 40 77 -96 20 -81 -19 -67 61 94 31 -52 -13 -78 73 61 -41 -33 69 -12 -67 54 2 1 79 -85 52 66 67 -46 -4
59 -35 -33 32 -24 93 42 -9 -7 89 -43 -39 4 92 11 -36 -39 47 91 83 71 70 61 -1 -49 -5 41 65 54 61 -58 -92 96 -85 77 94 -49 -83 -79 -8 38 -95 34 89 -71 66 47 -87 49 9 -97 22 -14 80 48 9 19 77 43 -88 -66 33 -26 4 39 -100 27 -61 -51 -27 80 -83 14 -78 50 10 -74 -13 -74 9 -86 43 -77 -70 40 -90 98 12 18 23 -70 57 88 -48 25 7 25 -20 -14 61
-24 -14 42 -41 42 -3 -6 72 -39 -91 -69 -39 21 -94 70 79 -62 27 96 30 55 -52 87 97 -55 35 93 44 -86 -68 -60 -4 -27 54 -39 42 -33 -98 41 -99 64 -57 13 -66 77 25 17 -24 30 43 -42 -55 73 -93 -19 22 -73 80 64 -84 -66 43 -73 -22 -87 -28 -74 -69 29 -48 -46 -36 77 80 -44 80 -45 -36 82 76 88 -70 -64 6 34 53 -77 83 -1 19 -3 -32 -62 13 -9 57 66 87 16 64
30 61 72 80 81 -68 -53 -37 81 41 -10 -11 -1 -2 9 55 -27 82 78 11 93 47 36 47 -56 78 79 30 60 21 -53 -93 -41 -40 -71 -86 81 -26 61 96 -8 -12 25 -48 6 -30 -46 -80 -92 96 38 -38 -32 -34 -51 -67 -85 -4 -56 27 63 -67 -79 -9 -24 -66 -37 -97 -6 -27 49 33 73 29 -6 86 -68 -61 -70 -20 -91 -16 18 87 -16 35 60 10 -63 -95 65 40 50 -57 -10 94 98 -65 -20 49
69 70 -72 -97 -2 74 1 -10 10 12 70 -90 -96 -49 -56 -28 -9 39 -70 -30 -57 44 -42 -6 -84 90 -12 97 25 -73 26 79 -85 72 -61 -53 86 42 9 23 76 2 -27 80 85 -22 15 62 75 -4 -99 -87 35 34 98 -3 6 -41 -23 86 -14 -73 69 57 29 33 -16 -86 88 -71 11 40 -21 -37 16 -66 94 79 -69 94 31 -52 11 0 67 0 -24 -7 25 -20 32 -98 -12 -48 88 -49 -19 -89 -9 97
-33 21 -28 -77 40 -74 44 -90 -60 -52 -3 -8 13 92 96 43 5 87 27 -68 96 -25 -6 9 50 -67 72 -18 -43 91 -56 -48 66 82 -63 -87 -57 66 76 45 -48 87 -9 8 -57 29 15 -80 -38 11 -88 28 36 -59 -77 77 -28 -29 87 33 -13 1 -40 96 11 57 99 -17 84 50 -92 35 -66 -22 50 5 13 -1 62 -2 -53 35 -82 43 74 99 56 44 -49 -19 -97 -64 13 -47 10 28 4 -2 -17 -18
38 -87 42 8 -76 79 -65 -9 32 -10 89 -66 82 92 -36 92 -33 15 49 3 -64 6 -9 51 40 65 -56 3 12 77 84 -30 -19 -15 89 95 27 37 -39 -75 51 28 -88 -62 55 -84 -49 -11 87 -74 22 -72 87 -28 41 -33 -95 47 16 55 89 -84 -26 14 84 17 17 89 -60 -73 -48 -1 -53 -77 23 77 41 -93 -9 -45 19 -58 -53 -14 16 -83 20 8 14 6 -57 52 -8 -49 43 -15 30 -46 -7 -54
-57 84 -3 -10 70 25 -23 -93 86 91 -29 -8 -75 -50 96 81 -52 39 -87 -96 -46 -24 57 79 -57 -21 44 3 -98 -47 -67 -27 67 -26 -76 12 -42 -99 -43 -78 68 -9 94 -2 -21 55 35 -93 57 -92 82 -87 -45 -70 8 -76 40 85 -63 -30 -36 -74 -18 91 48 13 -51 67 -82 68 56 -79 93 -19 -95 45 -35 -47 -23 -50 3 48 -50 37 -92 94 -15 60 -73 10 -84 -82 65 -79 16 -31 -8 82 7 -72
