-75 65 -13 -89 -57 -73 -20 -66 -95 99 -85 67 42 -79 -28 -90 -33 7 95 57 33 -80 -13 -72 -16 99 -18 85 -42 -45 -33 76 -97 -74 -72 12 -56 -60 -14 -39 -57 28 51 12 -83 -22 68 61 45 97 94 -39 -25 87 -44 69 69 -17 11 17 -39 94 -9 -36 34 -65 1 -14 -5 32 39 22 -62 12 42 -50 -60 87 57 -27 70 32 49 -31 10 -37 1 50 81 76 86 -31 -20 -47 5 -68 6 31 -61 51
17 66 -68 37 47 -39 12 32 21 37 37 -2 44 11 80 35 -72 -75 -29 -77 1 -21 -22 -4 1 -19 -57 9 94 70 82 -49 91 0 97 24 60 23 87 -69 -15 -55 10 -46 -46 86 -11 -82 -80 -59 -96 -89 -82 36 -92 87 9 -8 59 -75 3 0 96 -25 -51 -16 -49 -3 56 -39 25 -29 45 -50 54 45 -44 92 -9 -62 -33 -60 -65 -77 50 48 72 -17 -93 45 -28 -69 -71 11 -19 69 52 -46 -16 -34
-36 93 -52 70 -28 -25 16 5 17 26 -81 -44 -80 -6 -82 70 -46 -9 -10 -28 -56 24 92 85 -89 42 80 61 91 -41 40 -21 -31 86 -24 -90 98 39 -84 43 -24 -10 -32 86 86 0 -49 28 -11 99 -10 66 58 -14 3 52 65 48 62 46 -61 -11 -54 33 13 -99 -88 -21 -63 45 -91 40 81 -73 -28 -84 82 49 67 42 -96 77 17 -23 -90 53 -61 -61 57 -26 96 39 -65 -51 7 13 -5 68 -70 -83
-2 37 -4 -81 -56 18 -74 57 -43 70 15 77 84 87 -68 38 -78 48 -20 31 -88 76 -72 -97 94 16 8 -40 35 -65 2 -16 89 -8 32 -8 -99 49 -68 63 -41 61 -40 -27 63 -89 -96 -59 -97 -28 -28 -4 -84 -72 -75 13 -96 -24 -19 64 -22 25 -42 -81 29 -63 28 -75 -39 67 -24 55 -2 85 -83 66 -11 28 -6 -30 87 17 -9 -71 81 59 -93 -70 -49 -36 -16 -12 94 -3 -57 -68 -36 54 -43 -67
19 74 -56 -38 -63 -61 -95 -86 -14 -76 23 -26 -56 18 77 -78 38 -66 -65 30 69 95 87 5 -28 27 89 7 -52 -78 -23 76 -7 -6 -28 66 27 14 50 -6 24 -34 44 81 -7 -88 65 -98 62 98 -92 37 -37 16 -97 62 -26 -16 32 -74 93 76 -25 -19 16 -63 -97 16 -12 20 -13 88 3 66 -99 88 0 -32 -93 13 -35 -55 -39 -93 -49 -42 -22 34 0 0 34 -89 -17 -47 -59 -42 89 -20 1 53
55 19 -14 -87 66 -51 -82 47 -24 -31 40 55 16 -31 -84 -68 -25 56 10 27 34 -25 59 96 -58 10 -15 15 66 62 38 18 17 90 -74 -21 -61 16 7 53 -41 -41 9 78 65 -71 -13 -31 60 -96 86 94 -57 -20 -31 15 -55 7 90 12 -6 33 18 -51 -15 -33 -19 29 -42 -29 -11 24 44 45 -62 81 22 97 -8 -92 -20 50 75 -33 39 73 -6 -91 82 98 32 6 -66 67 -21 23 -59 -11 -31 15
-28 53 -32 -23 -86 56 83 80 -4 40 33 -76 26 -15 -53 -35 70 -54 -13 -15 -74 -97 -52 56 57 36 -48 -24 51 -95 -2 -94 -91 77 86 45 -69 62 -13 -41 39 39 -52 5 54 9 -70 -43 57 -45 -82 14 -39 14 38 50 -91 -53 67 57 -45 68 30 10 45 -74 71 40 54 -56 0 81 -52 -6 -19 83 -39 48 -7 99 11 92 67 9 -26 -93 -78 -90 59 -50 55 -25 23 -12 -82 -74 55 -62 83 60
-24 -59 -65 78 38 88 -31 -90 38 -96 -49 21 38 -69 6 -16 57 95 -6 8 -72 96 37 9 -63 -91 74 -50 94 35 11 45 15 -48 49 -38 -100 -50 -41 17 27 8 80 85 -9 81 28 -16 -7 -68 41 -100 65 -20 -73 35 -23 92 31 56 -73 91 -17 23 -21 70 -80 65 29 -23 -42 15 -39 30 -73 76 41 79 16 66 98 -86 -11 35 -29 -56 86 -80 -73 -60 -42 -98 86 -99 -35 -2 72 6 86 -59
-86 -41 -59 7 -65 -72 -17 -20 78 -73 8 -98 38 41 16 -31 30 66 -30 66 -93 33 13 -94 -58 -53 -61 77 41 16 52 25 -53 18 7 -8 30 32 -33 67 8 -66 2 93 70 -16 54 54 10 -63 -81 64 44 49 98 81 -59 15 -91 18 18 -54 65 7 61 73 -73 7 -74 25 -43 10 -32 88 -28 -32 -98 15 2 82 -98 -54 -81 -82 -26 65 -2 39 -25 -37 -91 91 7 -19 -22 -9 29 -3 -78 -2
-48 10 66 -27 48 16 83 -2 -53 98 -90 89 -13 75 -30 -95 1 -90 99 95 67 32 -11 -4 38 57 77 80 -25 30 81 33 87 90 54 84 -11 -9 29 -83 62 57 -36 -58 -91 -39 -96 -39 -36 -2 51 -54 -48 94 -63 -68 -86 -91 -28 -5 -56 69 15 28 69 -35 78 19 42 84 15 -10 19 42 -23 -15 -52 -28 -48 -20 -31 24 70 11 -59 33 41 -84 -62 14 -83 -54 15 63 73 7 -88 -88 22 18
-89 -100 -45 -97 -87 47 -36 58 -67 -74 34 -48 -56 87 7 -99 23 97 -90 -71 -98 14 -80 62 -22 -89 43 -79 52 85 1 89 -16 -48 -84 -45 79 32 -6 20 92 3 16 -82 18 36 90 78 85 -68 26 66 -36 -65 -14 -28 -56 46 32 16 -48 -5 -3 -59 84 25 -77 5 90 5 -82 -22 40 47 -30 87 58 95 3 -35 36 35 -33 -96 91 49 -58 36 31 39 -3 64 -5 -41 -36 70 -2 32 89 -72
95 -31 37 70 59 -77 8 -93 -52 55 -74 12 41 -63 94 6 47 -15 -94 92 -8 -25 85 49 -14 89 89 63 -26 -91 -41 -82 18 55 -79 30 -50 72 -79 91 86 53 95 76 -12 19 -66 6 84 24 13 20 54 93 -21 60 -59 33 0 -78 -80 -42 87 -2 36 -1 -84 -81 53 15 -6 74 -34 -24 61 49 9 -13 -23 -74 9 -57 -51 67 5 6 1 -90 -33 -47 55 -43 -86 30 -47 45 -11 41 97 10
-53 6 -48 -78 -63 -74 47 -94 -15 -93 -52 16 18 -83 32 -21 -83 -10 67 -77 -64 -16 51 -33 -56 72 -15 36 69 -8 -40 42 -62 -82 77 -68 43 6 -5 16 5 41 -57 -25 -85 87 -88 30 47 -94 0 -68 80 -78 1 58 80 58 -88 77 -93 32 10 -18 -39 -84 53 -18 21 -33 47 -19 -36 35 -22 50 72 75 45 31 49 -63 -45 -73 2 30 -14 43 -80 46 34 47 -73 -6 -63 88 58 47 -64 -44
44 14 -64 -67 39 50 37 18 71 -4 -4 13 22 45 8 31 -7 37 -2 35 25 -59 -47 -58 22 -92 40 -78 69 38 -68 -70 -57 21 -28 -6 1 85 -21 78 -1 -3 3 -3 -23 -96 97 42 -74 -74 75 -67 52 -77 81 -85 -74 -51 -11 -28 -38 -84 -71 -1 85 22 34 -10 29 62 86 -71 -3 -7 -37 -47 22 -5 46 -22 32 -27 -49 -89 -88 29 -59 -83 75 71 50 37 -75 78 85 30 92 -79 -31 -81
-17 99 -5 95 -8 -97 67 -72 84 -43 23 -61 65 84 -52 -5 12 69 -27 55 74 -100 -68 44 -77 -37 -69 -68 64 25 -48 -14 -54 5 -60 -38 -34 -74 47 -76 -41 58 51 -5 -6 27 -82 -64 2 -87 19 -48 -31 73 65 -18 50 64 -27 -56 24 -5 15 -100 71 -64 12 87 -85 -89 -16 -12 51 -42 -77 -71 1 -17 -65 -47 -88 -22 65 92 89 -88 -77 71 20 -39 88 7 28 47 -7 -56 -60 -96 29 9
32 30 76 57 -92 -49 96 -67 -51 -18 68 39 -89 -54 23 -68 -63 -96 74 -12 39 46 -45 89 8 11 31 22 -69 70 87 -92 -29 -87 7 -11 -14 -99 -94 29 -20 -75 70 -68 -5 -19 -80 86 -82 34 -77 19 17 71 -15 -29 30 63 98 25 -65 -60 98 24 -62 -57 -40 -30 92 2 -73 17 -13 91 -67 -96 68 -11 92 -10 -31 -79 -96 -48 -85 -92 -13 -96 73 -22 -41 -5 -8 8 73 23 -71 70 -49 -90
68 76 41 63 54 -84 -88 -46 -81 12 43 81 66 -92 99 69 94 72 -20 -22 55 -89 -23 23 52 9 81 -12 -58 -16 17 -26 67 60 71 -94 -21 76 34 -69 -55 25 55 8 -33 83 -96 -88 -42 -48 23 85 87 8 -25 38 3 81 -97 -62 49 83 58 16 17 47 86 -37 11 87 -25 -72 59 59 -69 83 47 -33 -76 1 -76 -9 -80 -11 -75 -76 68 42 -87 85 87 76 -94 55 52 94 -8 46 -59 93
-58 -40 37 -19 13 23 -59 -53 -18 -74 38 21 -29 83 -24 -64 31 -95 73 90 -27 -53 -20 -89 95 -19 7 -4 -66 -50 -25 -60 -51 -82 39 -65 88 80 -62 -67 78 50 11 59 47 -37 -72 -79 -35 -82 49 -3 88 15 -52 45 -92 -76 -9 -78 83 26 75 20 -79 16 9 -29 11 40 59 34 -98 24 91 36 76 -75 33 40 16 -22 68 44 35 74 -11 -72 89 93 -60 -42 74 -22 21 -95 -97 -14 -48 -33
-17 4 98 25 38 -21 21 92 77 92 -76 -35 77 -53 -94 -26 -74 -17 -24 -19 -84 93 25 -35 -53 79 43 -17 -21 60 48 69 48 55 62 67 -69 -11 72 -94 -91 -36 79 34 -23 -82 -31 47 56 -81 -5 -80 -88 10 -20 50 4 -18 29 -22 26 -94 -55 -33 33 19 -32 50 49 26 -24 -23 -41 -23 -38 -58 -21 -86 -71 -6 75 -51 7 -40 12 45 -64 41 29 -95 3 6 -60 78 -84 -9 -27 -3 -30 -28
-68 86 96 2 17 18 -66 -71 29 82 25 -55 -57 90 -33 33 -59 -18 -91 -28 85 -93 -27 66 -53 -85 -46 84 96 -40 -96 -66 4 -42 98 2 94 98 73 -80 -75 96 -79 50 -46 74 81 98 -87 9 90 -12 58 4 -16 -78 -4 40 49 60 2 64 33 5 -68 1 65 -31 -3 -87 -83 -73 -19 45 45 -53 -74 86 14 -81 -28 70 -48 59 39 -80 -46 52 54 -1 -89 -53 68 5 20 80 13 64 85 71
62 -37 -82 -89 -82 -97 35 2 -21 69 94 55 49 -59 44 86 7 -66 -32 56 -3 19 28 79 39 1 83 -59 -14 95 -51 -7 -79 32 -69 -63 14 -100 69 -9 -58 -77 76 -23 96 -38 40 -20 9 14 79 10 -100 -12 -94 -35 -47 56 78 2 -59 -40 -86 -2 -79 84 -75 -69 -19 27 61 62 -43 -8 97 99 12 -45 -3 -71 36 -77 65 4 -47 70 59 83 44 46 34 -93 63 -18 20 -48 64 84 13 57
62 41 -73 -66 -56 -18 -49 83 72 55 -37 28 16 -3 -88 87 39 29 -39 -13 -15 -82 -84 -9 -57 -61 60 -84 54 -3 -13 -49 -40 20 -66 -79 65 53 62 -50 95 -26 -26 12 -23 3 79 62 -59 38 -5 81 8 -16 -23 51 68 -31 -100 -49 86 -44 2 35 -23 67 81 11 -96 -79 -91 -22 35 -46 -83 87 5 51 -86 56 79 43 -10 -97 -91 -47 10 96 -60 -2 12 92 40 87 92 94 -11 -29 35 -55
-16 -83 -26 55 -62 -44 -12 -42 -62 73 32 42 -55 77 48 -33 -75 -72 -20 -55 53 53 29 3 31 18 -75 22 -37 64 29 -64 22 81 -56 29 -16 -13 80 23 -73 -8 -99 -59 -65 83 94 52 -100 -59 95 -55 50 -55 19 -3 26 -41 3 87 -82 4 -15 28 44 -16 -67 -22 76 83 -24 -43 -68 3 -52 59 28 -61 -22 45 -55 -85 0 -27 23 50 90 -80 92 -66 -12 -43 91 -94 92 5 21 -47 31 -86
7 -40 -67 -23 -28 22 -40 -66 -70 -31 81 11 72 -52 85 -77 33 42 -11 -89 -1 27 -17 29 48 35 40 56 62 55 99 -52 60 64 -11 29 -91 -88 -63 45 -28 76 41 -15 6 83 99 -28 -63 42 -30 5 -8 74 -37 71 63 -25 78 -59 12 -63 -58 76 -84 -34 3 -72 -4 -14 23 46 61 -13 15 66 48 9 -4 53 -77 -72 39 -63 -40 -50 3 -30 29 -95 39 -2 -15 75 -66 1 34 -33 17 99
-52 74 82 -97 25 -89 12 83 -18 72 3 68 -91 -87 78 95 71 28 15 -91 -67 -2 59 61 -59 40 6 -12 96 10 87 26 40 29 -80 -5 98 -77 -1 39 -12 41 -45 -85 33 37 -6 -26 -5 77 28 -16 -94 89 73 92 -17 -42 -14 -63 -73 -7 -99 79 87 71 -51 -20 64 -42 -86 -34 67 -65 -42 -32 21 58 95 71 -78 -56 42 10 1 -47 95 40 60 -21 7 74 -6 57 -72 12 -95 -5 27 -83
-51 -82 -48 -18 -36 -31 33 -5 -76 -45 -7 -41 -87 -72 -10 -67 41 25 2 -71 2 88 -78 -57 -2 -14 38 -56 -25 -52 41 -18 -34 -78 -62 17 37 54 13 -30 34 43 57 -7 9 75 37 -81 23 -82 -93 51 51 -90 47 32 -36 -19 -98 -51 -25 13 93 -16 -23 -14 19 -12 -98 17 -74 -25 -23 -80 36 -32 56 -75 -15 17 -10 -79 -44 68 48 81 81 98 -75 -91 14 -93 7 19 76 24 16 27 16 64
-64 -40 69 -70 -60 -90 -5 98 -17 -65 -42 56 -60 -32 -9 -73 49 -12 -36 64 -40 7 -96 -15 -73 44 36 86 -80 74 -13 -62 76 67 -36 -12 87 28 -92 -58 76 -30 -26 88 -30 91 -25 76 -92 -100 -54 -34 -85 -34 29 33 -99 90 -76 -88 -31 -12 17 58 -93 16 -62 -74 -50 75 46 7 48 27 -19 56 57 -26 13 -58 -47 89 -54 -31 -16 38 83 -21 60 89 -31 -61 -40 -22 17 -97 -27 24 54 -82
63 -64 -10 67 14 -47 24 99 68 24 -29 -3 -25 12 15 -91 -94 -72 88 99 34 4 9 56 -67 47 96 -67 -91 73 79 -43 50 83 -10 43 -63 -66 -6 -1 -66 5 61 -21 84 -35 52 1 12 64 58 -87 34 25 -28 -98 -41 -2 79 33 -72 -70 74 29 10 29 -6 48 -36 -58 -17 3 2 25 -14 59 28 -70 -46 88 -70 95 45 82 -53 88 -64 -25 -7 90 -94 34 -50 -85 63 -65 5 33 92 35
-41 -83 47 12 38 -23 87 -7 -58 -82 -68 -66 -99 84 69 74 -31 76 50 -33 -40 -44 8 62 -42 -69 -56 42 -96 -53 14 -88 30 18 12 -31 -89 -58 50 3 68 -36 -60 83 -82 -21 -71 26 -38 66 -66 4 -58 25 -85 -45 58 -96 -31 -69 5 18 -75 -24 72 85 17 -10 -29 -74 9 -72 -62 52 96 40 -38 -6 47 -20 96 -82 -61 79 79 -59 -98 32 -64 79 -91 -43 -66 -20 -50 -13 -31 38 79 27
-69 77 -50 -5 70 -87 48 -52 22 -89 94 11 -13 -29 -53 -2 -36 -28 45 -79 -75 -68 -73 7 45 -73 80 -48 -85 43 65 -39 34 -62 13 -40 -56 15 -55 85 -75 -44 -22 64 -91 -88 69 40 -34 -81 -31 86 -32 -99 75 -32 13 -26 -21 -76 -7 -89 -63 40 -69 -50 -58 80 32 -43 30 53 -73 77 55 -86 59 -75 75 17 63 -27 -31 75 -68 -39 43 19 -42 32 13 -99 73 83 38 -18 77 58 93 58
83 42 -28 35 94 -46 -8 -10 36 -91 -11 18 -81 -95 63 83 -89 -93 66 15 -30 63 37 63 81 42 -50 -73 27 55 60 -84 68 -81 -4 36 -2 71 30 -90 65 -44 -29 -43 -68 -53 40 31 58 41 63 75 -51 -72 -29 42 2 -4 18 55 12 -65 -17 -35 2 75 -39 71 -26 -25 15 -97 -2 24 98 97 91 0 -14 27 62 -16 25 -64 8 -23 63 -20 94 -17 -46 -90 83 88 -21 34 18 -83 -5 -63
34 51 -77 -67 -4 -42 -74 97 70 -59 75 41 23 31 36 82 -8 -44 5 95 89 14 -84 78 79 99 99 28 50 7 93 -24 78 -78 52 18 95 14 -57 40 88 -66 -86 43 58 49 -45 33 73 -34 37 81 87 40 -35 -22 -18 -10 -17 80 -17 -49 63 -34 73 90 -87 72 -100 96 41 22 -25 -16 -93 -27 -14 34 58 46 17 96 -88 22 -53 -51 40 73 -70 35 84 27 62 -95 79 96 -33 -81 -18 69
-76 -27 3 -77 1 22 -12 53 -31 -96 17 -63 19 -2 -17 -8 -32 75 35 -39 26 -72 -76 -23 9 -48 -98 61 -31 -38 94 22 89 -86 78 -37 -11 9 43 94 -98 70 -27 -50 69 18 -83 -41 -89 17 97 99 8 -11 -78 -40 -38 51 -91 87 -41 42 -62 -11 66 -62 27 -98 16 73 -96 -78 97 -7 40 -24 -13 -17 80 51 -91 58 60 36 -70 -65 79 -38 46 37 42 -52 88 16 -34 -41 42 -28 -20 58
-50 43 -78 59 37 41 -100 78 -87 2 -35 -58 -64 50 -35 8 -70 73 46 -18 -69 33 84 -95 -39 87 -84 -46 -24 -32 4 37 51 24 29 57 59 -68 -12 77 18 -8 -80 20 63 -60 -24 77 -48 25 -42 76 -41 -7 -17 93 71 73 -37 -73 69 84 -48 -46 73 -9 -96 41 95 -87 -22 10 76 39 44 -19 26 -24 74 50 -70 -20 -37 55 -43 -92 -11 -38 63 -9 47 -96 -27 46 -58 55 60 -36 70 -72
-80 45 -74 -86 -56 42 -76 52 -93 19 64 -8 -53 -46 51 -20 80 -62 -13 -78 25 -34 -80 23 51 -69 64 94 52 -82 -77 74 20 -52 -56 56 63 37 61 58 75 -90 62 -88 81 43 62 83 -97 -9 -64 53 -12 -84 82 -96 36 56 79 75 75 -44 49 35 -32 -78 -51 -73 80 -74 22 -54 21 15 -56 -73 62 55 42 46 90 75 -23 9 -50 64 -58 -45 58 0 -86 -73 -37 -1 1 5 16 32 -58 99
-82 -71 -53 -61 -47 75 2 37 -81 76 -67 87 31 42 36 80 -24 89 58 -52 51 22 -49 -72 -88 -6 -72 -11 -91 43 69 63 -14 39 -34 5 -42 -50 23 -13 -75 -57 79 15 -65 -95 62 -59 17 94 80 95 34 -57 25 -90 -89 63 21 54 -67 21 -49 -66 13 76 -75 -59 -77 55 23 -29 -37 -12 74 -10 -49 -68 31 30 -40 70 68 67 -89 -96 5 38 -9 31 33 63 62 81 -45 -17 16 9 -54 61
-73 97 -46 -63 -47 -30 83 93 -41 6 -16 -50 15 21 -28 -8 -72 75 -86 23 -93 -26 -98 24 8 -39 86 87 17 27 -36 -58 69 55 71 -12 15 -20 59 -65 1 0 87 -48 -25 -54 -58 -4 -1 50 -2 -65 44 -93 -15 -56 -9 11 -56 1 -7 32 -71 96 -60 -96 -27 -50 -81 97 -38 -30 91 67 -94 29 57 -30 27 98 99 18 -26 66 24 72 52 19 8 69 -40 -42 -87 74 -62 -54 69 91 51 -90
-44 -11 82 39 -4 91 -14 -80 80 -41 -21 71 20 -61 53 -71 39 96 45 -26 9 -79 -10 55 57 -69 3 -30 -48 0 -66 21 69 -8 90 87 59 -91 -67 49 -64 -42 -10 49 18 35 39 -57 21 -55 -81 -26 75 -90 87 -68 1 -65 25 -48 -34 77 40 26 -57 99 0 70 -39 -32 -74 5 95 -96 -50 -45 -94 31 10 -85 -83 -74 78 -96 -14 33 52 -53 -83 3 71 -74 -51 -17 -83 -3 61 70 72 -41
-8 19 57 50 -88 -71 38 -80 46 -5 -46 -13 39 -4 -40 -47 50 -78 -38 15 88 -66 74 -40 -61 -9 -9 63 -86 -41 -84 -29 88 89 83 -28 94 36 73 -79 21 -27 -66 -17 -59 73 -36 17 71 69 -95 18 65 -70 85 -54 -97 17 -67 -79 74 83 -36 -3 11 -17 -75 17 72 82 -39 -89 29 -65 -36 -30 -64 -27 6 28 27 -32 20 70 -70 -93 -29 -64 -10 -62 40 -58 41 34 -43 33 13 75 47 43
82 91 65 -1 82 79 59 58 -22 20 -63 -63 -52 62 -12 -53 -5 -37 93 -40 -42 99 -24 -93 84 -92 -93 73 -83 56 22 88 -34 0 31 -11 -4 18 22 27 -83 48 -24 -33 84 -75 -4 25 40 -68 94 -72 -11 60 -57 -24 -69 -68 66 -49 -26 -75 96 95 -43 -64 -99 -39 -8 -3 69 51 21 10 48 -77 -40 -90 84 -71 80 -78 95 -9 50 -82 24 -45 18 -83 -78 56 -65 53 11 -42 -94 75 -97 -19
5 81 23 -68 27 -45 -84 -73 83 26 -54 -96 11 -83 -97 51 64 -17 61 -52 4 -47 -8 -61 66 46 49 -47 -21 -48 -44 14 17 46 -60 -88 34 61 -69 80 -9 -12 -47 49 -68 61 23 -3 -30 -27 16 -33 14 -24 -73 92 -69 -21 9 -79 -91 -62 28 -61 62 -89 88 -97 -52 -8 74 -58 1 -58 96 -12 18 8 -81 -30 89 -22 19 90 80 53 -25 -74 -45 -95 22 32 -8 -9 24 29 62 67 -57 88
-25 -96 -87 -63 -4 31 -73 -41 93 -75 -13 95 -73 40 81 -77 -79 40 54 -19 -62 71 43 20 -84 -65 78 -17 78 61 -64 -90 -88 -95 -51 -32 -30 64 82 95 -96 -40 -2 -95 45 -15 -62 -9 68 87 -22 -6 94 57 -35 -50 83 46 -4 -29 23 46 65 22 59 -4 -48 -37 57 -39 73 -60 78 62 -10 91 -64 50 22 17 45 57 -96 97 44 -83 -59 -84 79 -36 12 -29 53 -66 -25 -36 32 -21 -35 -62
28 99 20 9 -33 -33 67 -1 47 74 -19 28 27 6 58 64 -61 -95 -83 -50 0 -16 -20 40 94 -56 95 42 -43 80 58 56 25 91 80 89 -90 -39 -96 46 22 -3 69 43 -75 -1 -74 70 -16 38 76 -27 81 -67 -2 35 60 -95 22 -35 30 -13 61 -50 -35 56 63 -60 40 86 -95 14 79 72 -3 52 4 11 -26 -71 35 82 41 53 -63 34 -72 -14 96 -87 -42 -12 -87 -72 26 -48 -93 -14 -23 -6
52 -11 13 -92 -82 27 64 -91 19 96 14 8 -67 -98 65 24 74 5 18 48 4 61 4 92 -48 -29 94 52 92 93 22 29 31 -79 -59 -30 -95 84 -43 92 -14 98 62 -43 38 59 69 -74 -52 48 78 39 -24 -81 68 79 -6 75 -95 -6 1 69 -83 98 80 1 91 82 -31 97 74 45 -64 -55 -68 -41 -24 -33 59 -80 -3 -20 86 64 92 12 62 10 -89 -21 59 -11 -21 -48 -66 48 26 -9 2 -49
-66 -80 -63 93 57 -79 66 30 -28 59 -34 -21 62 42 -62 -58 11 26 -10 14 -64 -81 54 -7 -97 -76 0 -75 -5 -53 -33 37 -12 -99 -74 -80 21 14 -14 12 -46 -11 -9 -25 -94 94 -53 48 -57 35 35 -100 12 1 -3 -11 -17 62 -62 98 -73 85 30 67 -65 96 29 26 10 -3 -6 -31 -6 -21 -75 9 -10 -6 20 83 -45 66 67 -13 3 44 -22 -73 -5 -6 90 -39 -76 61 92 50 -12 32 -28 -45
-4 54 36 79 70 88 -21 -42 -48 66 88 -8 -51 -76 53 -93 -86 43 -31 -1 75 76 -6 44 -10 61 26 60 57 86 67 -77 86 -82 -3 68 -99 -85 -56 -7 -6 37 81 -48 -63 31 -5 53 -28 86 55 -19 -89 -80 29 64 -38 15 -77 35 -29 69 70 74 0 71 25 3 -89 -22 -92 32 70 -33 -26 87 -21 -100 -37 30 -15 87 16 -80 -41 -35 58 -35 -86 11 -18 -37 -77 -26 -8 -32 20 -44 56 8
17 -86 -75 5 -64 48 -25 22 42 -50 10 -32 -5 82 71 -29 -40 39 34 4 68 -23 19 -56 -59 92 -60 -20 45 42 -84 79 -74 58 76 97 19 -14 -7 48 -100 77 8 -12 -42 -62 -58 -38 -96 -78 -67 -11 -1 -29 -54 46 -15 53 90 52 -73 71 -6 78 43 81 -14 -55 69 -38 -6 11 -19 48 10 6 -6 -39 -90 -69 -68 11 4 62 -39 -90 14 33 -94 83 52 -1 8 -49 97 -28 -35 -14 14 30
26 80 88 16 71 -73 -51 -3 12 -86 -38 -25 0 15 68 90 -68 -83 32 -39 21 40 94 -59 -41 -98 52 14 -20 -23 2 -24 37 63 -55 44 9 0 51 -49 -97 21 -36 25 -57 -84 -29 23 6 -50 -23 -79 -90 67 6 -45 81 77 94 -87 -89 88 14 79 -72 84 -41 -97 82 -37 25 27 26 -12 -37 -74 27 30 -76 83 -91 -64 -58 -56 -60 -83 -37 53 -72 -29 42 32 72 -84 49 23 -95 91 -58 -71
-59 -12 -81 -6 -95 -65 -5 19 18 72 14 55 79 -92 -89 -89 -50 -74 33 87 87 -15 91 -1 -90 63 94 -75 -14 -1 47 51 -22 -26 45 -44 -38 70 12 80 90 -76 -42 31 55 77 33 44 -86 -8 44 -50 7 -79 -37 -99 -97 -45 16 -11 97 27 -45 -76 57 62 -87 -35 43 -56 52 35 -68 -43 -40 96 -96 99 56 30 -72 -96 -85 0 -52 -56 -70 25 -17 -55 -54 65 26 -55 89 59 36 66 63 -29
-69 -36 -63 80 -7 94 -42 67 -47 -2 -33 72 -83 -53 -72 -51 -89 74 -99 71 -95 30 -43 -50 -51 -47 -1 0 32 88 15 60 -70 40 -89 -62 60 89 -97 19 -87 -61 -14 10 73 -43 -7 44 -55 14 -94 3 79 30 76 71 -81 90 94 2 69 16 98 -48 37 -22 -67 -25 82 92 -21 -95 -87 98 72 11 62 -2 -46 26 33 36 48 -87 -54 -13 64 -31 45 -36 -39 77 6 -78 -6 -49 -5 -74 -18 -77
28 -84 71 88 54 -67 55 32 64 -73 -77 27 -86 -73 -94 98 -27 -97 19 -83 2 -97 60 34 -66 -38 -61 -63 -9 49 -3 53 -81 21 -25 86 7 -89 -60 -60 -88 -2 -74 90 44 -47 58 -93 77 75 93 30 -91 -86 68 -59 29 30 12 94 68 81 23 -27 64 -1 3 90 74 -9 -81 -30 -82 33 -4 -54 98 81 94 96 91 -70 75 89 49 55 -34 67 23 -100 38 -83 58 38 60 -9 90 90 -63 80
-24 -85 8 -45 -17 -40 -23 -89 -48 8 -100 46 -32 -10 83 -53 69 -20 -28 -29 19 39 -12 46 66 22 26 48 -64 34 -19 49 -18 -80 80 -84 -37 -49 -36 -2 -37 -49 -81 92 60 35 16 34 -51 -75 15 24 61 87 20 12 21 -35 87 -52 5 84 -31 -30 -92 -6 -92 89 70 46 -63 8 35 -92 43 30 -15 24 -7 -29 -12 10 -14 -33 48 -39 -4 27 95 -46 63 -43 -50 -55 51 -86 99 0 -42 -44
51 68 92 -99 -37 5 -69 68 -48 2 -51 76 7 -27 -5 21 95 -96 -9 6 -51 -24 -33 59 -50 41 -100 -46 87 -7 46 99 -58 75 -50 -3 55 -1 94 -40 -84 16 -92 72 -98 14 5 5 -19 96 68 -85 -30 -11 21 -46 85 8 -6 -83 97 93 -32 -17 -35 32 -29 -54 61 86 -27 4 -39 -28 3 17 78 69 75 -92 90 58 -74 -65 43 -26 5 43 -28 -17 7 -96 33 69 -9 -39 20 -61 51 -51
26 -50 16 86 -28 75 9 -29 90 0 -64 -3 -96 -100 97 41 14 -22 70 15 -12 -99 68 71 -44 -53 70 77 6 9 83 87 -2 59 20 -100 -73 19 -79 -72 80 98 -37 74 -10 43 39 -32 -80 -2 62 -74 -69 -10 14 -81 70 -80 -15 -4 81 -2 83 54 25 -13 28 64 42 78 29 54 -56 12 45 79 58 -83 -30 0 -92 -19 21 25 -14 -22 48 43 54 -21 36 89 67 83 -11 -79 -84 4 85 13
-70 -17 -7 -44 -97 -46 -63 -71 -82 -71 39 68 9 -23 22 -71 98 52 91 -65 -100 -97 3 -73 -6 -32 -25 -86 11 60 -12 37 -21 -65 -66 -31 94 -55 -12 93 82 -45 -31 93 38 -20 14 -46 -25 93 89 -79 80 63 32 -71 16 20 -94 -100 -56 -82 -57 -41 32 67 89 10 -53 -7 91 54 -5 -92 73 24 9 57 -3 95 -99 -44 -80 -40 -83 95 44 60 -63 -80 93 -26 61 19 -14 -22 84 91 78 -9
98 -54 11 -15 -67 97 -9 74 -71 -53 -77 -78 -59 -50 -46 15 -23 -52 64 -96 -90 -18 45 -56 36 -28 -44 -51 74 -52 -29 43 -41 3 -78 14 88 64 9 43 -85 46 8 -47 65 -28 -28 91 -77 -47 -21 -54 -11 -88 -77 80 34 94 39 63 26 -7 -48 -21 -17 20 -72 -49 25 55 -39 23 60 71 52 19 55 -80 -100 -15 57 79 38 90 -12 62 7 94 -99 -67 -44 68 -35 81 42 -70 53 -57 40 20
-85 -60 -29 27 -55 -30 88 -77 -90 -1 73 -28 -42 -54 -64 15 -93 93 -4 71 -27 -28 -43 -44 90 -85 -77 -94 80 72 -34 4 -56 -1 -57 27 20 5 -32 -45 -46 -47 13 -46 -49 12 -79 94 98 -38 48 -85 76 92 -25 -82 55 1 42 46 61 13 -86 -33 56 -76 22 52 -36 -27 30 -15 9 -41 -58 32 -72 -75 61 99 -29 75 50 -34 -19 -57 24 85 44 40 17 52 -74 -6 90 -1 -76 74 -46 0
82 13 -2 -71 5 28 11 -59 44 2 10 90 -4 7 27 90 76 -77 70 67 -91 48 -5 58 35 -35 30 -57 16 95 -34 2 -58 -24 15 -96 -90 -53 -86 74 62 -68 -31 -46 68 67 -90 38 92 -9 -8 -43 -33 56 -98 5 -99 -85 -81 40 -44 -44 -64 -89 31 -86 -5 -36 -32 -85 98 67 72 42 -4 16 -70 -74 19 9 -4 9 22 26 56 79 82 -92 -95 -73 -72 -95 22 -35 -90 -36 -38 -89 2 -68
35 -91 60 -88 -74 -80 -93 -74 -15 -70 -80 40 94 50 -91 39 -51 31 -37 3 62 90 -91 -5 84 -16 -22 -65 62 45 7 -72 -46 8 -100 -5 -2 51 42 89 -8 42 -45 -42 24 -9 74 -27 -11 5 63 47 -11 55 95 1 76 44 86 -40 23 -46 -84 -43 20 -55 -27 -74 98 -86 16 40 93 -19 -96 -90 -86 93 -63 46 -25 86 34 53 -88 50 67 -63 -37 -64 47 63 -66 49 -49 3 57 7 -74 -56
72 -6 -14 41 -75 -53 -86 -18 85 29 18 52 -5 7 -35 71 87 -28 -79 4 -36 0 -80 -51 26 -57 -39 16 20 -31 91 5 -97 -64 -46 54 86 -10 -39 79 -94 -15 75 44 74 -32 38 -49 -23 -61 77 -82 -91 -41 -48 -94 -83 90 -25 -99 1 -17 -77 -58 83 -65 4 -82 81 10 84 45 -73 30 -86 -16 4 -43 -69 -60 57 73 -84 -61 -75 -31 -23 -13 -46 -72 34 35 -43 -34 28 -80 -28 91 99 -86
-24 36 59 99 50 53 76 20 1 81 -89 37 -50 43 30 95 -31 33 37 -31 84 -19 59 86 -7 -79 4 -39 -80 7 66 13 67 42 45 87 7 -82 -18 30 2 -31 -68 -50 -33 30 -72 -44 -71 -28 17 11 80 3 98 -64 96 -5 -16 45 -31 -28 13 29 -75 -75 -2 -58 1 -20 93 -3 -96 -86 85 -11 42 21 -61 60 -23 -58 -19 26 29 12 -7 75 64 -6 67 -57 66 67 -61 49 5 11 -64 -82
51 25 67 -53 -50 53 -72 -49 -13 3 -37 69 5 -27 8 13 -45 -17 -34 -59 49 76 81 24 80 44 28 -46 -93 -70 89 94 54 12 -44 -88 11 -69 19 -27 -11 -79 34 -94 76 -86 -63 -4 65 93 85 65 -73 99 91 13 -76 -36 50 98 -77 -32 -53 52 -6 -59 70 -64 8 -88 93 -74 -72 68 59 85 -12 -44 22 29 -81 -82 -18 29 -7 45 -87 54 -2 -79 98 -2 -85 32 -63 -24 21 -58 -13 84
-53 50 92 -9 86 -1 97 -64 -10 37 63 -52 63 59 -69 -73 -91 -33 -33 91 -84 65 -60 -66 40 7 95 -76 73 76 -63 -10 -3 -1 -60 -72 -81 -54 -62 -6 11 14 78 4 -9 -99 -31 4 73 36 80 -56 -54 30 -13 77 32 93 29 48 -12 60 65 -83 -2 18 37 -71 -85 -51 -59 -86 63 71 68 -50 65 53 -26 -36 -22 -98 -28 -43 -56 -56 69 -8 53 66 46 -53 25 1 30 86 -14 -67 50 -51
25 96 72 96 51 62 -67 -42 -65 -82 -32 -35 -11 27 4 74 74 -90 -21 -11 18 36 -65 75 88 36 -85 25 -47 80 76 37 12 -11 24 -34 53 -41 76 74 -30 -37 -16 15 -5 74 74 -66 -58 18 16 -97 74 16 54 -26 6 61 20 -83 6 29 60 97 -29 -65 48 45 -59 -48 -65 27 53 18 97 1 29 83 58 2 45 -56 75 63 90 54 -42 89 -56 -21 51 -72 -10 -5 -63 -20 9 12 40 -32
23 70 -67 -8 86 94 15 34 -89 -12 -35 5 73 17 1 81 88 96 5 7 -10 90 -48 -54 -13 -83 33 80 -18 84 78 12 91 86 21 3 95 8 98 -27 -1 14 33 75 -37 -91 -7 79 75 96 18 59 -82 -58 -6 -27 75 36 -2 0 -5 12 28 -27 -22 -16 -20 68 -84 -2 -38 -30 95 -54 23 89 3 -29 -10 -62 -95 -30 70 -61 -4 80 -56 -31 97 -65 57 21 53 -31 30 3 37 -35 76 10
73 -57 17 -100 5 11 -70 93 -78 64 71 51 -53 -48 92 47 -44 -88 89 31 -2 78 53 -32 -20 1 -85 -43 67 91 -1 51 50 83 76 -59 76 -57 -69 50 -27 86 -66 -44 -18 -4 -71 -43 89 49 92 91 -35 12 -42 -33 32 14 52 -89 -32 -42 80 40 57 -1 91 30 38 -54 -77 39 -20 -9 -92 80 -75 96 -40 45 50 97 11 -71 38 29 -55 -32 -89 76 -27 76 47 85 88 -63 56 64 -50 -33
-8 -34 -9 -11 -44 -100 12 0 3 32 -75 60 66 -21 -38 -85 -23 -53 -14 6 -70 -19 21 99 -98 -68 88 -5 -27 19 62 -66 -16 48 -83 79 -16 -16 -74 -97 62 -83 -100 65 73 -44 15 41 90 -9 46 42 36 -15 -40 16 21 -12 -15 52 -26 60 -4 34 -3 55 37 87 74 11 -93 99 48 -30 25 -82 -10 75 -10 -12 -80 57 -22 -93 13 67 -45 0 97 45 27 30 94 97 -56 -10 -38 -85 -12 77
11 -81 -30 38 -4 -21 68 68 -47 -44 -90 99 99 -55 -1 -63 4 -81 46 97 -7 32 -85 -83 21 18 30 34 -58 -1 64 -97 82 -5 31 -79 -29 27 76 57 -98 83 -88 -20 86 -12 -56 16 -33 -32 -80 47 23 33 -11 -98 -80 83 -87 -20 -93 -21 53 -99 41 -90 -35 -89 19 76 41 4 -40 49 -20 -41 -63 -52 -13 -16 87 6 -36 -21 95 43 68 -84 -100 3 -42 9 13 -90 64 -53 10 -71 -10 -100
-97 -97 -31 56 -62 44 42 75 -4 97 53 66 50 -59 -68 -39 84 -9 84 -97 97 35 -40 40 -23 67 96 26 78 73 38 -93 -24 -74 40 38 0 -52 72 2 2 -71 34 69 5 29 92 38 -64 -51 -13 -27 -100 -38 -15 -84 -7 82 -36 -64 88 48 31 -96 54 93 31 65 -33 -37 26 -61 -80 46 -43 -63 82 38 66 -80 -45 26 35 6 14 85 19 11 -30 -74 8 78 -8 -58 2 -35 56 -27 69 88
-1 -99 83 14 -42 -92 27 -57 -14 -86 -62 -34 -99 -31 1 -78 63 44 -90 87 93 46 -78 -18 -91 -19 89 79 99 -60 48 44 1 -35 -39 -94 -51 54 -65 -88 -58 93 -10 -88 11 -77 -51 -87 44 7 13 66 -68 26 -28 56 44 -90 -41 72 -45 -30 48 -79 -80 -98 12 5 -46 -96 -44 -6 42 58 -83 49 -11 -21 -19 -68 -33 83 70 63 -5 -46 -10 26 56 97 -26 -26 48 36 -88 -29 -20 -97 -8 -8
-59 -77 -90 -100 -46 39 -70 64 -2 46 -70 46 -41 -69 -21 -81 -12 -81 81 78 27 84 45 -100 97 98 -69 20 49 5 -56 0 69 95 -81 85 9 -66 13 90 -41 44 -99 54 12 -4 17 11 -56 87 98 70 -21 -94 -78 -20 -98 39 -51 61 38 -31 63 63 -75 71 -60 -78 28 29 61 98 -28 -72 39 -38 -25 -93 79 69 8 46 -41 25 34 -61 71 48 -22 -33 -73 -7 -45 24 -11 97 -6 -61 -82 -87
-38 -91 -24 -92 65 -75 -81 -33 24 61 5 23 74 -72 48 -77 -17 -26 -51 74 41 -19 -63 -49 14 -61 58 52 79 -19 21 11 91 -92 -11 -72 29 -90 44 40 -14 0 -40 87 81 97 33 99 -51 -56 -58 52 82 96 65 64 -8 19 62 99 53 -81 19 -9 -80 29 11 38 78 77 -30 75 -51 -89 -69 -52 -89 57 -9 43 -39 11 -75 -14 -7 94 -78 76 -50 -3 60 30 19 -28 -48 -51 -15 -43 27 45
26 -53 -36 79 -88 -25 -79 -92 16 66 49 51 -55 38 39 94 -12 87 -71 31 -72 38 40 33 91 76 -16 42 -77 -59 -87 70 23 -1 27 28 16 -85 98 32 -64 -89 93 -27 -9 -84 -73 46 -37 76 91 -12 58 -16 99 65 85 6 -90 -60 62 -92 -3 44 -67 -32 -42 10 6 24 -100 48 4 87 63 91 -58 32 -16 -25 99 -59 26 4 -26 9 -60 -44 83 -62 27 2 -45 -1 -12 68 -52 95 34 -14
-79 -63 53 8 -87 28 -27 -49 1 -59 8 40 59 43 -34 88 -7 -69 -91 57 -30 -50 -59 12 -15 0 10 23 -29 55 13 45 -59 -67 -11 69 -25 -90 -78 16 13 95 -57 -9 74 -66 57 -93 39 -34 -83 1 -65 -45 -77 -6 37 86 34 -32 47 -98 -56 97 -31 -40 -37 53 -7 67 65 -21 29 -65 54 28 28 63 53 -50 -49 -80 -51 4 -17 -100 53 6 -37 -52 -93 71 -28 88 79 52 73 -74 36 82
36 -75 38 10 -98 -87 70 57 63 -13 -61 -45 -87 -51 98 -55 -7 71 86 -40 -25 99 -22 -12 -19 -39 59 67 95 -23 -68 33 55 28 14 -48 22 95 -56 76 -44 -11 35 -48 -10 6 -58 38 6 74 -82 22 -20 81 -23 2 -15 -31 -99 -72 -76 -29 37 95 -13 -5 82 40 99 -87 61 -57 56 -60 -97 89 -20 19 -61 -26 -67 -51 56 57 70 68 16 32 -95 -44 32 -3 76 59 5 -9 -97 -58 -43 -25
-88 -27 -16 -83 -80 -99 -11 -58 19 -17 -37 -56 -5 -62 -61 50 32 -27 62 34 90 91 61 99 28 -74 -63 73 82 70 -34 -88 67 -21 -44 -94 -75 -19 -53 53 10 76 63 -3 -36 11 -18 -65 14 -43 29 -58 89 26 31 -4 -19 -40 42 9 19 63 38 57 -19 87 81 -70 -30 -87 55 68 28 26 -98 29 55 -29 77 -83 -65 -31 -79 -35 -12 68 85 -38 56 -22 91 -40 60 -36 -87 -21 -67 13 76 -77
55 -52 67 -68 9 26 -84 28 29 36 -1 76 -26 93 1 -98 86 -86 -58 -42 46 55 41 74 -8 -40 36 -23 85 -75 -61 -34 16 -85 90 37 25 74 -25 2 -85 -7 -22 11 94 -81 15 50 92 92 -25 -95 36 -61 -88 9 -29 47 -87 -83 10 -59 -67 97 89 -5 -10 66 16 -81 99 -70 -56 85 -57 14 89 -2 57 -92 24 26 76 53 -48 -89 -7 -71 -97 -33 -83 -66 4 -42 -19 -58 70 -50 40 17
92 96 54 56 79 89 93 79 19 13 93 -76 75 72 -89 -71 3 -58 -77 36 -97 -10 -28 -23 81 -16 -72 69 -21 -76 14 69 47 -2 27 26 13 -77 41 -14 -15 4 46 -13 -67 -81 -18 85 -38 -21 44 75 78 29 39 17 87 -10 28 -82 -51 32 33 32 -55 -76 73 -76 77 -80 24 -92 22 -18 -49 -42 3 3 -97 -30 -28 20 11 -33 -79 -13 33 78 89 81 85 88 59 -100 34 -94 38 -39 -78 33
37 -88 -64 -18 70 -51 8 -74 -37 38 47 26 -16 12 -17 64 -35 59 -30 -54 -88 2 -45 74 64 -18 -98 46 5 90 -26 40 15 -11 -86 -42 57 -55 -45 -27 89 65 54 37 2 30 -5 87 -6 -42 -92 -74 80 -53 -17 80 -12 21 70 86 -100 40 -14 -84 73 46 -27 7 73 52 3 -97 -94 -71 47 -76 -91 96 -47 56 -29 -83 6 -18 -58 -77 52 8 72 14 68 -65 52 -56 76 68 8 -50 -90 -95
28 -25 40 -37 -60 73 -99 90 -41 55 -56 -68 -9 -100 -35 -70 51 -23 42 -38 60 89 52 57 -29 -29 -73 27 -57 35 -38 -77 41 -9 -27 35 34 62 -36 -72 -99 -63 -87 91 -55 41 22 9 -53 18 -31 2 -7 -39 12 -82 91 -3 -19 -94 -93 -29 2 88 95 -2 99 -65 -68 -2 71 -58 -92 -88 -48 45 60 39 -28 29 -78 96 90 39 38 95 -15 -52 87 26 -6 11 18 -53 12 47 81 45 -11 -19
-6 -24 42 -79 -32 34 45 -51 85 -34 -23 -81 69 34 10 -76 -57 64 64 -39 -20 -21 -66 -84 91 61 93 65 86 50 98 -41 -3 2 30 -36 -59 -20 60 -83 -46 -87 -99 6 55 -48 -85 12 1 -70 30 96 -52 35 93 -56 86 -67 -8 63 -2 -77 76 16 -44 40 7 14 -42 82 23 -33 67 41 -95 46 -42 37 -31 19 92 -95 -89 59 -30 -83 65 -33 -71 49 31 -53 16 80 -17 -35 -10 63 1 -62
-79 -85 -75 71 -31 8 59 -50 38 94 18 -41 -22 -51 82 66 -99 54 79 46 93 90 -65 -10 29 -3 -44 -4 98 -88 52 61 -14 88 86 -24 6 47 77 -47 66 -13 31 59 96 -83 -84 -62 -85 -3 -47 -44 74 -99 -30 -38 -96 15 6 5 -5 -62 50 3 -24 -53 -34 -15 60 -66 -27 -40 40 55 35 79 57 73 -29 -32 24 84 -80 -86 -91 7 57 54 34 -34 -9 80 -7 -36 20 -5 -35 -28 36 59
-4 -79 44 -88 -19 -29 63 91 -32 -32 81 82 82 -81 -38 4 28 -10 39 20 25 -43 83 -11 -78 26 -51 -31 67 98 31 98 46 58 55 -77 75 60 33 17 -44 -66 59 -11 -96 -11 -33 14 63 -52 -6 -60 -33 -23 90 -14 -90 74 96 65 -32 51 12 -79 77 -94 94 37 -90 27 2 68 36 81 6 79 -91 -94 54 83 86 88 -64 -92 17 15 88 83 -91 31 -95 -60 82 74 14 10 97 -3 -57 62
-13 -31 65 -12 -41 49 16 3 -90 -60 -16 15 99 53 41 -88 -36 -81 -81 37 36 -26 92 6 -87 -4 15 -89 94 -71 14 -57 57 84 -40 -21 -63 -8 21 -91 -90 12 17 -52 -95 -64 -69 -39 7 65 -56 -90 9 -50 -73 -12 21 80 -37 -98 -76 -69 49 -79 16 -31 -87 11 -2 -61 77 -53 28 -23 -86 46 54 -72 -78 75 39 -63 49 -87 -81 -20 91 -84 -16 -89 -71 -4 57 43 -17 8 -69 -50 87 45
80 -60 21 -3 -35 16 49 -22 -81 81 -75 70 -76 -85 -16 33 18 -58 17 11 -18 51 -33 -9 -21 5 -43 -78 8 81 44 -64 -22 -53 33 -30 -64 -2 81 72 7 -11 1 -60 83 11 86 18 -19 -1 -62 -50 65 -53 6 47 -85 -53 -51 62 35 -35 -49 49 83 -43 -46 72 -16 86 62 76 95 1 -26 60 -30 31 -47 -16 -43 48 -42 -43 -75 -4 -11 63 68 -56 -9 97 93 -82 -9 -24 -57 -49 -59 21
-54 38 81 -40 -76 -66 66 83 26 50 96 23 21 41 -46 -84 -22 -31 -46 57 66 -22 -17 -48 -15 -46 -45 4 6 -69 -50 -48 -52 15 1 -26 -84 -19 4 -65 17 31 53 -85 -61 15 77 33 44 92 -95 22 90 65 40 -79 56 5 -53 41 -34 -34 13 -62 -36 -85 50 56 -59 -26 -5 -45 98 91 60 46 -78 -66 -76 18 -69 -70 -56 78 -73 56 52 -19 72 90 65 10 96 79 71 58 3 -68 -16 16
-95 -80 -28 8 49 99 -89 -66 -60 44 -1 39 41 19 -90 2 67 4 -44 -35 -91 91 95 -68 -14 71 49 52 85 -97 19 91 4 -7 -71 -68 -49 -10 -5 18 40 10 -39 -66 -13 -98 -38 -78 -18 85 -70 61 -69 26 81 51 14 -85 55 -2 -71 13 -92 -30 88 55 -17 -29 46 31 6 8 -36 10 -48 -91 -10 50 -75 27 -21 -39 -9 51 -48 -50 -49 -68 -59 22 -25 8 -30 10 -1 -95 -64 -24 -97 13
30 -45 -30 90 -81 -54 64 20 24 -8 31 -38 -4 -33 74 15 92 44 12 31 -27 27 -53 66 53 -57 -55 69 61 -15 -98 -92 20 -38 -41 41 54 98 -15 -78 -8 -90 9 -18 78 -3 -56 -23 69 50 -16 -69 -78 -15 -33 -67 14 -46 -84 25 4 90 -38 48 31 -51 -33 -28 -19 45 -13 -54 -45 83 -4 -37 13 -55 -65 59 19 47 85 81 95 9 83 -34 -79 -90 -23 -80 48 -14 -49 68 -65 -95 44 -86
97 93 -69 -43 56 36 67 87 -14 -37 -54 -76 91 64 18 -88 -61 70 -10 -68 -55 50 -27 66 29 -58 -69 -36 75 78 -41 31 -13 84 83 -8 -89 0 51 -92 34 -50 39 -92 -13 -92 62 82 -29 -20 -82 87 4 -79 70 46 84 39 39 62 -91 -92 -87 -89 89 -74 45 49 97 -22 -43 22 34 -34 -87 86 -43 -96 -18 -66 -75 82 -20 43 55 -69 -20 37 18 22 -16 91 -45 79 -25 41 82 15 -47 88
25 -65 -70 -55 -26 60 20 -45 24 26 -54 73 96 43 -50 -92 -82 -41 -62 -54 20 -29 39 22 7 -21 -42 19 0 75 -94 65 -30 -21 37 -65 -78 -65 -16 76 -63 -76 28 97 87 -33 -84 -18 -75 -22 59 -75 19 86 17 -11 -72 32 23 -64 -8 -74 71 90 -82 -53 -77 -12 -43 -6 56 26 41 -20 -56 -52 -55 49 77 8 80 -100 -57 -19 -57 76 31 45 43 -5 29 65 -57 7 42 50 82 -46 25 -68
-75 -76 56 96 -18 -59 -37 34 -90 -53 23 67 22 -37 93 -2 -6 60 -42 -15 92 -86 -53 -39 -28 88 -99 -12 13 3 57 48 -48 73 43 -77 82 -83 -19 -78 -99 37 -98 42 -87 27 -33 25 40 48 15 -25 -66 -27 -10 58 -50 86 -14 -80 -3 -49 34 58 -53 19 10 -92 -88 19 -49 35 -28 -2 -44 -18 20 1 -46 66 29 -18 -51 14 28 -30 47 38 -67 -61 96 -57 -30 -49 91 -86 43 43 63 -21
14 59 8 -46 39 -16 37 14 -87 -59 -83 57 36 26 -69 9 53 -9 -43 42 -56 6 36 -54 -77 -54 -84 66 -13 -65 30 49 50 62 -71 -89 30 99 75 -36 -41 88 65 77 -98 -89 28 -40 -36 41 -81 -59 23 81 -91 68 -9 -36 -12 71 -5 70 39 -82 92 11 -28 57 -57 76 -86 72 -9 61 90 60 67 -2 6 20 -75 -28 32 -88 72 -23 77 -53 -43 -88 2 1 78 -13 -28 -31 -86 95 -60 -16
83 -74 2 -15 62 -60 44 -78 77 30 21 -20 -46 67 -64 -45 43 -10 -92 -64 25 -4 53 77 94 -79 -50 96 -57 74 6 39 -99 97 -60 62 -66 60 -18 -89 -22 -36 -3 -44 33 -29 -7 89 -14 -9 55 76 1 -83 -77 -66 -50 -96 20 -18 56 -17 20 10 84 -51 -92 -40 64 54 -67 -52 25 -16 7 42 81 -6 -48 -22 4 11 67 59 -84 -84 20 -38 -55 78 -43 48 -89 35 -58 -38 -64 58 51 87
12 36 -3 -69 -18 43 84 -33 32 -21 -94 -42 -4 -91 -58 68 -67 -17 -82 16 -44 86 -43 -23 20 79 -72 22 -43 -57 98 -77 82 35 56 77 43 71 -53 93 -69 42 -66 -48 51 -89 31 41 -93 9 32 45 -7 3 99 -7 -66 78 78 -60 -62 67 -3 -14 27 97 -40 39 14 -94 66 -7 54 74 -58 -73 -10 -21 91 -61 42 40 -79 75 -13 10 26 91 70 -80 54 7 -54 82 -68 71 -27 13 -24 47
23 -96 27 -95 -30 -33 94 -64 23 59 89 -95 23 -89 79 -7 57 25 -81 -72 31 -38 83 70 -90 65 -41 23 -5 -67 89 59 -43 -35 65 22 -89 -30 -50 -91 87 30 -99 87 54 88 -62 48 97 -35 -70 35 56 -39 -58 11 -17 -74 59 43 36 31 -21 20 46 -9 6 -11 -79 41 -41 61 -10 43 79 59 28 25 97 43 68 -90 46 45 61 -71 98 -7 -72 74 -57 -59 79 -100 96 -69 -62 -69 -79 -60
-31 -32 21 -18 19 -57 80 -33 -93 16 31 -17 -42 1 -68 8 46 -11 -66 30 -49 21 48 52 57 94 55 -62 59 -56 -33 87 -33 -59 3 18 41 -41 -75 1 -2 47 -42 30 -46 -55 -90 -78 -18 -13 -1 -98 -22 48 -19 26 86 -6 -65 92 38 -90 -48 -44 74 -93 -87 89 -31 -96 56 22 47 3 -56 95 -65 -68 58 -81 -11 -40 84 61 58 -70 -93 22 -19 25 81 -68 -97 -81 9 65 -20 -2 11 20
83 -93 -8 -76 96 29 88 -48 74 -17 -82 40 -56 -43 -94 -51 -25 26 -36 -85 -37 66 -19 -46 -48 50 38 10 90 -87 64 -43 78 -59 -61 42 18 83 -20 -76 54 -66 -75 -23 34 91 46 29 33 37 38 98 -9 26 1 82 -16 -56 -5 67 -27 -26 -1 11 -62 49 -19 -45 -44 -17 -71 36 -93 69 -62 8 12 58 -19 -5 -12 20 83 -85 -96 -1 -65 37 17 -30 54 81 -70 -65 -81 -73 18 -24 94 53
-56 39 32 31 10 -20 -75 14 32 95 4 82 32 98 9 -7 84 -90 87 72 29 85 -37 14 -94 -27 -64 5 -15 67 -29 -68 90 14 91 -4 91 -82 -17 -2 44 53 55 8 -34 -74 68 52 -30 -39 -81 92 -90 34 -77 -61 26 26 17 65 45 -63 14 41 -89 -2 80 83 45 57 -45 -33 -98 -39 62 19 -75 88 -33 50 -78 99 50 -78 -57 -30 33 47 39 -31 99 -64 -32 -63 -97 72 64 -13 58 -58
-14 79 -40 71 -46 -85 -64 2 -46 -72 -89 -5 -70 -69 -62 -33 76 -42 21 -85 60 47 50 89 -68 60 -7 -42 83 -32 86 74 73 -60 -16 58 -8 -100 -80 -32 90 -95 -69 -41 -78 -23 11 56 -84 70 -55 7 -70 -44 -66 2 87 -41 -47 61 -17 32 25 77 61 70 -59 -80 -32 99 -46 64 16 38 -84 -9 -77 89 59 -58 -9 -80 69 87 -97 26 -10 83 78 -52 -67 -34 -84 2 -73 -47 91 60 -62 40
85 0 -84 71 -32 -1 58 -41 -66 7 21 43 52 97 46 91 -94 -21 -84 8 -22 0 -64 44 -12 55 -34 55 -31 60 70 -84 86 66 -80 -72 11 -75 9 -81 40 50 23 55 18 -29 -19 35 5 -94 30 3 46 -77 1 27 -91 58 93 -21 -7 49 -73 31 -86 -96 -16 88 83 47 8 -89 39 54 -25 -46 1 -39 44 -44 78 8 -29 -7 -86 -91 44 12 38 -47 62 -6 37 -97 -42 4 -30 -86 42 6
