17 -47 26 19 0 14 91 -54 -91 -7 82 -27 -68 -93 -82 96 -72 23 97 91 -77 61 -47 -46 25 -59 9 -71 15 41 53 -90 -95 61 0 -87 -31 36 23 71 38 -43 86 -18 -37 12 -66 35 70 27 65 -55 25 61 -22 -59 -24 -58 29 34 57 17 62 77 -20 -70 84 94 -88 52 39 -43 -44 -68 46 -60 32 -74 -64 -51 -69 57 5 -87 24 80 6 25 66 86 47 36 83 -17 -23 7 89 9 -96 -59
-31 -92 58 23 -26 57 -87 27 -82 72 -80 -94 49 -72 44 -16 -96 85 0 23 56 -4 72 -90 -88 12 12 -92 18 2 -58 92 -71 -64 -59 -95 -76 64 85 29 21 -25 -67 -64 59 35 -93 -55 81 87 -27 -25 34 -32 89 -74 11 -87 40 12 30 -91 32 21 -81 -56 -43 -91 49 25 -35 -7 -63 -47 -71 -22 29 64 -42 10 -73 47 89 61 52 61 -93 -95 76 -43 -62 -74 -57 -65 85 86 17 20 54 71
47 -66 15 19 -4 57 -10 93 -15 31 11 -4 -3 -28 77 99 6 -28 -6 -81 -39 -15 3 49 34 -47 -40 9 37 62 90 -54 16 -52 -72 97 -88 61 95 -49 -94 -56 -60 70 15 7 68 -2 -27 55 78 -47 22 -52 -65 -49 -51 51 -92 -13 -77 -64 15 -90 -48 -95 40 36 56 -67 -89 62 -81 -18 72 -32 -20 65 -14 56 -22 90 25 -72 -46 64 -13 -18 -72 70 -17 -57 -53 -30 -52 6 -22 -34 -75 36
-22 -96 16 -58 -25 72 2 13 46 -79 47 -94 -45 54 -42 -39 -56 84 68 54 -69 -99 -13 -34 -33 -64 5 7 -37 -42 -26 -37 -64 48 82 18 21 67 -88 85 61 -68 -91 -32 -30 74 12 -67 59 79 -20 -9 -25 -29 53 98 61 -90 -37 92 48 35 63 -77 30 -34 28 -6 -40 -31 -3 -59 62 86 30 -12 -55 -81 -9 93 35 -2 -40 -100 -42 76 43 -52 -32 -88 12 -62 8 3 -10 -15 -55 -95 8 -38
19 70 -33 -36 46 65 7 11 97 78 33 -23 -95 -49 89 -6 -17 -24 62 -7 -42 -42 -70 -89 -60 35 -30 -45 36 52 -48 30 -65 -59 35 88 62 90 -53 -68 5 -1 -53 82 -89 14 -64 80 -38 33 66 41 -37 -32 87 -28 7 17 14 -34 33 90 6 28 -52 41 45 9 65 21 -60 -73 34 -51 52 20 42 44 23 -36 -70 -28 -44 4 36 82 -6 -51 53 -89 -90 -21 -98 2 91 -31 1 74 42 76
62 -6 -81 23 -63 -23 -6 -56 -71 -91 14 7 18 88 -71 -86 -86 31 95 -95 14 -31 94 43 29 83 54 49 -79 -60 20 98 -46 -13 80 -58 -31 -40 55 -74 9 99 94 -49 88 -25 98 -38 94 68 11 32 -30 91 -25 -71 94 -86 85 14 0 -100 -83 3 17 51 -31 58 70 -20 35 -7 33 -32 60 -20 -7 28 -13 -80 -42 1 35 92 15 58 46 3 11 -71 45 82 79 -43 43 44 78 -49 -7 50
-14 -16 -73 -98 21 60 12 34 -54 98 -61 -77 89 -21 -49 -70 -39 -27 87 2 -10 -60 91 -81 -31 -21 65 -49 16 -12 -29 -43 41 -37 59 -81 -58 -80 -81 83 -40 16 91 -46 6 -12 -67 9 -43 59 63 34 -68 -43 68 -86 -5 -17 -23 -93 40 77 67 47 -85 -57 55 -56 -74 34 55 -40 -89 -31 80 -13 49 -58 -55 -46 14 -76 -16 -86 16 72 85 -14 88 61 68 -42 -67 20 -62 38 -11 -71 -64 -69
51 10 -89 62 60 -80 92 -93 99 66 -58 29 68 12 86 -90 91 -71 -11 -44 -39 77 43 -2 -47 41 -7 -79 -95 43 8 -89 90 30 -9 -50 -59 -25 -41 41 24 13 9 -16 10 17 -88 -10 81 -83 78 -76 42 -55 67 37 -40 6 15 93 79 79 41 21 -90 -18 17 -87 -41 94 -34 25 -87 26 87 27 -61 -58 -10 41 -25 25 69 -22 11 -40 65 4 -34 -87 26 28 14 -81 55 42 -71 -59 21 7
67 -92 77 46 -32 -70 13 -6 -94 -47 -42 10 68 -4 62 83 -34 92 54 75 -31 -61 -40 69 11 -95 -97 -98 -90 -52 -41 18 -31 46 49 -32 31 -3 -66 65 45 63 72 -59 48 65 -63 20 -89 51 61 -63 76 78 84 41 -66 -67 -73 4 98 -73 40 29 -16 -57 19 45 -89 -74 -81 -18 -12 68 95 -90 45 66 -82 42 73 -18 -11 32 9 -14 4 43 -52 92 -35 -83 -57 89 6 -6 62 25 62 32
11 -2 97 -90 -100 37 -78 -65 -93 -7 -32 90 54 -58 -18 -47 74 -83 -11 46 -81 -98 -62 -49 76 -22 -91 94 -13 -25 -64 66 -34 -36 6 -15 3 -26 86 60 49 17 83 -76 -82 -77 -45 47 52 37 -17 -2 -79 50 -89 -76 -42 -6 -28 6 2 34 -55 -41 -16 26 -1 18 20 -25 55 73 -66 -42 22 -56 -10 44 -4 -82 9 71 37 17 30 13 73 -51 19 51 -10 -86 -28 -96 41 -6 -90 -53 41 0
-83 -97 -68 6 96 -21 83 -84 60 45 37 51 1 -61 6 75 -86 -8 40 7 19 -13 97 -70 72 92 77 -33 54 -15 90 -82 23 -49 -77 23 68 -89 63 -4 -44 -4 -3 -39 54 -12 -26 -54 -23 -72 -83 -74 28 30 9 -52 8 1 16 -41 2 -7 -95 -37 -34 44 -65 74 -45 49 -23 -51 -46 -56 -54 86 0 -29 41 -76 83 29 -54 -2 61 -25 63 86 11 -8 -69 34 22 85 -57 86 41 -31 -7 44
-13 78 63 -59 -63 -50 -78 -13 -10 -100 -48 -21 -59 84 81 57 27 38 -28 50 40 83 -68 51 86 -79 -14 -20 3 63 -85 30 60 -59 -95 44 -80 17 -35 45 31 -4 -11 -62 34 56 -38 11 31 -32 89 -30 17 75 -96 -25 75 -79 -85 -4 -100 -56 -42 34 -75 4 43 -96 31 -23 -44 33 -22 57 56 94 -43 32 -82 54 43 27 88 -91 74 -53 22 -25 4 48 -63 24 66 -69 94 53 -47 97 -67 -98
-57 54 -23 95 -22 61 74 74 78 -67 -35 -4 -17 81 -14 -54 58 34 33 71 -92 -84 -40 34 -20 -76 85 18 78 -6 47 95 60 -84 -66 66 -10 64 71 -67 -75 -54 87 68 55 50 -88 70 54 77 55 -43 84 -85 43 -53 52 -41 63 -17 23 -47 65 -98 -27 -39 26 -22 1 1 -82 55 -65 -54 -3 -97 38 -29 48 75 61 -19 -6 93 11 -58 34 66 37 14 -34 30 10 -89 47 57 85 -75 -13 -22
-36 35 68 10 -73 -77 -61 -63 66 2 -62 -5 8 90 52 55 98 22 -46 -53 72 -49 -54 17 30 94 0 46 18 70 -24 60 37 69 57 -66 -13 -97 -20 50 2 16 11 -43 15 -94 19 7 36 -2 -77 36 38 75 -62 -30 -92 -11 -18 4 -93 -22 27 -45 -82 -56 -49 -51 -25 41 -25 -29 88 63 -27 -59 -73 -71 -72 22 72 -65 30 17 88 63 31 34 -98 -10 -76 -45 -10 -99 -47 43 -13 -90 -17 47
13 86 -50 -33 92 -94 -3 -29 59 51 -16 58 38 -1 -58 67 -11 39 56 -78 36 -66 -15 84 85 94 -14 -66 -46 -23 72 86 -54 60 -43 48 49 -75 22 -40 95 -32 80 79 -8 25 71 63 -57 -11 88 88 34 -83 -36 -9 -37 -65 -4 49 -93 -68 45 47 8 90 7 -43 15 49 54 34 33 -3 -29 -17 -51 -32 5 31 -13 5 -100 -1 11 -9 -76 47 91 -95 15 99 9 -21 41 56 19 -87 -5 -2
-4 5 32 70 -94 12 88 -60 82 60 6 -47 -85 -28 -48 8 -87 -91 -45 50 65 -100 -90 -45 -48 -44 59 58 -99 -21 23 95 14 -14 32 66 56 -23 31 -14 -63 36 -82 94 -72 -89 -99 21 -22 -44 -82 6 86 -42 45 60 -17 25 -27 -67 -73 30 77 -12 65 -16 43 -89 -12 -10 -37 40 -60 69 -99 -30 -44 19 -40 -67 -10 16 -17 92 -20 -23 -91 12 14 -27 92 -95 66 -90 -95 -54 -39 24 -64 -54
-21 17 -10 -57 96 -84 -13 -12 -39 51 -70 7 -95 31 45 -46 71 32 25 12 -61 -10 92 -92 37 -23 -100 15 -1 24 93 15 83 59 -100 11 43 1 33 -33 14 5 -72 13 -42 -100 -35 72 -24 29 -88 16 -26 96 4 86 -25 71 37 64 -15 -61 -42 -5 -11 -4 65 -75 -25 -25 -100 20 -31 -65 72 -16 69 -22 -95 98 -29 -58 -74 -82 57 -83 52 75 24 89 27 -80 -40 7 -84 41 -80 17 79 74
54 23 -82 -30 15 75 69 37 -50 -28 -38 -67 -17 -16 -69 -18 -48 48 -8 5 76 63 98 77 -34 -39 -45 -92 -26 76 90 -24 -75 -41 84 85 -78 96 51 29 43 39 -36 -48 -85 97 -93 -45 -92 43 75 -71 -53 28 -68 72 48 32 24 14 -68 -76 8 71 -50 -60 -20 -64 -48 -13 -34 -67 1 20 71 -44 95 -86 -77 41 -38 52 21 99 -85 47 -6 46 -52 -3 34 70 -12 32 32 -16 -79 -28 82 42
-74 55 -63 -76 19 79 -62 99 60 82 -76 -53 93 -24 -78 -65 -78 39 53 -8 27 -93 -43 -73 -43 -72 -79 91 26 -71 94 -31 0 55 39 -11 -58 69 -98 1 75 -32 -26 99 -64 51 97 -16 -78 -100 95 -86 -39 60 68 -94 -50 -23 10 -57 -53 -50 -64 -68 93 33 -45 -16 17 11 38 28 -70 -51 -57 -5 -94 -63 92 78 63 -41 -12 20 -67 -47 9 -8 -52 -52 61 62 -2 -4 -81 47 -72 23 -50 -26
-73 81 43 -26 17 -57 79 5 -15 -25 28 -79 -72 -32 -31 80 -29 -49 31 77 -87 62 87 -3 94 27 45 67 -23 63 -80 -19 -20 -91 -62 -24 -23 -35 -17 93 -87 35 75 62 66 -46 14 92 -52 -76 -8 43 -59 -46 -53 5 -49 57 -47 -11 61 48 -5 -13 -23 -49 -40 27 2 93 -38 -68 92 60 46 3 -84 -97 13 47 93 -36 50 -13 28 -90 -29 41 -97 58 -20 42 -92 -25 -38 58 -9 -43 68 57
-65 -17 -71 34 2 74 36 69 -85 53 -10 63 -47 -43 -6 8 -22 62 18 21 4 -70 70 79 69 -69 -59 42 -94 -34 36 -10 87 -4 51 -55 88 32 -9 -22 63 88 20 -49 -43 30 47 -61 38 -82 80 94 28 3 48 -11 39 -10 -38 41 -35 11 -39 -92 -17 35 -69 98 -25 -68 -61 67 -94 16 96 -35 -40 47 -81 82 62 82 49 -96 47 99 -29 -16 -55 -99 58 96 79 8 28 23 -89 -11 -13 9
-47 86 6 -87 44 -61 29 -13 19 7 -56 -34 73 -30 44 19 -96 32 -64 81 0 -87 3 -25 19 17 -43 -68 25 34 -95 -16 97 -71 -68 39 -63 -28 -49 28 -93 65 -2 78 -19 86 57 -32 89 25 -90 86 -85 49 1 29 -68 89 -69 85 -60 -96 33 84 -33 70 65 -72 -20 -82 -87 -88 9 96 -54 8 -75 -75 -16 53 48 50 18 85 -35 -56 -45 -41 -28 -43 -54 -63 76 -77 -90 54 -100 -90 -78 -22
-25 -46 -30 -96 -35 -61 39 47 44 -2 -22 9 -88 35 21 -34 78 -13 -94 -22 9 -29 70 67 10 80 -52 -43 61 -90 -32 80 96 80 92 32 -69 76 -83 -90 68 -88 -53 -37 -42 66 -64 -52 -20 59 66 -72 27 81 56 22 -48 12 77 44 -44 -10 7 -6 38 44 -56 -13 13 -22 64 -94 62 73 -26 -81 -52 -73 -100 -86 -58 45 67 -49 78 52 74 -41 33 85 73 -64 97 79 74 -18 -85 -68 -42 -74
-89 -13 -83 48 81 32 -35 -44 56 -79 -64 74 -99 -53 9 49 85 -53 -51 -93 37 65 21 92 -19 -55 -27 -76 -90 -88 22 88 -30 -14 10 17 -100 -49 -42 96 -87 14 -90 -40 -3 -98 -89 99 50 22 65 61 50 80 -66 99 -100 18 -26 60 36 86 18 -65 -51 68 29 13 -43 14 -43 -71 -59 -55 -77 99 1 49 6 -20 -89 -19 59 -41 -82 -91 -5 32 70 87 82 -3 -39 -25 94 -22 -77 30 -75 -30
-9 79 -28 19 -15 -3 -3 64 18 -82 66 -75 -13 -2 -32 -62 -91 11 -71 -3 -48 -53 -52 16 44 -67 -95 8 -54 99 27 44 -27 -100 -64 15 -17 76 -72 97 8 -81 6 96 -44 -81 74 -37 57 -75 16 32 -75 -31 -98 -67 -68 13 25 63 73 23 -77 96 78 26 51 60 92 30 -59 3 -42 90 -31 -30 29 99 -94 4 0 -20 -50 -19 -31 46 18 0 -30 -69 -55 -91 23 13 -73 20 -97 -6 -71 -36
56 46 16 39 32 5 -57 58 13 -15 14 -79 8 -18 29 -9 54 71 -59 34 -44 47 -14 64 4 -34 -34 -88 -68 -76 -79 93 67 40 23 59 -18 64 43 -2 -35 -73 11 65 -36 -45 -4 -45 -21 91 35 38 22 57 80 3 -86 55 -42 27 44 -84 -30 18 -9 -12 66 56 55 -28 -62 99 -79 34 -46 -91 -8 58 52 -56 -8 93 0 -89 -21 -10 -37 -100 -74 61 -68 -85 -11 -15 35 -10 -28 59 -80 -61
2 -21 20 0 -15 38 -87 86 36 74 -53 -64 -23 -99 -58 -66 61 -68 -98 -42 42 -98 -63 -41 -62 39 86 40 -37 -79 68 -89 45 -86 -17 -91 -47 78 -93 78 -76 -19 -4 54 5 82 92 27 93 -40 -88 -38 97 -49 35 61 -48 -73 63 -46 -60 9 71 -87 12 44 -53 61 -51 -27 30 59 43 -30 -100 6 57 63 18 72 2 83 94 -85 -87 -52 90 -24 91 -21 15 61 -26 37 34 -47 82 -41 19 -6
-6 48 22 -19 70 35 -48 -47 -6 -17 -67 99 75 97 26 -29 -18 -42 90 77 -91 -66 -9 11 -96 -60 19 31 -8 75 10 -46 55 7 -75 99 31 86 -12 -69 -20 33 3 -1 49 65 -15 27 23 -42 66 -63 -15 -3 76 -46 -66 0 -20 -34 17 10 15 -90 -58 -65 23 92 85 -7 -25 -69 42 24 4 18 -78 -1 82 14 -10 -59 -96 31 97 60 -36 -7 4 70 -85 53 -13 -93 18 -40 49 44 49 -47
29 -18 49 82 -47 -40 87 -13 76 9 78 -74 65 -99 -31 61 -33 91 57 -59 -7 -12 -65 62 57 93 6 63 32 63 -52 7 -94 21 -44 -93 21 35 -25 -92 -36 78 25 -18 -29 54 -40 -47 -19 -61 -94 87 14 -30 -64 50 -3 85 56 78 30 84 93 84 3 51 -90 -100 72 75 36 31 -95 -73 78 -75 -86 -16 -19 88 60 -84 -63 11 -47 -16 -9 -95 56 30 79 -34 -54 -34 16 -46 -26 -51 15 -78
69 26 -66 -99 23 -52 56 60 66 -16 22 62 -7 -95 -35 65 5 95 -96 -25 -78 49 -62 -25 20 53 16 88 23 72 -72 29 -47 90 -96 -38 2 52 49 27 54 97 26 -9 66 -60 -44 55 -15 26 88 85 -86 57 -83 -32 89 30 -3 -31 60 -16 -80 -13 16 63 95 32 -83 5 91 98 84 -84 43 -22 33 -15 47 -60 -18 53 -39 -42 -67 6 14 81 40 -10 -11 -9 86 -75 -3 17 52 25 -86 -46
-51 21 -92 -48 -14 45 7 -75 -79 -71 79 -27 89 -51 42 -83 -17 -78 -81 38 -50 -20 4 49 -93 7 65 56 -79 80 -20 -71 -53 -91 -10 61 76 19 99 11 -22 -70 42 -13 57 -83 -4 -92 48 -32 -43 -84 75 -41 25 22 -72 38 32 -30 36 39 -9 -31 5 -58 25 -95 34 56 -64 32 87 47 -34 -54 -65 40 49 46 -78 80 83 -95 23 -90 -19 -85 -38 7 48 -3 57 -25 93 -23 -5 9 87 -1
-17 9 6 4 -47 -42 -4 69 0 -4 96 -71 -21 58 90 -76 -46 -64 10 13 94 -81 31 -72 -23 14 -19 52 -58 -44 -6 -32 -53 80 -48 -17 52 -75 -22 24 14 29 -64 -96 90 97 -57 31 54 -80 -32 22 40 10 43 32 64 29 -80 47 3 16 -22 31 23 17 -71 2 76 -76 -92 83 -21 -30 -56 -32 -56 53 -2 72 36 -100 25 23 27 94 -90 24 -84 41 -13 25 -66 -95 20 -68 -58 -91 -28 -75
91 89 -34 -91 17 67 -64 -72 31 7 -92 81 -3 88 -18 -12 29 -93 -69 -61 84 8 -31 -43 -35 -11 45 45 -23 5 93 -3 -35 35 -96 -28 -99 -27 42 -22 -4 -45 97 67 25 -18 26 -98 70 32 24 23 95 50 -82 88 85 -60 28 -51 77 73 8 -85 11 -97 18 38 -53 -8 -70 -7 -26 96 -82 48 11 82 84 83 -97 -59 -20 -19 51 46 -30 44 -67 23 -78 -53 -51 46 34 -5 -53 -25 13 82
96 9 -16 -33 -15 77 1 68 -32 -23 -28 -29 -99 89 -98 -80 -9 96 38 -80 17 -31 93 -15 43 -58 90 -80 -9 -35 62 88 77 -87 -42 -80 -50 89 3 30 40 -33 -33 -66 93 79 -60 28 -70 -73 -67 80 -90 0 52 -5 -98 -81 32 -16 -2 -89 -60 81 -41 -60 13 -84 48 -15 -41 -91 -33 54 87 -23 22 0 -89 -100 8 -72 27 -44 -16 34 66 -54 13 39 91 37 81 97 42 77 80 59 18 83
78 58 -71 0 52 18 -64 51 38 -97 92 -96 -73 -50 -66 -49 79 11 -63 48 -28 49 32 -76 10 61 77 -57 89 0 21 -49 52 11 86 -17 30 -69 9 -78 86 -47 60 66 -57 -37 -46 19 -96 -33 -11 51 -88 43 73 -96 17 65 2 -31 28 45 -19 77 -89 -39 -56 -82 27 27 38 2 91 -5 -91 65 -68 -91 85 41 89 70 82 -10 -8 -5 38 10 -63 -90 -3 88 70 17 79 67 55 24 10 -33
-73 98 -37 -29 -38 -69 38 44 -40 -88 41 -95 80 -36 78 -98 -46 -76 85 55 30 41 -59 -39 18 45 -44 -77 -50 -15 -39 41 45 -44 39 5 10 -97 99 4 14 57 -25 -70 91 60 -21 36 32 -98 42 -43 95 -40 16 74 -12 30 43 -43 16 90 -100 -77 -32 83 94 -4 26 -95 -77 -33 -19 -30 6 -61 -38 -92 -15 -18 87 76 -70 72 -50 -33 -91 99 -22 57 91 -23 -34 -51 -13 4 27 86 -79 -24
15 31 33 4 65 80 75 -37 0 -74 52 -21 20 38 -32 -12 -76 7 87 53 -32 7 98 -77 31 8 69 -27 99 42 -3 -13 -41 98 -80 90 16 -40 -74 -59 95 50 -74 38 23 25 8 -98 58 97 64 -95 -85 41 24 -58 -7 38 12 -45 58 -87 -21 98 36 -43 -53 30 59 30 -79 14 -21 13 -22 12 80 -80 85 -88 96 -18 -55 76 -57 68 48 40 -90 23 75 25 -23 -86 88 5 80 95 -64 -58
-73 -97 -94 -56 94 69 91 97 -78 -72 68 -29 -74 86 65 53 79 63 97 -94 51 44 49 -1 -84 -97 21 -19 90 -93 28 -83 33 36 -63 -67 -17 -21 -67 -43 -38 -91 -94 -21 -68 -11 70 -6 26 -8 80 8 -89 -66 98 -33 -56 -31 -87 92 2 5 11 -5 67 -11 -60 -2 -61 65 59 -84 98 -90 8 21 -88 10 -9 -42 33 -37 27 -27 -32 -33 86 83 -75 -72 -70 -21 -55 -48 41 65 -58 -72 18 -16
-36 -78 -90 -1 -14 -21 -16 -97 28 56 -8 -21 -43 -76 -57 5 85 -93 -4 -81 70 -60 -28 -100 15 -2 54 -91 89 -15 11 -51 -46 42 91 89 -62 98 -95 88 8 50 -45 78 -49 35 -32 92 67 8 -38 -70 66 94 -7 -91 66 -93 -45 26 67 -20 40 -13 -70 -20 10 -74 -78 85 -33 21 32 -41 34 24 19 15 -32 83 48 -50 -71 83 -31 -7 58 -80 62 -86 1 21 46 -81 -65 -71 12 85 34 16
-28 96 -6 20 14 0 -97 -65 -83 -49 -98 49 53 71 -15 -72 61 57 48 28 2 86 77 54 -50 77 4 -63 51 -31 -60 -68 9 91 -16 76 -27 3 -46 -77 -66 19 -40 99 -85 -21 3 -55 -38 91 28 -36 47 -25 81 -26 -13 -42 69 77 28 93 9 15 86 79 3 -66 -77 67 43 41 44 -60 -37 -7 89 -1 -83 -1 46 16 27 58 -12 -100 52 66 -42 -75 -26 18 14 73 -98 67 87 -18 -92 64
-35 -58 -60 48 16 -21 2 -46 56 -33 44 76 -68 96 -28 36 66 96 -34 -46 -69 75 -8 -59 -26 55 -45 -59 80 -76 -29 22 8 17 -72 55 85 78 -13 -39 -51 6 17 -61 28 75 46 -79 53 27 90 9 -79 96 58 68 46 1 -66 -91 -69 26 -27 -62 -100 -8 39 -55 54 95 51 -63 -25 23 34 -2 -97 -15 7 -50 35 -37 -40 -41 93 38 18 24 -53 -88 45 -24 45 -10 -17 17 -6 -73 -63 -77
72 -24 -88 91 97 -20 -16 -4 44 -45 40 -29 25 29 -11 -8 51 67 -98 67 41 4 18 -96 72 10 64 -20 -55 -21 -14 -24 -86 -69 -54 31 -93 -40 71 -6 52 -9 20 4 88 -87 -34 -50 66 83 -61 92 82 90 -28 -12 24 9 2 40 -42 -76 -78 64 -94 90 8 -91 -80 -55 -34 1 83 -75 -19 -88 -95 16 35 -59 70 -55 83 46 85 37 36 83 -79 -27 70 -93 52 -43 83 81 -87 -60 65 78
-53 -8 23 -33 -38 -50 56 68 -14 26 22 -98 -55 29 -77 -77 13 90 43 -54 -22 73 -41 -73 -83 81 -36 -34 24 38 22 75 -53 -80 44 -85 41 29 42 -84 70 -43 -59 4 84 59 -21 72 99 24 21 3 -60 73 -82 96 98 81 6 72 -55 39 93 77 32 -36 -70 -27 98 19 92 -51 -20 67 53 -56 86 -48 62 -16 40 26 67 -6 24 46 -5 5 -93 -98 -67 -39 -87 -5 22 -4 70 -1 -60 -91
42 -55 79 -8 -72 -41 -56 16 28 8 43 -62 -70 -87 35 41 8 50 59 7 58 45 62 -90 -20 -54 70 40 40 -21 68 33 69 95 27 -11 65 -65 63 -84 11 -89 82 85 28 -76 16 25 8 79 62 93 -46 96 -55 -40 64 -83 64 -89 -55 76 21 -86 66 50 29 -20 -75 72 31 -88 -76 74 -1 26 32 -93 24 -87 6 -100 -29 -21 13 -42 2 -19 10 -16 -76 -33 82 -92 -44 20 63 54 -52 -48
-7 -78 -46 -38 -82 -74 75 -9 -80 11 -13 18 -50 21 38 10 -97 10 -1 -100 60 11 72 17 -24 78 95 44 -63 91 62 77 -16 79 -58 49 29 -33 18 19 82 -82 -64 70 64 -58 -87 -64 -78 88 6 -27 -66 49 72 -54 50 18 83 -73 -79 3 63 24 26 -32 62 72 96 32 41 -84 80 -64 -8 -46 70 -68 -65 97 83 -77 -3 20 83 69 45 51 -75 -34 -74 40 81 -39 20 52 -51 -23 47 69
-81 60 94 32 -53 49 88 27 -3 -25 51 -58 29 -90 1 70 0 7 25 31 28 -68 -34 64 -10 41 59 86 -5 -62 56 7 -75 65 -83 81 -60 -33 -70 -4 78 80 96 -60 71 81 -62 8 0 -13 -18 96 53 57 54 44 -65 67 -12 29 97 91 -42 -78 -89 -90 -80 -81 97 30 -50 10 62 55 18 -98 47 41 -56 -53 34 65 93 81 80 71 -19 38 -81 36 -7 52 -92 -52 33 51 62 20 87 -31
53 -97 91 -32 -66 -19 -77 48 -79 3 -1 62 -3 91 -25 -23 -43 -87 -100 11 -10 -61 79 33 79 21 64 -36 -37 39 4 -60 -67 76 59 98 61 -11 14 21 -26 56 -44 -71 -29 -2 44 -89 -89 99 -22 41 -16 43 -38 79 91 -87 17 91 81 -93 -12 -72 -1 65 -18 21 92 66 -5 67 50 26 22 -80 -21 -36 -1 -56 31 27 4 -58 9 -79 7 85 68 -71 -52 -3 2 -40 -93 30 -46 84 0 2
62 90 37 -46 -46 61 -87 91 -48 -91 68 -59 73 -8 -53 98 86 -52 -15 -58 52 56 36 31 69 -9 -32 83 -52 57 18 82 39 -33 -27 39 -65 -28 -18 73 -42 -14 -26 -72 -23 31 47 -37 -34 88 -15 -18 69 30 -33 -60 82 69 93 -67 1 23 63 72 30 -96 -22 97 -6 75 71 20 -7 79 -80 69 56 -14 6 -46 -82 -64 -24 36 -49 82 22 34 31 -97 74 -6 7 -37 62 -70 -59 13 -12 23
-35 -11 -18 38 -65 -22 38 40 14 45 25 90 -65 87 89 37 42 -2 -16 -18 24 85 34 -95 21 -28 -64 6 91 -64 45 59 -11 -7 76 -90 61 38 94 92 -71 64 -71 -69 -80 -47 -33 -48 47 -26 56 75 -62 -26 39 -61 -33 80 -89 84 44 27 -79 17 80 -49 21 -70 -55 -40 -33 15 28 -51 -32 -43 34 72 -81 10 -91 63 -74 0 0 92 -13 -99 99 92 20 -61 -22 40 27 -34 -42 -82 -14 92
-35 -59 -41 91 79 -39 46 88 -25 25 -84 -25 -93 -92 56 -55 8 97 -17 50 -6 81 -30 -73 -76 -66 -58 -89 12 -93 -87 -35 52 -36 93 89 32 -78 -82 79 -19 25 33 56 -78 3 -47 -70 -20 62 98 -41 99 -49 68 45 19 57 51 82 -57 55 -66 97 -48 -97 -99 61 88 5 99 -16 27 23 87 -64 9 52 68 -58 -36 -24 14 29 70 74 22 47 59 58 64 86 0 8 -37 47 -62 -16 -28 -63
53 -26 28 69 -53 96 8 -72 78 87 45 -39 48 -32 92 2 14 -100 -65 -32 86 -2 56 55 65 25 -8 7 -62 -70 -15 -82 77 -53 97 -17 26 88 5 68 63 83 -48 -71 -24 71 43 -32 32 58 -17 4 7 -28 70 31 49 73 17 64 -38 2 44 -1 -3 37 -41 2 50 -82 75 -63 -11 23 -57 1 -81 99 -85 18 -63 -23 -28 37 -99 27 -100 -99 6 -6 -14 -80 8 -60 77 41 -69 -74 -13 79
-51 77 -23 -87 93 -89 -71 -93 -88 49 16 -28 -100 10 24 86 99 15 -68 -18 -25 -27 73 -2 97 80 14 -37 -68 86 7 -38 97 -17 -44 28 -95 91 -43 26 -85 -4 7 22 29 50 -27 -51 80 -5 18 -31 9 -37 -4 42 -81 32 24 -90 0 -76 -50 89 -29 -97 -21 78 89 72 75 -30 -6 -42 -78 33 -8 -98 7 14 -45 59 24 53 85 57 -33 -66 -59 -37 -93 -75 98 10 72 -83 -39 -14 -45 72
5 11 47 -14 5 60 52 15 25 53 -31 -28 12 55 -55 -98 -30 -97 96 93 7 15 24 95 58 6 -10 -96 -5 -82 -90 10 62 -35 -51 6 -2 -87 85 -36 21 91 -44 -98 72 86 -92 -21 -59 89 -13 -32 16 45 -33 84 -82 -25 -21 -88 81 17 -73 -96 56 -91 -29 53 71 62 -37 -42 -25 -16 -94 -72 -100 58 -14 -96 99 -44 44 47 8 46 93 -13 99 50 -54 -70 -88 -79 83 23 88 55 -11 -55
3 -78 -13 10 8 16 -74 -58 74 -41 99 72 30 90 88 -31 -7 -87 94 5 -80 -97 81 11 20 58 -80 -77 -41 34 -89 -26 -19 89 77 -30 -40 -46 24 -62 -46 -43 -77 -10 -96 -86 52 -86 -66 69 -62 -78 -37 10 -62 24 -43 26 56 82 35 -21 -10 95 -53 -34 -49 71 99 -81 8 30 -75 -57 13 -30 -27 85 58 87 -91 12 82 -30 -48 26 18 -45 -89 -80 87 -52 -87 -59 -16 -18 -65 95 -42 -59
21 -26 88 67 86 20 -24 53 4 -73 35 -74 -84 -20 99 96 50 83 74 -52 38 58 -21 34 95 69 -40 31 75 -44 -91 -66 -69 -39 -98 27 14 48 -78 -9 -90 52 -84 -78 -31 -39 22 -21 30 -12 -25 -4 -89 38 51 46 -54 14 51 -34 -29 -49 78 -88 31 -71 26 77 -42 -25 7 94 -92 -12 -51 -31 92 97 21 40 -61 -41 -63 26 79 -3 -95 31 -99 98 86 33 -85 -29 -94 51 53 -5 -90 -27
40 74 -54 -70 28 55 83 -40 15 -77 -13 -28 33 -79 5 -24 -94 91 28 42 -13 37 37 -25 17 -54 72 74 -91 26 33 -8 -64 -69 -45 -12 37 0 23 56 92 6 -40 40 -27 -41 -68 80 31 44 74 -45 -23 -88 -41 30 54 -85 80 81 -21 67 -58 -47 -93 88 -59 -70 -20 -92 -18 70 -9 61 96 -66 31 -71 80 -37 -71 -4 -2 -63 -65 -28 26 25 87 21 -28 93 90 -18 -73 48 -9 52 47 -2
38 -43 7 13 -65 -17 -68 -68 -51 12 77 -17 -1 -84 49 -83 -20 -80 -13 -25 91 77 -62 8 -63 15 64 -52 90 47 26 46 -13 27 4 -97 67 36 8 72 37 32 1 58 30 35 -12 66 -62 55 -78 -22 54 -56 40 15 -88 64 -10 71 21 74 -85 -90 -67 -51 -73 74 -32 76 35 31 61 -15 -75 -88 -97 28 34 42 4 57 -43 74 -30 59 -87 41 -93 58 -44 79 -47 -8 56 -81 65 27 -13 53
53 58 94 -17 -36 83 93 96 -55 12 -40 11 58 -97 79 -72 -2 41 7 92 -54 41 -77 0 13 17 63 -58 51 6 -38 15 -18 -18 23 19 85 8 86 -86 48 67 28 24 -9 -9 -19 -31 -38 -76 99 -36 3 56 17 -87 -68 40 -8 83 -91 83 -87 -66 36 94 -46 -95 -69 61 -18 -51 -78 -75 9 -93 98 55 -11 99 14 67 -11 63 82 -1 65 -24 38 -26 -95 -63 -27 20 17 -25 -19 -31 95 91
52 -81 -84 -37 52 -11 -21 -22 -59 -30 17 -81 48 33 47 74 35 -77 19 -83 64 -53 -27 25 41 32 -23 8 10 54 -19 34 -14 -28 -93 42 -65 -50 -53 14 -46 -67 -8 74 -80 -6 -9 -21 -22 5 -72 64 -95 86 65 37 85 6 1 0 -16 42 -54 6 -97 -81 54 51 -32 44 -35 -74 31 -6 77 74 86 74 -60 -70 -85 58 -92 -78 -77 -18 90 14 -66 -55 -44 -48 -63 80 -37 77 -11 37 36 14
-57 -37 10 -84 50 -7 -62 -34 -100 96 -51 -91 -47 -54 -16 81 -77 -39 -29 78 36 -5 25 -88 66 45 -34 48 33 91 96 -51 -19 34 -33 85 -18 -94 15 -1 64 81 -79 -33 -15 -63 -62 5 30 -87 -29 -2 22 -79 -86 -32 26 -2 41 -69 91 36 -23 21 -54 18 31 68 42 79 43 -40 -51 19 -21 89 -79 -49 56 36 -60 -9 -69 35 28 19 -14 -90 -96 -1 11 12 5 20 -51 48 -82 -100 -60 -40
85 13 -15 21 -47 -54 -4 67 -7 -32 -29 65 21 -49 -86 -12 -69 -55 -6 -11 84 42 -92 -33 53 -8 11 16 1 -56 75 71 52 30 -13 -46 -85 -15 1 -32 53 -10 -91 56 -50 29 -95 52 -76 -3 23 -17 -50 -76 14 69 -79 -97 -19 86 -24 -84 62 26 9 -34 -63 77 -38 83 93 25 29 97 15 -98 79 76 22 71 22 37 -41 88 -32 -100 -21 14 15 -36 10 -13 -27 84 -42 -14 20 -26 -57 -33
-65 67 93 34 51 -37 4 52 -67 -47 -97 59 -71 -36 -29 -33 -2 25 -100 -78 8 40 86 -31 -57 -23 -39 -89 77 92 79 26 -82 23 24 54 36 -65 -89 26 36 -26 -99 -39 78 -75 92 -75 90 -67 17 75 37 -44 37 22 -44 -76 44 71 70 -71 -21 -34 -6 83 73 -96 59 -57 -20 -61 -13 72 63 23 -53 -25 35 86 27 98 20 -64 -19 54 -4 -81 -16 35 -81 -28 -79 97 -45 27 -34 98 -75 32
20 18 -99 82 -36 -15 -58 -16 -84 35 -54 66 59 41 53 81 22 64 -14 -77 -55 26 43 -72 84 -90 -33 52 -79 -19 93 98 -38 3 -14 99 -2 12 30 -59 53 69 72 45 -46 10 -81 -95 -53 8 -38 -39 98 16 -100 -97 -49 26 1 34 40 -98 5 53 -27 41 -12 38 -26 -8 -60 -72 82 -9 -50 -35 -82 -88 14 -16 -25 -96 93 -33 -21 1 -92 62 66 -10 -31 72 29 -24 -44 58 -7 -11 -25 -1
-22 48 -44 -62 -40 68 -1 -70 -69 -60 -2 -56 -12 -67 92 95 -76 -55 39 3 62 -70 -40 -73 -65 44 -58 -71 -99 -21 61 -46 0 -33 -71 -87 -26 86 -54 -73 46 62 74 -81 -88 -89 19 -23 89 66 3 6 -11 -37 37 66 24 -59 14 -55 28 36 87 87 -38 31 3 -84 11 80 -25 -84 92 35 71 -56 -50 -47 87 -57 53 -51 -45 0 -68 -22 -8 -56 53 99 -1 29 -58 82 98 -43 8 86 65 -19
23 -25 -96 68 -96 -27 18 69 -44 -12 -76 -76 70 87 82 -16 93 -87 -11 -93 79 -66 40 29 22 83 83 -83 39 83 29 11 53 63 -19 -72 -25 -2 -2 -60 1 -74 2 57 12 22 -49 70 -37 75 80 96 -47 90 -31 -92 74 -34 -83 57 -97 41 -29 -85 7 -31 -35 83 -51 -3 -64 53 68 27 1 -14 6 0 72 -19 92 -17 32 51 -93 25 -26 -96 -91 -52 32 -20 32 -78 -8 46 -84 38 -53 -61
88 46 14 68 63 76 -3 -18 -78 -19 -47 17 -57 -43 51 19 -12 64 -87 -84 -41 54 -38 30 -76 53 41 31 -14 30 0 -52 -30 97 26 6 -47 -72 62 68 51 52 -22 -26 80 -56 -97 39 61 -80 39 28 67 -39 -74 -59 73 15 -98 40 80 -70 -76 -45 97 2 43 36 93 77 2 96 -51 -49 14 -37 -79 -16 -76 60 73 42 -77 -17 6 -55 -76 -63 -97 -54 -61 -33 -16 -41 99 -32 12 70 -53 85
-93 59 -86 81 38 -48 37 -44 -37 38 -38 6 -83 45 26 -67 -83 -51 -6 90 -76 26 -33 -34 -10 78 11 83 12 95 -57 23 52 65 17 89 17 -56 -71 94 56 98 77 -19 -16 75 -80 -91 -43 -33 -83 54 -87 -66 18 31 54 -30 31 89 -12 -23 21 -68 -69 -90 67 11 5 67 -66 -3 6 70 35 -16 -88 44 -16 -95 58 -65 -79 -43 -80 -73 -94 24 -32 48 47 -68 -97 -16 89 -4 -12 92 10 -93
-47 17 58 -12 -82 -97 -74 -83 45 79 18 -87 -64 19 24 19 54 42 -90 74 46 -32 0 91 -24 68 3 -20 71 -40 -87 -29 -69 69 -70 20 -26 -27 -73 -40 -100 67 18 -59 44 -34 43 8 -62 -95 -49 76 -34 87 -98 -42 41 -56 59 -72 36 -22 -80 -44 -3 -37 -99 64 65 12 -39 1 -25 69 -99 45 14 25 -39 -58 -87 90 -76 18 27 38 49 -33 65 -59 -89 -5 8 49 21 90 10 -5 -70 99
45 88 -84 -25 -85 59 -58 34 54 30 -5 24 -23 -3 18 35 -56 46 -50 -22 64 -34 7 99 -5 -44 -16 -49 40 -81 -85 -67 -24 -55 -96 -83 3 6 -79 -41 -91 -45 -11 -53 20 -48 -68 -87 66 -5 -12 -24 -31 23 -89 -56 96 70 -95 11 -93 44 7 27 17 -8 56 66 -91 -7 36 -78 73 -100 -9 55 13 78 -47 -51 -30 -2 64 97 21 -75 -41 39 -41 -41 -2 -71 -21 -36 94 -43 -92 -20 -76 33
-95 49 -2 -47 60 70 -67 46 -81 -40 -8 -2 -33 -95 -28 79 -97 -20 -100 44 -67 -40 81 -35 72 -28 97 -80 -99 16 56 18 -32 -19 51 35 -17 3 -25 49 78 -56 -70 34 -68 -61 62 99 75 -35 -53 16 -17 55 -80 -6 -26 -60 81 -13 36 -61 42 8 -1 -29 -49 37 -40 14 28 24 -65 -22 -3 -21 79 43 99 -26 13 -32 -68 41 -50 11 -69 83 -30 -86 -68 -90 -76 48 -14 -12 -87 60 51 -32
-21 -35 -84 -5 6 -44 69 87 47 14 -23 50 -35 -45 10 -59 -95 53 -38 47 -48 -46 81 96 10 20 30 -16 86 73 -54 26 -81 36 91 -38 -58 -81 26 37 -15 76 -21 77 26 56 68 37 -44 -7 -68 -36 40 26 -9 53 58 -52 82 -52 -59 47 14 -14 34 -59 98 -82 92 -15 -69 10 2 -5 -2 -16 34 62 -96 -16 94 -4 68 -17 56 63 -47 -42 49 77 55 -83 63 15 98 -92 -77 -95 37 87
-20 -85 -36 3 -75 44 -96 -27 19 -9 9 19 -60 27 82 -16 -97 -28 -2 -26 40 -68 72 -29 -100 82 -48 -17 -31 -59 85 -89 85 -50 -86 -98 89 -1 -40 41 -73 66 -1 -47 -57 93 58 64 -56 8 31 90 -71 -96 -12 -63 -31 51 22 -85 13 53 0 61 62 -93 -72 -86 -45 -64 -58 12 50 46 -89 -43 80 60 35 -81 -88 4 15 45 -87 95 -62 -83 -31 -66 -74 -57 62 98 36 40 50 -98 61 73
55 -25 -81 59 -80 -26 0 9 69 33 40 -100 68 65 50 -33 -43 94 37 52 86 -76 -84 -16 44 90 -50 15 -25 7 -68 -79 59 92 74 -49 -44 73 -36 -45 87 6 67 79 -46 -11 -60 8 76 41 -57 -96 2 -85 41 -41 78 -90 42 -36 -94 42 -55 81 99 -15 83 89 74 -5 -26 59 73 35 92 -88 -57 88 10 94 24 1 55 67 -9 -78 -95 -19 -6 -97 45 -13 87 37 12 -12 76 71 52 15
7 72 -90 -86 -6 51 65 19 69 -47 -37 -51 -23 -74 -42 94 63 89 58 15 66 40 -93 66 32 -3 -27 -24 68 -41 38 -100 -31 20 72 -86 -46 64 64 -15 -31 -60 29 -30 87 5 15 -65 68 8 -70 30 -59 96 26 -81 -87 -17 -60 83 49 52 -71 68 0 69 -94 -4 -41 -7 -68 32 -25 -33 44 -92 16 54 89 96 56 80 -53 69 12 5 -79 8 -49 -53 -6 -42 16 48 -69 -18 -85 88 -48 -47
80 -34 59 -44 -14 57 -15 94 -54 -28 -54 -60 -34 -91 58 85 -25 -45 -80 -35 38 -25 37 16 -76 -33 -94 0 -72 -42 23 77 69 -24 97 38 -95 -95 19 9 85 91 75 46 -84 -7 -35 -82 35 -58 58 -25 -56 18 60 52 -78 84 -34 94 94 -51 9 -20 58 -97 67 52 34 -57 99 40 30 63 -28 -13 -36 -93 7 85 25 -55 -14 -71 -40 -72 85 -38 -76 -96 0 -68 -46 51 68 0 -97 -13 -95 98
-16 95 -77 -68 40 8 28 80 -18 26 -63 -9 -32 -68 -44 53 -68 -32 -2 -38 64 -45 42 15 -3 -84 -97 -95 -4 -80 -25 -16 -68 -87 62 51 -39 99 96 99 24 -12 65 -53 -69 -23 38 -99 -18 -8 72 -34 -82 -89 29 -37 -25 83 56 67 -46 -25 2 -63 -96 51 -50 -95 71 56 55 -84 21 -32 -15 74 -82 28 77 -24 89 -53 49 8 87 68 88 37 -79 -65 64 63 -95 98 -83 -39 -73 -96 17 96
-30 -84 -36 49 48 -89 -25 -5 -85 -95 -39 -8 -95 -59 2 -21 41 54 -53 -92 66 44 57 -83 -80 93 60 -77 -70 -55 24 82 -74 -9 98 -44 -10 -8 -88 26 84 -25 89 -34 -24 68 -80 -95 -49 -57 81 23 -100 -96 -89 -91 60 86 -36 42 93 -71 -48 71 62 -27 67 -63 18 -77 -32 -74 -26 30 -20 43 9 -38 -22 26 -76 -62 70 -59 -97 -12 69 -17 -80 67 7 84 -62 -59 -3 15 -37 27 4 -37
-5 -86 82 -77 -19 23 -1 79 -88 -52 -92 9 -61 87 72 -32 -73 -55 -94 -43 33 41 -82 -56 -86 -23 -31 24 16 8 -97 -78 -6 -93 34 32 65 -61 85 90 -72 69 85 -26 56 43 -91 -12 -27 -3 -24 87 37 9 -81 84 -56 16 -70 32 79 58 80 79 36 59 6 35 -78 79 -75 -38 7 -47 -55 -48 54 -47 -38 -94 -62 45 -92 25 -54 -56 -85 -30 53 58 78 12 81 77 51 -83 -58 61 81 -57
-20 -78 -25 -44 -99 62 -3 -6 47 -74 -88 -49 79 -57 -71 21 53 -58 38 78 83 91 -95 25 -4 -90 81 -10 -53 -2 36 16 -66 62 -67 -56 -47 -49 51 -22 97 95 -79 -8 -15 -44 58 -83 -46 23 -15 -98 26 -87 8 7 74 37 40 35 6 -64 80 42 63 46 37 60 64 -44 51 48 -70 0 -42 15 39 30 -76 -40 -55 -3 -53 22 24 -68 -86 19 -53 -10 -49 -73 -27 -2 59 29 45 13 95 -93
77 40 -85 -54 5 75 35 -99 -79 83 49 -23 -30 -34 -77 30 24 -80 0 84 -92 -93 -96 -26 -4 96 -67 38 -43 -96 68 82 96 42 49 -57 29 30 -91 -89 -59 37 85 95 22 -20 -53 -39 -18 -70 30 20 -46 50 -69 -67 8 30 85 36 56 -83 -18 -40 -8 -90 -18 -10 48 98 -7 34 41 13 -32 34 82 -32 79 -87 16 -95 43 -6 99 98 96 99 -92 -4 91 89 39 -64 43 30 10 36 -81 -94
-75 -71 -92 -71 91 -38 67 15 49 22 -94 -88 -89 65 -47 -87 -57 64 -9 86 -80 -85 -88 -64 -10 -55 14 -15 85 -48 49 33 95 34 54 43 -2 37 7 15 35 2 -69 -23 -43 16 53 37 34 8 88 20 -59 -97 -46 -55 51 68 44 -67 -30 -87 14 54 -32 58 42 -98 -57 -72 84 90 -35 83 62 -39 -85 76 90 63 22 -73 -34 97 9 85 -73 13 -21 -70 58 -28 13 80 -86 -83 55 -21 64 19
32 -79 -38 19 29 -4 -27 -43 43 -80 63 76 5 41 53 12 -41 83 76 74 71 -77 22 -89 80 12 -24 68 50 -91 -12 -81 -94 -76 49 -23 93 47 -72 96 -44 -7 -51 -68 -40 80 -48 -93 15 92 -63 -82 -46 -36 90 -15 -88 -86 31 -53 -5 34 46 -45 54 -53 -24 -77 49 -31 -21 -23 60 -74 -98 69 -18 -30 56 96 -1 43 -94 94 3 -77 -23 72 -71 -33 19 -84 26 -19 -65 -62 46 86 98 29
-95 40 60 43 -26 53 -91 99 10 -4 -90 56 42 70 33 -98 -30 -70 41 89 -40 -90 -39 -56 -87 43 93 96 96 83 56 18 -55 -97 50 92 95 -60 -41 89 -92 38 40 9 56 39 54 -98 -13 1 -48 -70 -28 -16 -91 46 68 -72 -36 -99 -79 72 -96 21 -14 -36 34 2 -47 -41 -95 -55 -46 65 -93 74 48 13 -9 99 -9 -95 80 54 1 -8 -6 26 -94 85 78 -26 30 58 83 0 49 -83 -25 67
65 -86 -15 -9 51 31 -97 -16 -69 8 50 -22 15 -51 -70 7 37 6 -64 1 83 -57 -86 48 71 -29 58 42 -83 -82 -3 64 -57 -76 74 60 1 -45 -95 36 20 -7 -59 50 -52 39 -17 40 48 25 59 -21 -29 94 -76 -87 -45 -65 53 42 -56 45 -93 34 31 79 -22 55 -22 -48 -50 -2 37 35 81 -44 70 -5 -35 -38 -46 24 -68 -21 -44 54 -85 -36 -24 67 -67 -30 -37 -25 -48 16 -73 -80 -14 2
99 -17 67 24 40 -95 -32 -98 -12 86 -33 -12 -6 7 -22 -30 -92 60 98 14 -30 -67 51 -72 -43 13 94 83 3 8 78 -60 -12 -1 57 -40 -78 53 67 78 -60 40 -42 86 93 -63 -51 34 -41 -6 91 87 -33 94 -55 -9 50 -63 65 28 -89 -30 -75 -49 -79 51 -88 -66 -27 50 79 -23 6 8 3 -38 1 -12 56 -85 32 99 50 2 -31 44 42 79 -12 49 -100 55 -2 -35 73 -62 87 67 60 35
20 83 18 -44 -24 32 -46 47 -15 -75 87 97 -61 48 -22 31 18 32 89 93 24 26 76 -66 -59 75 -65 -72 -92 -73 48 56 -83 68 -97 -64 40 53 -86 -56 14 -52 17 99 -42 -50 -32 -8 0 -85 46 -30 40 -20 -60 -11 73 -35 -95 15 -15 -70 -92 31 -46 14 64 1 37 -87 27 93 19 60 -15 89 -87 -35 35 26 5 -99 -63 80 94 66 41 -1 -26 12 -60 65 -97 13 -6 53 81 -74 14 28
4 40 -74 62 -68 -34 71 42 -38 68 -70 -12 -27 19 -45 6 37 -65 51 77 -91 29 -8 35 -20 -75 17 -55 -37 -82 -92 -74 30 98 34 82 -98 -26 -29 -72 -98 64 -84 25 34 29 -51 53 5 14 -51 -38 77 60 -21 70 99 26 -27 -23 52 10 41 -71 -89 28 80 -99 -9 27 -52 22 -1 12 -58 -25 -49 59 71 2 -27 -53 -1 55 -10 86 -21 -35 -31 47 -90 39 -24 64 36 -38 -60 -70 -30 7
-52 -3 11 -85 -65 -32 12 -78 36 48 -96 -48 -19 -53 -36 68 -20 97 86 -26 -50 -14 43 89 75 -71 85 82 -44 95 50 31 25 -78 86 -100 84 -48 -66 99 67 0 59 1 47 -21 65 36 -92 -49 86 -36 60 84 -26 -34 -35 95 -32 29 -12 70 -49 -64 -67 50 93 81 73 91 -74 17 -67 -4 -4 -33 -34 -32 20 -84 -47 -28 43 -6 32 -28 91 -61 23 45 -69 77 -11 -69 75 37 64 -52 -71 48
-92 -1 -54 11 -3 -74 -30 -60 74 -99 -73 -41 -39 -66 16 58 97 -5 -15 57 -1 47 -90 -81 -89 90 -40 -53 26 77 -10 50 25 18 88 -27 -100 38 -62 56 -73 -69 54 -98 -43 82 -86 -26 47 25 91 -47 61 -97 -72 -68 -10 -88 -31 12 93 -49 -17 44 -46 -99 79 -18 27 -47 -55 3 -46 -48 56 40 48 71 -75 75 34 70 97 -24 -66 96 95 -19 -39 -56 72 -34 -28 -29 67 -73 -24 -53 -28 76
-19 1 -16 -41 -25 43 36 6 22 94 -67 -54 -44 -49 -72 13 -56 -36 73 78 -13 -82 -82 50 -36 44 89 -49 74 9 -47 -60 -65 23 29 42 -47 77 -49 -89 -54 90 -23 54 58 -95 88 57 -99 75 52 -9 -51 21 51 -34 85 -92 43 55 57 62 -33 73 -60 49 -12 85 8 56 94 42 -71 45 -30 -21 31 -43 21 -77 -53 -7 -47 -51 -87 82 -67 25 48 -40 79 15 72 39 -19 -85 -74 -78 -27 -88
22 -66 -4 -35 -17 -72 -1 86 -17 -13 18 -54 -15 84 87 -37 68 -89 -66 -82 -68 -66 73 -2 -48 24 67 -84 -55 -44 -100 6 48 45 -95 39 65 99 -28 -38 76 97 48 -38 12 -45 -45 -31 76 -9 75 -77 -31 -7 -50 7 -7 79 81 -90 50 -22 -12 -53 -14 89 29 -92 -93 92 98 -84 -29 -63 76 -44 84 -92 95 -45 -25 -99 3 -59 76 47 51 -38 -13 34 53 -33 93 -9 -72 91 8 -79 94 -43
-91 58 11 27 56 -76 21 -63 64 20 54 -58 0 -55 -89 -79 -93 -21 -85 -28 48 -56 -28 40 36 -57 23 -72 -63 92 44 -15 2 28 42 32 -61 -64 10 43 -7 -22 27 43 -2 -11 35 -49 -40 57 23 4 0 30 91 -59 73 -58 5 45 11 -80 -23 97 -28 -94 45 53 79 86 -24 -17 3 4 -48 86 58 48 19 57 62 65 -41 -2 -46 -35 -45 -32 86 0 36 -38 -88 -13 56 -92 67 80 -80 -27
65 11 -56 88 -47 -53 -93 43 94 -19 -25 4 69 -53 13 74 59 69 -82 -49 70 80 -98 -12 -100 -76 76 -45 91 -5 -65 84 -95 -57 3 82 -92 50 18 87 -100 -74 -5 -75 -18 16 88 -58 -8 66 62 -87 -66 -28 -75 25 45 92 67 -52 -61 20 20 -82 69 10 88 -100 -69 -5 -48 -60 -68 83 -80 -70 -26 -64 75 63 -2 -30 86 44 -89 62 -24 -40 -100 44 42 -39 19 97 -49 -86 -61 94 69 -73
-61 -1 -23 -1 -98 18 91 -87 -52 7 21 41 -55 -57 -94 -61 48 -35 -31 56 -69 64 -99 -92 -54 55 -64 -80 -50 -49 91 1 -60 87 78 -63 84 3 1 28 -51 14 -27 -69 88 89 78 35 63 -62 22 -56 -84 62 63 57 -47 -83 -69 20 37 -56 12 -57 40 27 -27 12 90 82 33 -64 -29 -28 5 97 73 67 -72 7 -8 19 30 -63 -53 -52 -100 -44 82 -9 -15 39 -74 12 -47 -55 -96 -71 12 6
-66 -74 26 48 87 91 15 -96 25 -83 -96 51 58 37 -97 5 -57 -1 21 53 -53 31 33 56 82 -31 -51 -99 -56 -100 47 95 -77 13 43 93 50 41 -86 47 4 8 23 34 74 -65 -90 37 87 4 14 -38 -34 -27 -9 19 37 2 68 -70 86 25 79 54 54 58 44 86 7 50 -3 -47 -97 -92 2 -60 29 86 49 -39 6 73 93 34 -69 -56 80 53 24 82 85 39 -59 90 99 67 -58 18 22 83
62 -62 51 -58 -78 74 88 39 39 28 18 48 -7 61 29 36 -37 28 8 11 93 -88 84 -4 -11 -48 -45 35 33 55 -33 -17 60 -16 -1 -3 -19 -82 97 -96 34 10 3 41 -78 -79 -9 17 84 -97 64 -55 -72 -96 -17 -91 -28 8 -13 -59 -76 -93 60 62 -90 97 42 -97 75 -83 83 -38 -71 82 -78 70 -90 -87 -97 -55 8 -83 73 43 -38 87 7 -5 -34 76 -56 77 95 57 -16 -55 -35 43 15 59
7 46 -65 -98 -46 91 80 -55 41 -75 -64 12 7 -98 21 -84 -27 -70 -4 -39 -95 78 -61 -4 60 -83 71 29 34 -34 -27 66 3 86 -92 90 3 -27 -2 -86 17 -7 1 -2 -15 62 -52 -25 -37 42 87 30 -90 -5 23 65 -21 48 9 79 67 39 -25 46 -69 55 -65 85 31 -61 41 -54 -66 80 82 -31 -25 -3 -72 78 91 -97 -78 -25 -25 93 34 93 -16 -64 56 65 -27 -65 19 -82 76 46 87 -90
-100 -30 45 -67 95 -8 -99 -77 -90 93 67 -75 51 -82 -77 -11 -85 42 37 -95 -68 -43 -96 27 90 57 39 -11 -52 -12 -58 62 -91 -1 -20 -6 85 60 -50 -34 -68 -50 -80 83 -79 89 -51 0 37 -63 64 -93 25 -17 -73 80 58 -19 17 -4 65 74 -48 28 73 46 -56 -85 -76 -75 3 76 -85 84 -73 3 66 97 86 13 -68 -32 -8 64 3 -14 -33 -96 79 58 9 19 -63 55 -34 89 86 -5 -7 -32
76 89 -96 55 -16 53 31 -18 -35 -91 23 75 -80 27 52 -15 -82 18 15 -96 -11 -22 -75 -85 29 71 99 87 -54 2 72 0 55 93 -49 -50 -73 -62 12 39 13 16 -97 -23 -23 62 -28 78 -77 -18 86 9 59 -17 -23 -48 -56 -25 49 72 -56 -2 2 -14 -94 -79 96 51 19 -58 -10 91 -92 78 -57 -15 40 -61 -17 45 -25 0 17 -96 -25 -45 -21 59 97 -18 64 -1 -22 -64 44 21 56 30 -11 -29
74 -7 -70 -86 -25 45 94 -31 79 -68 -95 -68 17 -86 15 -77 48 2 49 -76 -33 -41 -49 -55 -99 -18 67 81 87 -40 63 7 12 25 -2 69 8 -14 -63 -41 53 62 80 72 38 -82 -42 74 94 35 0 95 78 58 -70 -81 90 -84 36 96 -14 -29 72 -23 -16 42 12 86 -66 -65 91 -42 30 -86 -60 45 -68 -93 22 -83 -17 75 60 35 18 14 99 26 -43 49 -10 -61 -25 63 83 -29 52 -12 -59 42
