-81 5 0 38 -43 90 24 -65 -45 8 68 -80 38 19 62 30 -72 6 -18 -56 -88 3 87 86 89 -47 -39 -44 -12 -55 -42 -15 59 -73 12 -93 78 70 23 -48 -65 -8 66 -81 -25 47 67 99 -23 10 -56 95 -76 52 -100 40 -85 -38 51 -22 35 43 -5 -19 24 12 30 -9 14 -95 -94 -33 -77 98 24 -74 63 -78 36 94 82 84 -47 99 -82 26 93 -17 -65 82 -26 -18 24 35 80 -34 53 75 80 -5
27 7 -15 14 96 -68 45 -59 54 -19 90 -33 -57 69 83 -5 -87 -20 -82 98 52 37 -87 41 -97 -26 -98 -78 -8 99 47 45 26 52 56 -82 5 67 -7 -28 22 -21 3 -56 -42 -1 -97 78 23 -58 33 -56 -95 -55 82 6 -71 -17 79 19 -27 -20 -97 41 0 -48 -28 -74 -81 21 -12 99 -50 -9 39 -53 7 7 2 51 65 5 49 -19 98 -26 43 -42 -8 13 -30 -53 0 -3 9 0 68 43 -2 63
58 34 -33 -88 96 3 0 -50 -52 -40 4 29 49 -20 -2 -66 -49 44 18 17 -17 -82 51 -39 23 -33 -35 -27 -100 -77 -46 -1 7 -43 -39 30 -49 36 34 -14 19 31 28 66 -33 -45 -87 -75 -26 73 19 39 22 63 26 -13 31 59 -45 98 77 88 -71 -6 -6 -69 -13 -53 30 48 84 -33 -66 90 -55 -90 -49 -20 -11 -50 -71 31 45 -47 90 23 62 -93 -11 49 -38 67 52 -58 -4 44 -78 -49 23 95
-41 24 -18 70 42 -45 -57 -33 38 48 40 53 -56 34 -27 82 65 53 -25 -63 15 -53 34 -10 27 -34 -86 4 21 -59 79 17 -25 -38 58 -67 19 -25 48 30 11 85 55 56 -83 -62 -21 -8 -6 -25 53 17 83 27 -45 85 94 77 0 20 94 40 2 75 68 -13 31 -27 -61 35 83 -85 -66 93 -3 -12 4 -45 -70 -30 91 16 -2 78 -16 36 -48 -78 -37 -36 80 46 31 86 -44 12 19 18 -78 73
67 78 -12 74 79 19 88 -95 61 -26 -25 -83 -100 -55 61 -65 -48 27 48 -22 -43 39 29 -99 23 -86 74 77 -35 -88 97 97 18 65 84 -50 -80 -35 37 -32 13 -53 56 -97 51 -62 -56 -79 -19 -52 -3 94 -8 35 -59 80 -42 -4 67 -58 -29 -36 43 -1 -28 -91 -84 -71 99 -3 86 -93 93 37 73 -34 9 -86 -17 -46 -61 31 76 -88 -19 43 -60 75 1 -70 64 1 -65 13 -28 -41 -57 -99 14 35
-23 -22 85 82 -73 -82 31 -45 65 -27 -58 1 3 87 -15 24 -57 -66 82 4 -44 -99 92 -47 -84 -87 -44 -4 -81 -12 51 43 -56 -22 20 21 -48 53 92 -81 -65 11 -79 6 -54 -46 -82 50 -59 -39 -7 -92 -9 37 -39 -6 51 37 -49 -35 -8 -72 -53 -12 -31 -19 15 0 24 -61 78 -84 31 65 -70 14 82 24 -81 -47 29 25 26 -58 -33 86 -40 7 96 -66 -34 52 42 -66 -72 6 -14 19 42 -27
46 18 16 41 -87 83 62 -91 76 -88 -45 -1 0 48 -6 98 -19 73 84 71 99 30 -41 20 -96 -26 0 -91 93 82 -26 80 -87 -18 -92 99 62 -60 83 -84 -44 12 79 19 79 -95 91 58 -46 57 -24 58 61 28 -57 55 -12 -1 -36 48 19 -78 -3 -65 -39 68 -44 -30 86 93 -28 -40 -97 61 -89 -29 -16 -93 -85 72 -99 92 -42 -5 59 44 55 5 -13 46 7 -82 86 -62 -84 -35 66 -18 -97 -55
-70 -25 -8 -17 15 10 74 29 -51 37 28 63 -2 93 -37 10 -89 -12 -53 22 -55 70 -70 -44 -71 -45 49 4 -66 -44 19 -97 -36 -39 63 -56 -44 44 -41 25 -95 29 63 3 91 -38 85 21 94 47 2 98 -31 89 39 -44 -27 -45 34 55 -38 -15 -43 26 69 -28 -88 97 6 -79 92 -92 -60 96 -97 -94 -54 -62 -65 10 -29 54 -33 65 -69 -92 36 -88 -76 45 -95 -87 44 -47 -73 98 -15 -56 -80 -64
12 56 -38 98 94 -69 97 84 -13 -91 -73 87 -43 79 -83 69 -18 11 75 21 69 38 83 -58 8 56 42 -95 88 -7 -70 -67 4 22 82 38 43 -79 -4 1 30 -82 -66 33 -59 -42 76 -28 -12 -25 64 -21 70 24 22 39 16 -71 94 17 -69 5 98 4 30 68 67 92 -21 75 -81 72 -99 34 -23 59 -69 -67 23 87 -96 -13 51 58 -36 -45 10 -28 94 54 -46 1 68 45 -28 59 -90 76 -58 -88
-92 88 -53 14 -8 -54 9 83 -37 49 58 64 96 70 -64 20 -66 -89 -17 6 21 60 49 53 -57 -18 41 -82 54 39 -45 97 -30 2 82 18 -78 4 -82 -93 69 37 -1 -83 85 -11 98 -4 77 -86 -55 62 -28 6 -82 15 -22 83 -76 32 -14 -59 -81 33 -18 -80 23 44 -39 -60 11 -80 67 46 -93 -43 94 27 -84 71 -72 72 -85 -13 -67 -83 7 -23 -36 46 69 91 -79 57 71 -27 1 46 -57 80
-73 -29 0 -3 -41 -9 33 5 -53 -3 -17 56 38 27 38 27 62 -86 -17 15 38 -29 -74 -57 -33 52 50 -18 -91 94 -6 -52 -78 82 86 -13 -83 -67 -30 45 22 -2 94 67 -59 -32 68 93 -9 84 -82 64 -41 -38 -61 -72 18 -63 -11 -78 0 45 72 -4 -60 -73 -79 -7 -66 -94 -27 23 47 11 31 27 23 -63 18 -64 -66 58 28 67 33 -7 97 -90 -91 -10 6 67 -47 52 14 -57 -97 -73 -67 -11
46 5 -78 -86 4 46 77 -100 -33 -13 -78 65 36 -23 -62 -74 -9 -22 44 36 -19 -16 -44 90 -71 11 47 25 -92 55 29 55 85 -27 -11 91 98 -11 24 75 -79 44 -7 -40 -10 -48 57 -70 -25 -67 -38 -90 -69 -44 84 78 -32 -8 92 -75 46 9 -21 93 -84 58 -44 -11 10 -31 -25 67 39 -98 -77 -100 -62 -78 27 39 -32 -84 31 -76 51 -99 -29 -46 85 62 -47 -43 -9 51 46 91 -84 -44 46 44
38 -100 -53 99 -55 -60 -66 -95 -47 96 -38 56 -46 -77 91 6 89 -89 -21 83 98 63 87 40 7 62 -74 -94 22 -21 25 14 69 53 8 -19 -59 90 -82 76 -100 26 76 14 80 49 -25 26 76 5 88 -3 -24 -12 42 78 -19 89 52 28 -46 48 88 -96 -3 21 -82 -55 34 -14 5 -39 20 63 30 1 -99 98 64 -82 -20 1 52 -18 -38 44 -100 -47 -54 79 2 -29 56 96 -21 -97 -48 50 -52 82
83 -50 76 -1 47 93 63 -31 -66 27 66 25 1 -80 -17 -49 69 -65 30 -44 0 79 45 -65 -22 -51 52 -97 30 72 17 35 -26 38 93 -86 64 -58 29 4 -83 -100 2 53 39 -68 -43 66 -69 -93 13 40 79 13 66 20 47 17 28 43 89 9 39 24 -95 6 55 89 47 -27 0 21 54 -65 -11 15 89 -68 73 85 -93 -22 81 -84 95 4 -8 -82 98 30 41 86 95 8 -96 -100 -39 50 -3 72
12 -92 34 95 -47 -26 -29 -31 -81 -17 -2 -68 71 84 -98 -13 25 -17 -91 90 -99 55 -52 -73 0 -8 30 -84 60 -19 47 -39 10 -83 -7 -29 -70 -81 -49 45 90 12 -5 50 -55 57 51 34 61 -13 -87 -69 52 1 49 10 65 -76 -22 71 45 54 89 49 -5 -68 85 88 81 64 -46 -30 12 22 -54 -12 -91 -21 45 -68 36 -15 34 -37 -47 65 35 -95 -93 5 -5 -45 98 13 -73 -20 -89 -72 88 -99
-79 9 60 -34 -83 38 -37 -85 48 17 84 -74 90 -61 55 13 45 13 -39 -3 95 95 -45 -50 -11 -64 -62 82 41 90 -94 98 11 -30 -88 28 74 -13 50 7 -55 49 27 -73 -78 18 -94 1 8 -61 54 53 -84 3 -28 49 42 96 58 -84 -17 -26 -3 16 -27 -61 -67 18 -12 -84 35 43 14 -56 -2 43 3 27 -7 76 50 -82 -2 -45 64 23 97 -71 75 -36 72 97 18 -16 -16 -52 71 67 -70 45
-80 25 -40 93 -31 15 -34 63 21 12 -100 65 46 -23 -36 63 -79 4 -32 -34 -28 -88 68 14 -31 -19 43 15 43 -18 -39 52 -96 97 -47 24 -7 31 -93 -1 -12 -89 75 -89 -65 69 83 82 84 -9 -24 -30 63 -20 -8 4 -44 75 -52 -55 -6 -74 66 -74 -99 85 -1 -84 17 -34 -35 -25 -31 15 54 -60 -16 0 -14 -41 76 -18 -44 11 27 40 49 -9 -51 -21 67 -28 -41 -36 71 81 37 -81 -45 5
35 80 -17 -65 -38 39 -13 -89 -18 -2 23 46 -14 -87 7 96 82 -60 33 -10 -74 -43 25 80 1 74 -65 7 -67 34 32 55 20 76 -37 19 -9 -61 -35 -40 69 -13 40 -69 -6 -39 -65 51 12 -78 -51 3 20 -84 13 46 45 -97 44 -53 -37 62 57 47 -36 35 69 50 -96 1 -62 -76 44 -1 -12 -26 -44 -38 99 10 -11 60 -95 85 -23 -26 -84 -62 -10 1 9 5 29 63 35 -29 -47 78 77 -1
-4 31 60 86 28 24 96 42 -51 22 11 -25 44 66 13 -94 80 -33 64 -38 22 -63 67 56 -79 -65 61 -95 55 -59 -36 92 53 82 -36 -74 94 54 32 -61 46 -54 -97 41 90 93 35 -24 -86 -77 95 83 67 64 81 -44 -14 31 -2 -93 85 -94 -88 38 8 43 -56 -59 98 17 23 83 -44 31 -5 -25 84 75 -54 95 -89 74 7 46 92 46 -4 13 -2 91 -2 -61 77 12 83 -46 27 -95 -9 78
-38 -66 56 4 -82 -91 2 -83 -21 3 -12 36 67 -60 -18 -55 -14 -27 -67 -33 -88 -85 -93 -85 21 2 -16 -4 -9 -99 -89 89 -12 -52 -87 -34 -96 -26 -89 -31 -51 -12 -68 91 -59 -59 76 25 88 76 28 79 -66 88 53 -41 67 40 -43 -10 84 26 27 22 60 93 -19 -74 10 71 6 -30 38 -64 36 35 36 -100 49 64 9 -4 45 -12 76 -75 70 -42 -76 -95 88 -100 67 48 -56 -8 -59 83 -11 76
-73 -56 -87 -98 -1 -48 -42 -20 -12 -26 82 23 -87 68 84 -56 -3 71 -53 -39 0 -12 59 38 77 -53 10 58 -71 63 75 -85 2 62 54 81 81 -11 -36 71 83 -53 2 -20 -33 43 15 69 -11 9 -92 -55 16 24 79 29 81 -42 21 -92 -66 71 -66 99 -12 14 -48 -87 68 -8 -98 92 52 -46 84 59 22 95 19 -27 81 -90 -68 -55 73 89 17 0 50 76 6 69 -71 86 -100 -26 -25 -69 -31 -31
44 34 7 30 -75 47 84 -72 46 -72 67 -63 93 -40 39 18 17 2 -22 24 -24 66 -8 75 -90 43 49 70 -13 -5 -43 56 -59 29 91 68 82 96 -30 -62 -42 -90 14 3 32 7 -75 30 -28 70 43 -25 -80 -82 30 77 -89 -70 -41 13 84 -44 45 71 7 -27 -70 13 -44 65 7 67 20 90 91 -32 -40 15 70 72 89 -24 18 7 -68 80 -13 -68 56 -95 -27 -18 33 -50 1 -33 -97 -35 -4 -50
45 -79 -87 -84 -70 86 -89 13 -8 14 -5 66 64 23 85 10 -37 -23 -24 -85 -20 43 46 7 31 20 -62 18 -82 87 -10 63 -83 -68 10 67 -65 65 -25 41 -4 -79 16 -40 -6 80 18 -2 22 57 -34 -88 80 64 91 -56 98 48 66 -2 33 23 88 65 38 83 83 88 -52 -67 68 -44 -50 -96 -30 -14 -91 11 -18 50 14 59 65 22 -25 50 -2 26 -74 8 -19 24 -57 64 1 -43 -27 75 66 61
70 -27 -13 -46 -70 -89 -12 13 -35 8 -17 40 -90 -6 -86 -72 -41 -88 -85 -79 56 37 1 -95 -64 -16 -32 85 54 -72 -27 -54 26 60 -44 -96 46 69 23 -62 -60 48 98 -3 -67 90 -48 -10 60 -16 -47 -26 -97 -81 35 -17 -73 -85 -23 -53 -48 93 -90 -16 -78 -48 -76 56 97 -96 -12 -87 -9 90 -41 -78 39 26 -89 -23 83 -90 11 31 -7 -72 -13 96 -31 -21 -43 -11 28 -28 -60 79 -85 -92 62 22
-9 -52 -18 -99 94 1 -5 -100 -58 -20 28 58 -41 -32 96 51 9 -5 -12 -23 -4 2 -37 -78 -91 -56 -48 86 -43 37 -96 30 -99 -94 -92 -65 -34 -4 43 -53 -85 23 92 97 67 34 -23 48 43 98 -86 -35 -56 -29 86 -44 -2 -99 -98 -18 82 3 15 -36 -50 74 53 -48 68 -89 88 10 49 7 -51 -86 93 -90 -1 -44 -73 -85 40 -100 -74 -29 -54 35 -44 -85 43 -28 39 35 -40 73 53 93 93 -10
91 -98 -86 -47 -10 -65 -80 -55 -19 53 -18 55 -53 9 4 63 36 -73 -92 32 -7 -36 89 -75 58 78 62 15 -5 -12 -86 87 -59 24 80 -23 -20 36 -19 -7 -78 95 -4 -90 74 -67 32 39 90 17 69 2 -70 -74 76 43 86 -26 -14 -80 19 -32 -4 44 -89 41 -22 -35 22 -21 53 -90 -51 60 11 69 -17 -72 78 31 53 43 80 97 -3 -48 6 -45 -66 -28 96 -26 49 -68 15 27 -90 -52 -85 -48
34 75 -46 71 -18 -67 59 -84 -94 44 84 11 24 -47 -43 29 -74 -65 -80 87 15 -59 98 -33 -48 -14 -7 -76 -36 -60 70 42 -96 -28 -40 51 -38 -38 -12 -43 -30 -88 -38 13 -92 -7 99 -34 15 -81 -25 64 -70 90 81 -96 -54 6 -97 19 -73 -6 95 -11 46 63 -6 12 -66 86 -36 56 -73 67 48 71 -5 -16 -74 -64 17 27 -69 -73 49 88 -81 -97 -81 -12 -99 41 79 -29 85 48 -30 43 -88 -33
89 52 75 31 -22 12 -86 -77 72 86 -21 98 55 -82 86 -15 -51 31 -43 -14 80 81 52 -93 21 -33 18 -20 -31 -29 -24 -61 58 -73 -58 -74 -18 -89 -8 -99 37 19 2 75 -14 73 -27 -17 -88 71 85 46 23 60 -97 -21 90 -93 -58 -53 86 -63 74 -33 28 -53 -60 -86 -64 -48 80 -70 -79 -17 58 99 56 -52 -60 -41 -56 6 29 -70 -91 34 99 -48 -24 86 31 45 -75 -18 -71 -84 -38 58 -42 17
47 64 -38 12 2 -17 39 -58 -71 18 -72 -47 21 -43 31 68 27 -92 -17 -79 4 -92 -94 46 66 13 38 9 99 53 19 24 41 -11 -11 80 -99 54 -12 6 -9 34 52 -81 -7 2 42 9 2 54 -89 -20 5 70 -80 -84 65 -88 -33 -90 81 -36 91 -98 20 -55 87 -8 85 79 -83 -40 -11 -28 -65 -64 -14 -94 -51 -81 -90 -22 -53 78 47 25 34 -80 -98 -48 -55 40 -50 -33 -52 94 25 -10 -38 87
82 -57 86 45 -19 -49 34 82 -56 3 25 -2 -44 -43 -96 -61 -63 6 23 60 -2 -77 17 45 6 -49 -74 57 -86 91 32 -37 -63 44 -62 -74 -22 -10 -29 -4 -79 -58 55 37 -3 89 -73 -2 -32 -55 -19 -50 -13 -45 13 82 -48 23 99 59 -90 92 51 8 -28 39 48 -14 -81 -91 29 20 -82 -92 10 -49 94 98 24 -38 0 72 31 45 -7 -98 12 -38 -10 71 -91 -2 66 34 44 43 74 -31 10 93
80 23 33 47 70 54 60 -29 -32 -5 -36 -20 -32 -80 74 64 -80 -22 -58 -78 -54 83 75 -24 28 51 98 -65 -1 29 -21 -67 87 -8 62 4 16 66 80 -89 26 21 -87 -2 22 29 22 5 -31 46 -11 -96 -74 99 -20 -4 77 37 56 -68 -60 -47 -71 35 24 -34 38 86 75 10 82 -90 0 -35 60 92 -48 -56 49 4 -54 -72 -77 10 -92 91 50 -6 71 -89 92 54 42 24 -73 -69 -72 -19 -95 98
58 -55 6 -64 -33 -58 30 -65 -77 -25 -1 -24 -69 -70 86 -61 -68 -71 57 -86 -91 25 6 29 60 40 70 46 -55 62 -39 81 12 -79 -99 39 29 97 52 -58 -42 -63 78 4 -11 -14 -6 21 27 -33 40 -14 -58 24 -97 5 2 77 -17 -70 -98 83 -87 23 82 -39 -57 -95 16 45 -5 84 -22 -49 67 -65 -4 60 -18 58 -63 -87 23 -73 -45 -40 -43 37 76 -90 -99 90 -68 -65 -96 10 5 -58 4 57
-88 -92 58 37 -42 -31 2 10 -63 -38 59 17 -93 13 11 2 -43 5 1 18 -29 -88 59 72 -96 -74 71 -51 -21 -38 40 -57 -66 -98 54 -1 35 -81 -33 -67 -63 -73 81 41 35 -9 -96 -63 3 -36 5 54 -86 34 -44 63 64 29 -6 52 -71 -84 -88 -62 -49 34 85 -41 -12 96 -86 12 93 56 96 -87 -21 79 -20 17 -9 39 -77 -2 -97 87 41 -67 -6 27 0 -87 -58 -2 71 13 63 -71 88 3
-73 -75 -36 11 1 -7 45 -27 16 -50 -73 -55 10 -72 75 -87 56 46 -15 70 -43 38 55 -93 71 37 -88 -25 -11 75 -27 62 52 -98 97 -21 -87 70 -11 85 76 53 -69 -62 -40 69 80 -94 -37 18 -15 -33 40 -20 -32 89 51 -6 22 -76 47 -90 89 -47 19 63 -94 -19 0 61 -78 -69 96 8 -37 -85 1 18 -23 11 44 64 -94 -46 58 65 84 -91 -73 73 81 21 -37 -28 -61 23 50 -29 -98 72
58 -82 -50 6 -49 88 -36 78 -58 -55 2 49 46 -2 -5 -99 57 -51 -62 33 53 -77 -31 65 84 58 36 97 2 94 73 98 -88 36 -63 41 40 56 -10 66 71 60 -80 83 -33 17 2 45 -95 -65 -72 -70 -42 -27 -94 96 -31 21 -30 -89 85 2 -80 -55 -49 -92 -35 -40 -24 -89 43 83 15 -55 -67 -84 50 -27 -63 -76 -20 29 5 -57 83 55 -46 21 -30 -22 54 70 76 72 62 69 8 -44 96 54
22 -64 -90 -29 38 -16 -16 87 -74 16 -1 51 -42 -11 41 71 -17 46 95 7 22 -47 -58 -64 44 90 -34 -30 -31 53 -12 -97 63 95 -26 47 -35 -9 -57 -65 38 -23 95 64 57 64 -19 27 78 91 -3 -89 94 36 -69 -8 -62 -64 39 -87 11 25 64 -43 -35 -42 87 6 5 26 94 27 -29 -37 -20 -44 86 98 -87 77 -57 16 52 14 -83 -25 61 -88 69 17 -64 -31 41 -48 88 30 70 72 97 49
75 -58 -19 -76 75 77 -76 38 -25 -71 -3 7 -27 28 -17 29 -38 -58 34 -76 -23 -77 88 -43 13 -73 15 39 58 -3 -63 -50 -59 -58 2 -26 -54 40 95 37 -11 -44 -38 65 23 -57 -58 -39 35 -50 -44 51 -81 -61 97 4 45 4 -47 -86 64 2 -64 -86 -36 62 -1 -100 20 -29 16 74 -61 12 -27 42 -50 76 -71 86 32 35 -11 55 30 97 19 -36 -54 44 -8 43 -34 14 -40 5 -37 16 -64 36
39 88 -93 96 7 90 11 71 34 -25 39 3 -61 45 -17 -95 91 -56 31 0 5 54 31 -33 21 37 -52 -51 -2 76 -33 -86 -76 -66 -98 -11 -56 -56 -30 -77 79 95 -86 -84 95 -76 -46 99 59 -79 -10 66 -5 -94 76 -8 3 98 15 37 44 -58 40 -37 -87 -22 -54 -74 81 -78 -7 -35 -89 28 82 -86 89 42 -97 97 -98 16 86 0 84 65 -11 1 -64 -26 -98 -55 -100 53 -41 -80 -41 -99 -20 43
14 -32 10 33 -24 -73 73 -39 88 -98 73 -54 19 -30 20 46 -49 41 87 81 -94 92 27 69 -23 -75 -95 48 46 33 -55 36 -53 -98 89 64 -11 91 -66 9 84 -39 -54 18 -65 98 35 -75 74 73 70 15 59 6 -86 91 -46 -21 49 -46 41 84 -84 97 -73 8 -77 69 -88 83 -84 69 -53 -19 -40 83 77 -34 74 17 63 -31 -2 9 -77 37 -41 14 -53 39 75 11 60 30 32 32 72 -32 70 -48
16 5 -59 1 54 73 -83 -34 -46 -66 10 16 64 -24 49 -68 23 27 1 27 91 95 17 -10 48 -39 -17 99 -46 75 34 -22 -70 -4 -50 36 22 -53 17 -11 -23 -85 93 0 -65 83 -3 96 -47 90 34 9 -66 -30 75 35 94 79 -27 -3 -69 -6 -86 8 65 -43 -21 81 -51 -6 13 40 -83 5 29 67 90 68 -43 -30 -19 -65 -37 -27 -81 -54 90 70 -20 -49 -69 -98 -37 -5 -99 22 20 87 6 -2
41 17 32 25 -26 -2 -81 98 69 -28 63 -20 -60 -15 -22 42 -70 -73 56 -90 60 -40 -55 47 -19 -7 3 -9 -36 -31 73 -45 -49 -70 31 66 23 -21 -6 -33 89 12 -40 79 91 -24 -97 81 69 89 7 -28 82 -20 97 -54 15 75 -63 18 -24 79 63 92 49 76 70 10 29 -10 -60 98 43 -79 -78 21 -63 -12 -74 -39 -50 -43 31 99 -33 -65 -86 -74 44 -65 -3 71 16 11 78 -55 -24 40 -50 25
-21 -88 39 43 -80 -19 -24 93 -44 -23 16 -68 6 -2 59 84 -49 -2 -5 -68 44 11 -60 63 -67 85 -97 -34 62 -43 47 -17 20 56 -90 24 -93 -35 16 82 -95 24 -65 -45 60 -2 20 79 52 8 -73 17 34 73 -94 -95 56 78 -14 11 -77 43 -73 -65 -7 39 22 45 -28 76 -27 -26 30 -8 -32 -77 30 -60 -33 10 -88 78 -99 -19 -60 -99 49 -15 10 -55 -89 -98 -13 26 -73 -25 -98 72 -49 -1
-55 79 -94 -52 56 9 -55 95 63 -95 56 75 -57 61 56 61 51 -10 -59 -81 55 62 -1 -51 54 8 68 -96 -37 22 79 -94 68 63 -2 20 98 -36 17 -23 -25 26 -52 -12 67 -1 -82 48 -70 -37 38 50 99 -43 -36 -30 -38 -82 -47 -26 -100 62 -38 -75 57 0 80 -21 65 36 -1 60 60 69 -18 34 47 -80 -48 21 34 -6 50 96 -27 -11 -38 -68 14 85 -27 -61 51 -36 86 8 39 -13 -59 -51
-97 18 88 -50 -48 -47 -72 -31 50 -77 -14 16 -53 -69 -9 52 -21 83 75 54 -90 30 45 -12 61 19 -2 93 73 -34 -26 -87 86 34 -100 64 53 -47 14 -31 -2 3 90 -91 6 98 -42 5 12 -84 41 -97 34 76 -19 -47 -69 78 -63 19 -80 16 11 -27 -69 70 -96 -44 -36 87 -70 0 -19 29 59 -97 77 -35 71 45 76 -2 22 -59 81 66 61 -40 -95 87 3 -97 -93 -34 -31 94 -62 24 -32 81
3 -85 -86 4 -2 43 77 -97 -79 35 55 -89 23 -49 -16 85 54 -85 99 62 -95 9 -79 18 -71 49 1 4 97 15 65 65 31 10 -69 78 50 59 -36 47 44 74 53 -16 66 22 70 -55 84 97 -58 -64 3 18 -80 -81 -34 -63 -95 -78 -66 83 -12 39 -83 -42 11 -74 -98 -98 87 -73 36 -55 89 -17 -57 -16 90 -36 -39 -25 43 23 63 22 -14 4 21 -59 60 -93 -86 -87 -89 -13 81 59 -23 -33
5 56 33 2 -10 56 -41 93 -20 15 -45 76 25 8 -45 -7 -26 16 25 -2 -21 -41 31 -93 21 75 46 -80 -59 28 91 -50 57 37 -48 -95 -54 55 -76 82 -30 -37 -18 -72 -41 -25 -70 -4 47 15 -3 92 -3 15 -61 38 41 20 27 7 -78 -18 16 -29 4 70 -76 -77 -42 -48 -25 2 61 91 -94 17 -17 -46 49 37 -59 40 -100 -77 -13 -51 34 47 32 -75 -78 75 67 -83 98 17 -1 -18 -2 -16
81 27 24 -2 -34 -22 94 52 98 -61 -26 65 -48 82 -91 -56 71 -64 59 -71 -96 40 -54 -88 -39 51 85 82 47 76 -78 -67 46 11 -84 -92 34 90 93 43 -29 91 43 86 56 90 25 -47 -31 -45 40 -3 -22 54 97 -29 -90 -99 -9 -25 -81 -56 -58 47 -47 95 44 86 66 -49 -62 18 66 19 76 0 83 42 -90 -10 87 68 31 -22 27 -61 24 17 -89 23 23 52 1 87 -55 72 71 -76 36 12
19 60 27 -69 -96 35 -30 -95 73 45 -47 63 -26 -18 -47 -71 23 -15 88 1 46 -88 -60 27 -52 -62 89 96 66 67 11 67 -87 50 86 -77 -5 -41 -58 95 22 56 -31 -44 55 -65 38 -90 -12 13 -76 -57 -98 39 -53 -37 18 8 35 69 62 53 96 74 -73 13 -37 72 97 51 97 -24 -64 99 98 35 97 -84 94 51 -22 62 -74 96 -33 -83 12 71 34 -50 -11 36 -25 37 -89 1 15 -68 14 -70
13 89 -15 -54 55 30 57 32 52 72 -72 -55 -12 36 -39 -45 23 40 -40 -70 -94 40 42 -73 72 18 -76 -61 85 -60 -69 -72 -97 -14 -85 38 27 -13 -58 50 5 -5 46 33 -96 -100 17 98 -93 56 -28 -4 -6 79 94 -57 63 -67 15 -97 68 -45 -6 -35 -63 -71 -83 -93 54 19 30 4 -7 67 6 -60 -33 65 65 97 -36 2 -15 -11 -49 68 33 -2 -3 72 -16 42 -16 -13 -2 79 -86 37 -75 -99
-8 87 78 72 67 5 10 7 -50 -62 99 -67 80 -91 -29 -2 22 9 96 -33 60 -73 94 23 10 25 -17 -17 45 93 29 74 47 56 80 32 59 -71 56 -97 96 96 67 13 67 46 93 -41 -66 40 -19 -2 38 52 -25 -78 54 -19 58 66 -65 67 20 -13 33 42 -41 -97 67 90 10 -51 -71 77 73 33 -13 77 -54 -87 69 -81 59 -59 -49 -16 -84 42 -81 -34 -97 58 -56 9 88 -54 -81 99 -48 57
7 -92 -82 22 97 -58 -80 15 50 57 -31 63 -70 -30 -23 16 42 11 66 21 -43 -85 66 -3 -66 45 -30 88 -45 -36 82 -37 -1 -68 80 70 -77 55 78 57 -38 37 -91 70 -79 -49 -8 79 -48 88 -1 -78 -59 89 43 -87 -74 34 -36 80 20 41 -8 2 -55 59 -53 12 85 -11 -68 -26 -62 -86 66 7 58 93 90 -55 -99 -67 -61 43 92 74 99 -99 -49 12 14 51 61 -70 62 66 -32 -70 -55 99
-87 59 13 -98 -80 61 -71 -24 21 15 -20 52 -76 -17 -38 -70 45 60 45 -55 66 -29 -72 -14 -70 86 -4 -42 -36 81 -40 -35 82 38 -82 -3 -35 -14 -60 92 21 -65 5 21 -93 8 69 -50 82 -4 -77 -85 -3 70 -93 -97 79 -32 -84 -9 36 86 97 83 -28 1 16 99 -82 15 39 38 -20 24 -18 80 -94 48 -21 82 69 -33 48 -43 10 83 22 -99 -81 64 7 91 80 -37 16 95 58 60 -6 -36
13 65 -80 -32 -70 2 -77 79 -53 -86 46 -66 -47 -99 -15 -2 98 13 -98 -81 45 93 19 38 -15 -84 -89 18 81 -67 30 72 -86 88 80 -8 88 65 26 63 7 56 30 -5 40 34 -18 -26 -21 27 84 33 56 -96 97 -24 -7 -14 72 -1 -22 60 59 -59 -69 -10 72 -65 12 38 30 70 51 -61 -65 -25 3 -29 -89 -81 36 67 43 70 76 -75 93 -79 34 28 -98 -43 72 -44 6 -55 -53 -93 70 73
-5 2 69 45 -74 -21 0 61 12 62 3 9 -53 73 74 -58 30 -26 -41 52 -70 -81 -1 38 -35 97 0 -71 -76 -45 -73 62 -99 94 27 -97 -92 0 69 -29 96 -73 -95 -8 -59 -77 7 87 22 30 5 -28 -7 70 -54 -98 -9 -19 40 -81 -35 61 85 -31 82 70 -95 -27 94 -57 -11 77 2 58 -90 52 35 66 89 -47 41 46 75 26 40 -86 -84 84 -1 -69 -6 -9 51 -21 10 27 -76 -51 26 15
16 -86 -91 -35 53 -54 98 29 -84 92 -58 -92 21 -45 -62 79 53 -54 27 23 -72 -39 -28 -56 25 -72 41 -23 -87 87 -15 -41 -87 41 13 -14 -55 -92 -88 -24 -95 19 -94 -89 16 79 10 34 -93 98 64 9 -79 -93 73 -69 24 -7 -21 55 -83 50 -48 -53 -90 -6 -63 98 -86 41 -46 24 8 -35 95 94 56 35 -3 81 47 81 52 36 44 61 -95 40 -36 45 -76 -26 26 -57 69 5 -79 63 40 25
67 -46 -100 76 31 1 29 90 -23 -82 72 47 40 -50 40 86 86 63 67 -28 38 75 -77 69 -68 4 59 9 45 11 -36 -67 -83 80 52 -53 -50 -43 -68 69 -79 99 -79 -29 97 -76 85 -36 -54 30 -68 68 33 7 -11 -34 86 58 -93 50 -66 86 -45 9 -64 58 -34 91 -15 -83 -74 -95 -61 -72 96 86 69 77 -97 92 52 -32 3 38 -90 83 -17 -42 39 90 50 -84 40 50 65 -21 -25 73 43 73
-47 -24 11 -80 -89 -3 -99 -8 -35 40 33 -45 -20 98 -76 42 -21 -95 -5 87 75 51 -69 -76 -84 -8 7 94 84 6 -96 -27 27 -55 28 63 55 28 43 8 -92 24 85 -87 -88 35 28 35 -91 -34 -26 -55 97 54 31 -84 62 25 -54 60 -29 14 84 -72 22 37 -38 -96 43 -54 -40 91 0 25 86 -57 59 -22 -10 95 64 26 -32 67 -98 49 -87 77 12 -19 -76 -90 71 59 -86 -19 -10 60 -14 -89
66 78 71 53 15 -57 33 -90 -65 34 -96 75 -67 -58 9 -96 -64 68 -65 -90 77 -89 -49 -81 -37 -95 -50 75 -60 -70 71 -61 36 30 -63 2 -10 58 62 -82 -46 -78 -18 48 93 63 83 -6 -98 -29 63 5 98 83 28 -16 27 -73 67 -93 65 74 46 88 -54 -67 7 47 -76 97 -43 -9 -12 -38 -7 89 55 -98 89 -56 -58 -7 -31 0 -42 -92 68 18 14 -82 -30 41 -26 9 -21 48 -12 39 -44 31
86 -97 54 88 90 55 -60 -36 -41 96 -12 -74 -61 -49 -91 56 11 1 45 21 80 89 53 52 -52 50 -63 -67 -63 -54 -86 -30 94 -97 -96 -42 7 89 -95 -96 -63 -86 93 -3 97 -40 53 -14 -93 93 -47 -52 77 -41 -81 -69 -89 -4 -100 -40 36 -49 -67 39 -92 -80 97 -90 -91 43 95 33 76 -56 96 -75 -70 43 -94 88 -23 -59 96 69 15 38 85 13 46 -29 68 11 93 7 63 -4 -28 -64 -17 65
-29 -44 70 -75 -9 41 71 -86 64 31 5 -69 -49 69 -5 21 77 94 36 -9 63 -32 23 33 -42 50 -16 23 90 15 18 34 41 -89 -68 60 3 57 44 26 96 -35 -56 -7 -5 72 53 27 4 32 55 11 -93 46 61 -50 28 2 81 -71 70 -55 -63 -55 40 -78 5 40 -14 64 46 -62 -99 98 33 73 -84 -13 -24 42 -62 38 73 53 -86 -35 44 0 91 -61 89 19 -99 35 24 -84 42 25 31 85
-29 1 64 -45 4 -100 -54 -77 -67 82 28 -38 50 26 6 94 -52 56 -7 14 94 -11 -36 -79 85 -69 23 -58 -59 13 54 -70 17 -46 30 62 47 10 87 53 73 -100 -96 72 72 15 -48 61 93 66 -74 49 -100 27 -44 15 -56 -31 -24 31 -85 30 -5 10 12 51 78 -40 -38 57 -42 -3 -96 80 -50 47 -26 74 -97 21 -41 -81 5 -75 16 -56 57 97 89 -80 -38 74 76 -100 -95 -34 -57 62 -76 33
-64 -20 19 -21 43 -69 -37 49 90 -25 57 -75 -57 67 -34 -89 -89 42 -36 7 49 99 -33 62 97 -23 77 48 -32 61 -64 55 74 27 -53 -80 95 -1 58 38 -55 -99 22 33 -97 54 -79 42 98 6 9 -56 -7 -58 -13 -61 -22 63 -48 96 46 31 18 -68 45 -31 -89 82 35 -99 -8 22 -29 62 56 -5 90 -23 98 28 62 -18 79 56 66 75 -25 11 -41 48 -40 -4 3 65 68 64 -10 83 -59 -48
-4 -46 -32 -70 23 1 37 -19 -19 64 76 -80 -77 41 34 20 52 -88 -5 -76 -61 -98 97 -6 87 -15 -5 47 34 20 22 52 50 13 -1 -48 -85 12 -45 -47 91 -71 -3 -29 -27 7 55 80 54 52 13 2 36 26 11 98 -97 40 98 69 -86 -46 -24 -6 -66 27 34 -96 54 -91 46 33 35 -94 93 70 90 -16 -93 46 -10 5 -94 -45 42 -89 -44 -53 20 -45 95 -45 -84 20 -89 -64 -31 -82 -49 -97
88 -98 11 95 18 4 89 15 -41 90 -57 -64 69 51 -94 59 -99 -65 85 -37 14 -20 31 87 24 -45 -73 -4 -28 78 -9 -51 94 -26 -78 -75 -61 56 18 88 26 98 69 -17 -68 33 20 17 31 93 7 36 66 -3 -67 23 -44 57 -26 -5 -31 -93 35 -54 -90 -99 9 69 -48 -21 -24 -50 -58 2 -99 2 -57 51 -11 -8 -42 -15 75 55 -59 77 35 32 94 83 32 61 74 -74 71 67 -97 -48 44 60
-67 71 25 51 36 -65 85 44 -48 -8 -42 -90 -19 -2 38 88 -16 3 61 92 -85 92 71 80 96 -46 -11 -27 4 54 -8 77 32 -85 -89 76 -11 3 -12 -29 90 73 76 -92 75 33 45 -41 -95 -30 20 -98 49 -44 47 87 8 10 -23 9 -41 -77 -39 -29 -46 -7 -85 99 -77 59 -66 85 -98 80 71 -69 40 -48 -54 13 64 -82 40 57 5 -30 -70 -29 74 68 -50 74 89 12 55 16 -3 -20 -62 2
80 -28 21 75 -9 -63 15 31 -22 36 70 71 -32 -74 73 65 -32 33 15 -63 47 94 -6 -82 70 -43 -9 -21 0 -98 51 -43 -49 13 73 -4 -92 -41 -31 -78 -55 -13 20 84 -42 80 -52 39 -67 -96 -56 -72 -50 90 68 -62 13 60 79 5 97 76 -73 -93 80 -86 -87 76 -98 32 59 6 -94 -5 0 -98 23 4 71 -92 55 -85 -95 28 9 53 78 -49 -51 21 78 31 -83 61 -20 -17 3 -18 -45 3
48 -34 -90 66 6 33 -3 8 -71 -82 27 10 46 -83 27 7 -24 -30 1 -91 -4 -48 -50 51 46 -83 -59 -2 -54 68 -2 -59 -100 14 -29 7 -87 55 -55 48 -40 58 60 -91 57 32 -4 -52 -91 -77 66 37 87 -39 64 -72 91 16 -55 46 -72 11 -10 -65 -78 -65 -66 64 98 58 52 0 41 -58 -42 80 18 -28 60 56 -87 27 19 -66 53 55 67 50 16 22 -100 -10 16 -27 11 23 -21 69 63 -50
-71 -67 -44 31 -82 -8 -50 96 -50 -95 86 -70 -24 -6 -67 -42 43 -35 -38 99 -19 -84 4 -63 80 -54 21 -28 57 -75 59 38 -59 13 -92 -38 77 6 -64 -28 -50 -84 -64 -7 57 37 29 -52 92 -58 -72 42 -35 -39 96 85 32 -82 -50 -45 -57 -10 60 -64 65 -73 -62 -15 -99 1 -40 72 76 -63 46 44 -28 53 57 -91 -49 68 -9 33 31 -99 44 82 42 10 -57 17 -49 13 56 -53 -1 -29 -6 55
34 -15 -47 64 -82 -52 -14 42 -62 -90 -89 -42 -56 -92 24 -23 -70 76 42 54 30 61 -24 -14 88 -58 -95 2 82 79 -64 -73 -11 -51 4 -33 -37 93 45 -18 -20 30 99 68 -83 -62 17 -75 -45 45 51 87 -45 -38 6 84 -14 -30 32 -39 70 80 -7 -52 -3 -98 28 -16 20 51 -23 -24 -94 -44 -1 16 -91 99 -56 -4 66 79 7 20 -90 -76 39 -9 57 -33 75 -45 -28 88 -77 -29 52 65 79 -73
16 1 -60 -3 -41 71 -24 18 43 43 69 -82 -96 -12 -82 3 -17 16 -14 9 50 30 -25 25 59 58 -100 32 1 34 89 -11 63 86 53 -55 -64 -10 -97 47 -69 -63 93 -9 56 14 34 -2 27 -22 76 88 -59 74 35 -24 -86 13 70 -80 75 -14 87 -76 -84 59 90 73 -4 -36 83 3 24 91 -80 3 70 71 -55 -52 77 92 5 -26 23 28 -79 71 67 0 -49 6 86 -67 59 60 -9 37 -14 94
56 -13 -2 -48 43 -81 22 96 72 -77 76 88 -56 33 92 38 -95 -94 43 -17 7 86 -21 -82 54 20 32 -32 34 61 -44 48 -32 17 87 1 -97 52 98 -16 0 -99 -60 -100 -29 2 -99 98 29 15 17 10 -1 99 -62 -1 63 -35 22 83 -78 44 73 35 -41 -12 -92 6 -62 23 63 24 53 -33 -34 -88 47 -82 -3 33 13 -82 -9 69 -56 86 24 -65 46 65 72 -56 57 66 21 13 -78 -92 16 65
-7 69 -3 -73 18 -55 29 -70 18 57 70 -75 11 29 -43 -71 46 -75 -43 -33 -53 -90 38 -44 70 9 41 -57 -75 49 -11 80 -22 65 81 83 60 -87 86 -44 -82 -64 -5 82 76 22 16 -78 -46 31 10 14 -25 98 -15 -58 64 38 -27 31 97 -69 -67 -15 97 20 -61 37 70 -77 -22 -34 5 29 69 -59 99 -60 55 -8 74 45 -32 60 -52 16 40 -92 74 23 -85 67 -39 -40 87 61 -12 -19 -43 95
24 59 36 75 -98 -18 60 42 -44 -33 -91 79 -14 -68 -78 -9 40 18 -25 -77 -43 52 -42 69 -1 97 -15 95 31 15 -41 -58 90 69 -96 59 -13 25 49 -22 -57 37 65 -8 47 -19 -19 45 -1 -44 -4 15 15 -1 -42 75 43 -57 9 12 63 -78 -36 11 77 69 30 -71 19 46 -93 -96 -87 -85 34 -51 89 -69 96 -42 -57 -47 -40 49 -54 -25 32 1 21 -16 68 -22 22 52 52 -11 55 -94 55 -25
35 -66 -55 59 99 51 78 -8 2 -28 28 74 -79 -15 -97 -85 -7 5 -28 58 61 -8 61 -79 78 -53 52 -48 -74 -100 -69 74 -71 80 97 -35 -10 -41 21 4 42 -82 -27 37 45 9 66 -65 51 -25 -19 59 -19 48 94 -51 -44 -79 -75 -8 81 -68 48 -9 -86 -86 -86 68 -84 -7 13 14 51 -92 -18 -65 12 81 87 8 73 -21 -74 2 -14 72 9 14 56 -62 86 -20 85 93 17 -5 84 -35 -69 -95
-61 53 -49 68 -93 52 35 22 -2 -23 99 -82 6 18 -19 59 -97 -34 -32 67 32 -26 -36 86 69 24 -56 -89 -34 84 -1 17 -81 3 -44 -60 16 -73 -36 -39 -7 70 83 43 96 -9 27 36 -70 -81 92 -87 33 -34 -89 -83 -6 -63 58 90 99 -22 71 -14 -95 71 76 16 -25 84 -75 -18 -47 29 -83 78 67 19 49 84 63 -82 29 60 20 79 -31 -16 -51 -67 63 -79 0 12 23 25 -41 -81 -25 18
20 42 11 12 51 66 43 -79 -4 81 -50 68 37 3 91 79 -54 -60 64 -20 32 52 76 -51 27 55 -53 49 -81 -23 -63 47 -46 -59 -55 33 25 -70 -34 -77 99 -63 -80 72 -82 75 -16 -48 -65 -35 -95 82 73 -31 45 35 -10 -95 -59 -52 -28 13 56 88 94 61 -73 -7 30 59 -34 51 57 28 -22 -5 46 -54 32 8 1 -68 88 -41 1 22 42 52 78 1 93 -28 18 -19 60 -79 33 -88 -6 -24
82 -41 24 61 20 25 35 48 -71 9 -52 -58 82 25 71 89 51 -40 61 50 43 30 81 45 -66 7 70 98 -39 -45 -88 -99 -73 71 -89 -70 -45 8 38 -7 47 99 21 -52 70 89 -55 -66 -6 17 10 52 -18 -65 25 40 -12 51 -76 -9 -62 -25 94 20 83 -33 -54 -81 80 94 55 91 2 19 27 87 -58 -61 -62 -52 -97 -9 8 65 -86 -90 36 25 63 36 -41 93 -86 -31 -41 -41 -43 94 -52 56
-58 -6 -26 -51 -100 75 -94 -17 -50 -26 -44 64 72 -89 -5 83 -36 -52 85 1 1 27 66 -34 -1 -55 -66 -44 -70 79 1 96 79 86 74 46 49 -5 -26 -45 14 43 -37 27 -97 85 -20 60 -23 14 -93 48 52 -5 -15 16 -36 -23 75 30 73 -53 78 90 96 -18 82 -69 85 25 -39 -4 20 -51 -69 92 6 45 -13 -65 -23 23 2 46 73 -80 48 70 -100 52 23 22 -13 -31 84 46 50 87 -63 51
78 -41 96 59 -8 -17 84 -72 -32 -14 -30 -73 -12 11 73 15 51 34 80 24 -88 33 75 -32 42 26 -88 -40 -35 -38 25 -96 -76 9 88 26 -82 -82 60 27 29 -83 -34 -58 -96 30 -44 -48 -9 -99 58 88 -5 93 50 87 -13 12 61 32 -86 95 19 58 -37 -39 47 -58 42 16 12 -43 -98 22 -3 19 -2 -39 -26 -42 67 50 -21 -24 73 -90 75 -94 -27 -69 -65 -31 99 61 -65 -82 44 74 -45 13
-89 29 78 -87 79 94 -94 37 -10 -76 -36 -12 58 -7 -49 -36 -86 -61 -59 -97 -13 -60 67 24 -89 -74 62 -91 70 56 63 45 -54 81 56 4 4 57 -6 -32 -26 40 21 81 -76 -73 -8 -76 78 -86 88 -91 72 -99 38 -44 -17 -59 -63 22 -29 -29 30 90 2 80 56 62 -94 -89 -32 -67 39 95 19 34 -63 -3 -48 93 6 77 66 -57 -67 34 20 3 -29 54 4 -51 -45 -38 -46 86 -20 -85 0 -75
1 -25 -80 -57 60 -87 80 20 85 -42 -38 -73 30 -49 10 1 -17 77 85 97 90 82 1 75 -96 -38 11 57 -91 76 45 18 74 -27 20 65 -49 -95 -21 25 -39 14 39 -33 -63 35 -92 -5 -49 -62 -40 32 88 80 -97 -50 -62 -45 50 95 -11 75 -35 -66 -27 -32 27 7 -69 -90 -15 1 -25 -85 80 -55 -26 86 33 -92 -39 -27 64 57 -20 -10 -96 -76 -45 54 -75 -95 -18 49 59 18 -21 18 5 75
-4 -10 14 -12 -73 31 -8 94 -70 -37 0 58 -1 64 -9 49 4 -94 29 24 -43 65 -50 -27 76 84 -17 -63 93 29 -6 13 -97 -11 81 -83 -41 -18 23 4 60 -76 1 66 56 -45 31 55 -73 -83 22 42 -7 92 40 58 7 94 -65 58 80 -97 -27 -82 -88 -70 -34 -83 -56 11 -57 -52 -37 74 98 -45 40 3 -61 -77 -91 -31 -26 55 63 -26 -46 1 74 10 94 -78 4 -57 -88 -46 39 -4 77 62
-70 26 52 62 -29 84 -37 -7 -83 42 -25 12 -13 -22 90 -40 -12 3 -48 -57 27 57 -22 56 69 5 -9 0 79 98 -37 47 -29 -90 -45 -9 94 -5 25 -72 -29 -57 -17 -3 -83 86 -32 86 -18 -33 -36 96 -78 -60 -99 52 -45 62 -73 -64 -97 99 59 -87 -62 -68 55 -79 -12 -34 -4 -86 -93 5 89 39 -48 77 95 -94 71 70 -12 49 40 38 1 35 38 -24 41 90 65 53 -71 5 55 -70 -72 -80
-39 -28 -4 16 29 -51 82 39 -82 22 -41 -18 3 88 0 23 -18 56 -75 -97 -73 -62 -94 -21 -81 -64 -46 4 4 46 15 58 96 -77 -27 47 -42 39 -21 39 1 -87 43 -65 -73 -65 3 -9 -59 -36 -8 83 82 -92 54 95 46 72 64 24 87 3 -36 25 11 -91 -62 97 -6 34 -71 -69 78 70 94 -76 84 -20 10 1 -8 58 70 -32 98 31 -31 62 6 43 -85 -42 -90 7 -40 85 38 14 31 76
32 50 -61 -65 -56 -18 -30 -46 3 -23 -100 -14 -75 -84 76 59 -54 99 20 36 69 69 58 -24 -43 -58 -80 -76 88 -35 98 57 -66 73 14 -93 -81 -4 -68 -82 24 -53 16 -24 40 -75 -60 89 -84 -62 68 51 -63 64 -54 81 40 96 26 76 -28 75 -45 9 -49 63 -85 7 -42 72 -88 -57 -33 -94 0 61 84 -40 -7 -51 -27 99 -25 -59 73 85 51 -76 86 -89 -84 50 -2 -93 -85 26 18 24 -41 -18
85 -14 -30 13 -14 -1 27 -92 -21 56 91 -78 68 -13 93 7 -41 -1 35 27 0 -81 -93 77 70 -42 -18 91 49 24 -11 -32 -22 53 85 -50 -7 -64 33 59 29 -66 -98 -63 11 92 25 80 31 71 45 -49 64 -95 18 53 49 -17 38 18 42 -85 -64 46 70 -13 -59 27 72 -41 -49 -55 47 80 51 -51 -80 -33 -94 -29 63 77 70 42 10 -81 -49 -2 -51 -26 -83 -28 -58 -29 -37 -45 -77 -57 24 -31
17 -25 18 -92 84 58 -77 39 -2 35 28 85 -58 -79 -47 -44 -33 2 3 43 -8 -84 80 92 -65 91 -44 -54 -7 -97 -72 5 41 94 -72 -54 72 -94 11 -30 -96 -14 62 30 -79 58 40 -57 -79 -91 14 29 -59 77 8 -81 -58 -32 52 65 91 -19 -67 94 -8 5 93 -12 -57 41 -87 40 -71 -56 64 -77 80 92 -33 44 -87 55 24 69 -40 23 -71 42 27 -66 -15 2 89 -56 -21 -79 -34 0 31 -36
87 2 75 -51 71 58 -93 -47 23 49 -2 -4 -46 -41 -64 -73 -61 -26 -27 67 -75 -44 -11 93 -34 93 -36 -79 38 -54 -13 25 -9 -98 54 71 69 67 10 6 -19 52 50 12 -13 -40 23 73 58 41 -28 62 -7 83 26 86 7 -61 63 48 -75 -15 -48 -30 97 -47 -70 72 91 53 65 -80 -63 72 1 81 37 20 -35 18 -100 69 19 50 -47 74 -47 -58 -78 -18 12 27 -11 -22 79 -63 -14 -82 -99 -1
46 78 8 -95 -34 46 83 36 53 -19 2 63 -91 89 98 7 55 -10 22 -55 48 -67 69 -1 -51 -66 -5 -72 63 -28 14 39 68 2 -70 50 33 -19 74 57 -18 -39 67 68 17 13 -76 97 -68 -19 -79 -39 -61 28 59 83 55 -14 49 55 36 -14 88 45 -29 23 -95 -23 -85 9 64 -73 -8 -71 99 60 80 15 -47 -57 -81 -82 -38 29 -37 82 49 25 -45 95 -60 -74 -1 -33 87 60 -56 -71 -75 -10
59 -14 -62 -20 15 -16 -38 26 53 76 30 53 1 -64 -15 -24 87 -36 28 13 -50 27 -11 66 10 29 94 94 22 78 -64 38 56 15 27 72 -69 -19 -61 -19 -2 -97 -3 -22 -20 -39 -72 65 -95 59 -2 -56 97 69 -11 -87 0 -89 -9 79 -5 -30 45 25 -28 -24 52 54 -44 -61 14 -49 92 75 -90 64 -63 -67 -93 50 -74 0 -62 -54 -36 -78 13 72 13 51 40 -10 43 70 41 -99 -60 40 -87 -50
45 -80 45 -8 62 -79 -46 84 -90 61 -17 14 38 20 -43 -34 -45 -31 -97 -34 65 -100 87 69 79 -47 -70 18 -74 29 14 -71 -47 -35 44 53 89 85 17 36 -58 -91 90 78 21 50 74 -84 -34 6 -39 60 92 -26 -44 -78 1 -98 16 61 -52 14 82 -10 -87 30 -85 -42 -84 93 -23 26 30 86 -22 46 -77 91 -92 -75 53 -21 -91 -93 -45 -46 78 -82 65 61 -49 -38 45 -38 34 54 -76 37 86 -22
37 -99 -32 98 -81 -31 -43 77 17 -85 -41 97 64 43 -9 46 -81 -76 45 -67 -81 -37 23 -63 -88 86 -61 -97 14 10 -64 96 -22 37 8 17 93 2 -79 -60 -91 -21 -8 37 27 17 1 -98 -47 72 -60 -4 69 -82 36 30 94 87 -83 17 18 92 -72 53 -24 -8 -77 77 -53 33 76 97 82 16 51 85 -82 92 -24 93 18 71 85 -48 -7 -79 -21 -7 29 -29 83 63 63 -50 79 -18 64 73 6 68
56 -64 -38 -63 -73 -32 -51 -76 -6 -77 67 -54 -75 -48 3 92 46 66 14 -54 -43 -40 24 75 98 66 7 -47 59 -26 53 40 72 -13 51 -24 -45 -77 32 -19 -74 27 3 47 -41 -95 34 8 -90 -59 -95 -90 -14 41 64 94 -30 -13 -45 55 33 62 98 45 84 23 -43 -17 85 4 95 50 36 -44 88 25 11 34 41 -67 18 -25 46 -23 5 59 11 21 -77 75 -49 -52 -18 51 92 -93 -78 -32 89 -70
-99 -31 76 -90 32 71 -24 32 -30 -44 55 -82 45 -37 -55 49 -93 -51 -17 47 -66 -83 65 11 10 36 -85 -5 -87 24 46 58 -35 49 -2 -47 -83 -45 -87 36 69 81 -87 48 -100 26 72 13 -69 47 -1 13 43 -20 50 38 -84 91 46 -57 -37 38 73 77 98 -63 -17 -20 -88 -36 -51 41 -62 4 50 -32 -64 -21 -74 87 -40 69 -28 7 27 58 -15 -20 -6 -62 -37 66 3 -88 58 64 -27 -14 -74 34
-48 -76 39 -30 75 50 84 -52 40 -10 20 -74 70 -25 96 -86 -23 25 -60 85 -9 -37 85 10 64 2 -51 99 -91 61 25 49 46 50 -47 -46 -43 -33 30 45 81 83 88 49 56 89 -21 -51 -6 0 -33 8 6 92 -37 -87 -59 -38 29 40 -73 83 -69 32 -60 26 -13 14 -33 45 -10 -17 93 -9 -36 -39 40 78 -47 -11 79 43 -94 -96 71 15 -16 18 -56 -65 91 -87 -32 48 28 1 -93 16 99 -83
-41 70 -14 -6 -84 -27 5 57 -65 26 -61 -54 55 95 19 -50 53 -23 -55 79 17 -67 -19 69 34 80 -79 -22 91 -55 92 -39 99 6 62 10 -60 -31 -3 13 -100 76 83 95 -21 91 1 71 -70 -99 19 -95 -100 -2 92 25 23 55 61 9 39 -21 -68 33 -77 55 99 -1 18 48 -34 -84 -28 24 9 93 -34 37 37 67 -31 -23 -48 76 -33 -87 70 49 53 13 -88 73 14 50 39 -14 -74 18 53 53
-56 -34 -36 -33 3 -24 5 -48 53 87 36 87 64 -30 -100 79 -62 47 61 -3 70 55 -34 -96 -95 38 63 -43 -77 -96 67 -9 72 94 -41 28 17 -50 56 -46 -68 66 -4 -39 -53 46 -30 -37 -58 -67 -72 86 96 -7 -88 -63 10 -14 -92 -20 12 23 -63 90 -67 24 96 -68 -61 -15 62 72 96 33 -87 55 33 -8 68 25 -44 -82 87 -37 41 -89 -53 99 4 -24 -14 21 -12 -10 -68 -16 -100 81 30 11
-98 -84 30 -74 -5 -20 23 -27 -60 11 -5 10 96 60 63 -10 -29 66 -25 93 72 22 71 -23 -45 -3 60 -13 -91 -37 86 22 -41 50 22 -78 -21 -97 85 65 67 15 46 71 4 86 64 -14 -65 8 72 -28 -4 73 13 17 -98 -83 75 87 -98 50 91 -6 -69 95 72 -21 30 85 -2 54 -17 -41 -8 24 -96 -88 13 -30 16 -65 -18 61 -70 81 63 15 15 97 69 14 99 20 -17 -15 -29 98 88 81
25 14 76 32 26 -70 -38 30 4 99 -66 -59 2 81 -87 17 -30 62 -81 3 57 62 1 -88 -10 -18 -63 -92 62 -49 -79 -78 9 3 39 -76 -8 88 29 71 30 13 22 32 98 -19 -30 26 -20 -92 26 36 98 70 -31 81 84 21 69 -59 46 -100 26 -41 31 78 0 16 -1 14 20 -29 -41 -81 53 -36 49 -15 34 -13 -20 70 40 -29 -41 -31 73 -59 -46 -80 -22 -25 28 31 56 88 80 -57 3 -82
98 67 -73 95 41 87 -95 50 -49 94 2 25 -41 -54 88 -18 -38 -84 -98 -94 84 98 -70 -57 -12 -14 -18 -75 60 -1 17 27 -81 99 58 66 68 -11 -72 82 15 -39 -56 -45 9 64 92 -88 86 -43 -32 -12 55 -2 -88 -27 9 97 -35 -14 53 11 -90 54 -33 -86 -4 62 2 61 49 -15 19 -44 -79 -63 53 -35 41 93 -2 71 9 -92 71 -65 -51 34 -39 -20 -78 36 36 4 95 -10 -27 16 78 24
