-2 -73 16 25 62 -100 -90 96 -22 -28 66 -28 -30 34 53 -6 -64 -60 18 14 48 -15 11 -29 -45 -18 92 23 2 -19 38 15 -40 -97 76 56 28 37 89 -31 16 -96 -23 81 41 5 5 67 17 -36 3 -64 50 84 92 -72 76 60 -28 8 80 5 -16 -20 41 95 -30 -28 -80 42 -75 7 97 -21 10 54 98 -50 -31 -79 21 37 55 6 -96 -44 1 -81 11 93 54 -6 30 -31 74 15 18 8 35 57
-98 -16 -62 52 54 16 12 -77 -69 -33 77 67 -56 20 75 -77 -87 -53 -33 -52 51 41 18 51 14 -10 -47 -83 79 12 -82 44 -97 93 -27 -91 81 -83 -85 -96 87 14 -31 62 -60 17 88 -52 85 63 20 -33 64 57 -41 -28 97 3 66 50 49 -20 61 -91 27 -73 -67 31 84 -56 -77 -35 94 -12 28 -85 67 -8 65 -99 65 -86 64 -69 -56 69 -72 -14 80 -95 8 -14 -35 -28 14 -82 75 -65 -11 -84
2 94 32 -68 81 51 71 -100 -45 -39 -78 -14 -68 19 96 7 -100 -16 57 -85 23 68 92 57 -31 55 -70 -75 28 80 -56 -88 61 -21 -11 75 -78 -8 92 5 5 -26 59 -11 -14 16 -84 58 64 67 -17 -42 -89 -67 65 -49 34 -16 54 48 -77 -62 -90 -55 86 70 24 -41 19 -76 53 62 28 42 -12 -67 20 55 59 38 68 54 -8 -49 51 -26 -41 79 4 21 51 -2 81 92 -39 28 -2 -25 -82 -55
95 77 37 -72 74 10 51 21 -90 -55 34 37 46 64 -97 78 -47 50 85 -45 35 53 -44 -63 58 -60 -86 -52 -54 79 -57 -34 -69 92 55 49 31 32 34 -91 -77 11 -82 -30 -6 -35 48 -72 -82 -95 -27 -49 90 0 3 -84 -19 -32 39 89 5 60 -6 -29 60 95 -60 -15 68 -1 10 -86 58 -80 13 -97 -53 31 -14 70 -88 -26 38 14 98 97 -44 -4 0 -73 -96 -100 96 51 18 45 -8 88 -64 -72
80 -2 -9 79 -48 78 32 -16 18 75 86 48 -97 -4 67 55 92 -89 -100 -92 80 -10 -22 -65 63 99 -82 27 21 18 6 93 -95 41 59 -71 -62 90 -38 -13 94 -1 34 85 60 22 47 -66 -50 -83 -22 69 72 48 -49 -93 16 12 -37 92 -31 -83 81 -25 -61 -22 -8 -35 -79 69 -88 0 -3 -10 -93 56 55 62 72 -87 30 -91 26 6 75 -16 25 76 -65 -8 38 -89 47 81 96 -55 -4 -26 8 97
32 -99 -90 78 -94 -76 1 -29 5 -34 10 -93 -39 76 18 39 -81 93 -37 41 89 92 -31 25 -37 34 -81 39 45 -27 3 -28 44 -53 28 56 -77 85 18 97 -57 -79 48 -31 95 30 -54 89 88 1 70 -25 98 -32 57 98 99 -32 -98 78 61 47 36 -68 0 -64 -64 17 -91 39 21 40 96 -29 97 75 41 -26 -68 55 41 89 -59 -62 26 58 -75 -1 71 -40 90 -95 95 -3 -90 -24 41 3 1 -4
61 -73 -11 -47 -87 -64 66 -34 86 -61 13 56 55 -50 -98 -19 -30 -25 97 -17 31 8 -14 31 -95 29 10 -17 83 -26 0 -41 -50 -84 76 73 -59 41 2 -97 -80 -9 9 58 -72 -88 -29 -77 -50 -75 45 -22 13 -66 77 -48 -83 67 17 -32 -87 -48 81 -80 -90 -52 -23 42 60 80 -4 93 -37 -44 27 69 95 70 39 -2 53 -41 37 -36 -2 5 73 -55 -22 32 -86 1 -41 -43 -93 -23 -50 78 -22 57
94 71 48 90 -12 75 -38 9 -2 -38 56 -11 -68 -77 10 -7 -23 58 46 -36 -40 42 91 -50 27 76 -40 20 -82 9 -6 84 65 28 92 -62 -29 -98 61 -72 -96 61 -64 11 -11 58 -37 -56 -61 74 10 19 80 79 32 -72 31 47 8 73 -1 61 90 61 -97 -29 90 99 -38 73 32 -53 70 -54 67 -63 0 74 62 -21 -63 82 -84 45 -65 72 46 -4 38 97 61 18 43 5 -94 99 57 60 75 -96
58 -85 -15 16 -49 75 -6 93 -45 67 5 -24 -94 -100 55 71 23 -23 -88 71 69 -43 96 -10 -33 -31 -7 84 70 -26 45 -97 -20 -41 48 -64 -80 79 -89 92 95 57 -73 -97 57 -97 -50 5 -66 43 75 -52 27 33 33 -87 71 30 -8 -73 89 -96 1 13 52 -30 -73 -45 -19 -88 -62 81 4 56 -39 -52 -88 55 95 53 -68 -45 -61 -60 -1 8 -78 -32 -52 -81 65 -49 -83 11 -40 48 39 56 94 14
67 82 -88 35 48 95 54 -69 68 62 -57 -29 32 -32 -84 92 31 80 -29 -84 -98 -45 75 44 93 -81 47 86 22 53 -46 31 -32 -40 -51 42 -21 -17 47 -14 17 -35 -97 -98 -91 0 -73 -32 -56 -97 50 47 39 20 -98 9 50 69 99 72 -41 64 -6 -70 92 -8 45 -58 10 51 -1 -53 35 -65 50 64 -20 35 64 -80 -68 -3 35 85 -100 25 -67 -9 38 2 -2 -25 35 -91 45 28 -84 -41 5 4
77 -78 -64 -70 -57 87 14 -54 -22 -18 36 60 -13 6 -44 -13 74 19 87 81 -1 31 -2 32 -31 24 60 -19 77 16 8 -19 94 -24 -16 77 -85 -9 -12 95 1 75 17 -37 -13 -94 -82 -63 16 -77 -62 -100 -79 55 -31 73 96 -62 -51 -28 1 60 -45 92 -29 42 -14 43 -68 43 -76 -90 89 -26 -69 -62 17 91 63 3 -4 -78 -89 -25 -66 -73 -12 92 13 38 -51 3 -69 -63 97 -10 55 -90 -30 -74
-21 -25 56 4 -30 67 99 63 -34 -70 62 -45 -11 81 76 62 89 -49 -19 29 63 75 7 71 36 -28 -25 -19 44 -62 12 81 -40 -41 -65 -50 69 -78 48 -45 78 -75 -46 -65 69 -21 -28 76 -12 97 51 -54 -63 -25 1 53 -71 -51 97 95 -91 -45 7 -11 -82 37 45 97 46 12 -13 -56 41 -78 -99 -82 58 -32 -54 98 -78 49 -7 18 86 94 58 76 -9 -40 62 11 22 -44 15 -92 -24 66 89 -6
-13 -90 22 -42 82 18 19 12 -80 81 -3 -9 89 44 71 -41 11 -16 52 39 -55 -5 -50 54 3 -10 59 -56 -32 21 -94 -27 -46 24 -56 -41 -77 -53 83 72 11 65 -39 56 -79 68 -67 1 8 -35 -70 -89 -75 59 -89 71 -73 -23 12 -20 30 51 27 17 -63 65 -56 17 -95 -95 9 13 6 -27 21 55 -85 78 54 97 3 -62 -72 -37 -86 -70 -90 -61 -54 -9 5 84 97 -52 12 -74 24 -42 5 -95
17 4 97 40 86 14 67 81 -48 80 56 37 11 43 57 -26 -63 39 50 -26 23 -65 -23 24 -45 -18 36 84 -52 -73 -2 84 92 -19 -40 -94 -96 -36 7 92 -90 -98 99 96 -2 21 -35 95 12 -25 13 -68 -48 -65 -5 -3 21 1 70 -48 82 -48 -11 99 7 33 -8 56 -63 -56 52 -35 -73 78 45 81 52 98 74 -53 -17 91 70 76 99 49 -91 5 -79 -69 76 -74 -55 -49 56 -93 0 97 91 62
60 91 75 -71 -8 -91 -99 -76 -14 -77 -36 38 6 -1 -32 -71 96 94 -1 -65 46 98 81 -75 82 -1 -47 6 -63 -78 51 -31 -61 72 -78 13 97 -21 -77 77 -12 16 -98 -44 52 30 -72 -35 25 37 20 75 -70 -61 -48 -15 62 19 -90 -11 -16 36 -70 -80 93 40 -51 -74 -90 43 32 -53 19 64 -93 -14 -70 49 7 80 -62 9 -99 16 -47 72 -74 -74 52 55 -60 52 -54 -66 -35 3 -3 36 3 11
-13 -70 -44 84 38 54 16 48 18 -59 61 -71 61 66 42 24 -22 58 -20 34 92 -75 -6 -98 24 78 -17 -87 53 -51 59 -51 65 -55 3 -19 67 72 57 -93 -9 81 -48 78 39 -55 90 56 77 67 60 46 25 -8 1 23 -71 44 -87 6 -31 83 -19 39 -98 -5 -43 83 -38 98 -43 43 26 14 46 -38 64 22 80 -77 -39 -44 4 -65 -29 -22 5 25 13 -5 -92 25 -88 36 51 88 91 98 -22 -70
-64 30 -9 -91 -32 -86 -17 32 -59 61 11 -19 -100 71 -99 -71 -3 11 86 40 -91 65 25 36 29 -9 -26 -68 -48 -16 6 97 71 29 29 92 -31 -90 94 -52 -51 54 56 70 93 -80 35 -25 -31 86 99 -28 12 47 65 -49 -88 -46 89 30 -85 54 39 -67 -49 -27 36 38 1 -19 -10 3 -30 10 84 -41 60 -31 84 77 -23 21 -44 -89 -47 -32 73 -37 -100 -22 58 -42 98 -48 38 83 -49 -1 -99 23
55 72 -99 -55 92 -42 -94 81 -39 48 30 19 25 99 34 61 -40 -58 -35 -9 -54 88 36 -10 25 -87 -96 -31 42 -71 -68 -90 -86 81 -76 87 26 85 -94 -31 10 -54 -59 -96 -90 -1 72 28 50 -17 78 -84 68 44 -71 68 37 98 -92 -91 27 82 62 16 -60 38 78 53 99 -25 -37 31 51 -86 -37 96 35 33 76 -13 -16 22 38 96 -33 -52 66 -88 37 27 2 -55 18 54 -21 -81 -60 54 -20 70
-94 -97 -85 -72 -27 81 38 4 60 -68 -33 -37 93 -97 -70 -82 49 56 -61 13 -42 -61 10 -93 97 -90 -41 36 -7 -85 -46 -75 -60 16 4 -53 30 -11 -16 47 91 84 -94 71 -65 83 -22 -2 -21 -79 55 -20 -50 -8 -90 64 -84 66 17 -51 91 -65 -32 -49 -36 84 -43 -68 -1 83 -66 75 -100 99 -32 28 54 16 -15 -80 -32 8 -65 -27 -77 38 -73 -75 9 -1 80 -55 -88 -75 -66 -28 64 79 -47 27
-90 92 -65 38 -67 74 7 48 95 -80 77 53 -32 65 2 -98 80 73 57 28 41 -59 -93 -25 64 -23 8 -55 -11 85 15 -67 44 -46 2 77 -9 46 96 -84 -76 -36 32 78 -10 23 19 32 -34 29 -54 -67 -33 66 -29 68 -23 69 87 -7 23 38 74 -40 69 -85 -16 -80 -21 -9 -60 2 91 23 77 40 -87 46 -9 -20 89 -27 -71 31 98 -47 -50 -74 4 -51 96 30 75 76 49 21 46 19 35 74
-94 -1 -39 82 31 -1 -44 -76 9 28 -35 -40 21 9 9 58 -25 -49 4 -33 -34 -58 26 39 -52 -23 -97 21 54 -4 49 -71 -26 93 -5 -36 25 -7 86 93 93 -37 23 -65 14 -16 -67 45 87 81 -32 28 39 96 40 33 5 36 -40 -83 20 -35 -77 6 -91 -3 -19 89 89 26 71 -21 73 -31 2 -80 -50 78 7 67 92 -2 -72 10 61 -43 28 76 -32 -60 -75 -81 -85 36 -83 43 -11 55 -82 -24
-14 -29 45 -90 -60 -80 -41 -4 -99 32 -5 43 -25 85 -13 -45 -41 -55 44 -67 2 -45 99 -40 -85 -33 64 65 -57 -36 -97 33 -45 -23 62 -66 37 -68 -19 -61 53 -16 45 -29 -99 22 12 -90 -73 -40 -28 30 -37 50 -74 -83 80 40 4 -90 45 21 -80 -76 2 -26 -83 22 90 -21 62 -38 51 36 -1 -77 -99 -52 -51 -4 62 90 35 61 44 85 35 -17 52 -12 87 -11 20 -45 -58 -45 76 60 13 41
-36 98 14 35 -75 43 -38 -4 -91 -46 26 -42 -96 -93 -82 -15 57 -48 30 98 93 -98 -56 -35 -6 77 57 42 85 26 -54 -99 10 -18 -45 60 -94 1 -33 56 68 39 -17 31 -54 -62 -58 -51 -30 -27 30 94 84 22 7 72 -87 86 56 -85 79 30 81 36 -51 -10 -86 -29 52 -74 -8 36 -73 -15 -45 -90 30 -58 23 -97 -69 56 -79 -4 -57 94 72 -3 94 -4 74 -39 -86 57 -50 -82 -57 -1 -7 -54
-16 0 41 -43 -94 0 -15 -88 -92 -88 -9 -84 -23 -49 -2 27 -24 44 -11 -20 -20 21 -50 -68 37 -61 -5 36 -33 83 -86 -40 2 -72 -39 53 -82 95 -62 24 -6 -14 21 -30 97 -84 -76 11 -31 53 86 89 -100 12 -64 -80 41 1 -75 50 -83 19 -17 98 -47 2 49 -1 28 -38 67 -24 61 -18 58 98 -63 80 -4 70 62 89 66 -83 73 -6 -60 -7 21 -85 -14 78 -5 87 -19 85 -31 30 -86 -39
-65 24 77 21 -90 67 80 -33 -40 -81 -31 48 -55 96 -62 -43 19 92 -27 49 40 71 -56 -16 41 19 -66 -50 -25 95 -40 -45 -85 -53 95 -99 88 91 80 67 -65 33 -89 -86 98 87 63 -15 89 40 3 12 38 68 -35 33 -89 46 -32 -88 37 62 97 -70 74 -9 -5 13 -13 61 -50 53 -42 -13 88 -86 36 51 -45 92 21 -53 -95 87 81 65 -28 -40 86 28 -100 48 -99 -62 74 -51 47 22 10 -22
-4 -48 -77 -26 -85 25 90 -54 19 82 -65 12 58 70 -96 8 20 81 -68 -60 -93 64 -67 -32 31 51 -22 0 -83 -41 -6 38 50 17 35 -90 75 7 -51 49 87 8 61 14 56 20 -71 10 66 43 38 37 11 38 -44 -99 -70 87 1 56 97 77 17 44 44 78 29 -1 -17 -52 5 99 3 -46 -11 30 -26 -87 -93 62 95 51 21 12 19 91 67 -6 13 -24 42 -13 15 -45 -87 20 -70 47 63 43
-88 -37 14 -85 -36 -29 76 99 97 -90 -25 13 66 -79 -56 75 69 83 67 32 74 -29 82 -4 23 -43 -40 90 52 -36 -50 56 87 60 -77 91 -51 61 0 91 23 91 -25 80 96 89 51 -90 4 19 -46 95 -4 27 -56 -43 -5 -98 91 23 9 10 -37 66 -90 97 13 -93 78 -97 19 -98 -56 -11 86 -34 -14 -82 6 -14 54 48 -67 -74 31 -55 54 -79 -73 59 92 -39 -92 1 76 -60 52 1 -3 -67
13 -13 17 -83 99 -75 -57 30 14 98 56 93 50 -46 -75 -96 -72 45 -74 78 -12 -58 -27 -20 -81 -100 78 17 81 -57 -55 -34 29 12 27 -48 -2 -98 37 25 -99 -18 32 -50 1 -13 -97 -56 29 3 -61 44 -81 20 -15 44 -72 74 -2 83 29 -58 -34 22 24 46 -92 37 26 32 82 -47 -49 61 -92 63 -25 38 -37 59 -37 31 22 -87 37 -73 -74 24 -84 -4 3 34 -17 33 -91 -16 -30 97 -49 80
88 55 53 28 65 79 41 57 -34 -6 95 97 -41 20 92 1 50 -84 -32 88 15 68 -34 -52 -10 -79 -64 99 38 19 10 -76 -24 72 -5 71 -37 53 78 -5 -47 -49 -65 35 -67 79 -62 -75 67 -18 -81 -15 -21 2 83 86 3 62 10 -93 -66 -75 -84 -84 11 -90 -14 -30 -95 84 0 -70 22 67 79 70 24 -60 -43 9 45 91 59 46 88 -18 -32 -66 -94 -48 -54 -53 62 5 -95 -84 13 51 47 40
-41 62 54 54 -71 5 73 63 -54 93 89 51 -4 -47 8 96 -38 42 -75 72 93 86 28 -57 94 -86 1 40 -27 -80 -65 49 -70 25 31 -41 -26 -93 73 89 19 88 30 -38 -74 45 -4 27 82 50 -91 -44 36 -64 -35 21 43 -45 -20 46 -48 5 -59 -43 27 -27 -5 51 84 39 81 -74 -46 -80 -80 90 -41 81 -24 -1 -99 -13 36 -33 -56 -86 67 58 80 92 0 84 60 36 -58 26 50 -72 58 -7
-53 -61 89 -60 59 -36 20 34 62 93 -14 -21 80 72 80 -26 -73 -28 -77 1 74 -74 81 76 56 68 -75 15 0 -26 -23 37 -23 -35 -89 24 -51 -58 58 51 14 -54 40 84 57 -37 -98 -4 0 35 -38 -58 -89 82 89 -23 -27 23 11 29 90 59 -75 -83 -73 71 62 41 -44 63 -65 -23 -32 -84 23 98 97 3 -72 -58 -4 34 88 -23 -100 -52 -1 78 25 78 -55 8 88 -8 -99 -5 -1 -6 57 -10
-7 -58 -56 98 -81 -39 -66 -87 53 91 -35 -39 -96 -86 15 67 70 63 -6 1 2 15 -50 3 11 99 50 -42 87 -86 38 -20 88 10 33 -11 94 61 -40 -57 44 -88 54 6 -78 2 83 -38 -46 72 -12 -75 -8 15 6 43 -93 40 93 -44 -81 87 45 47 42 -89 -64 52 71 -30 -22 -58 63 65 -26 70 -65 -8 12 -24 93 -40 -46 6 9 -11 -12 -31 -66 -64 84 72 29 -95 98 87 91 8 -22 -14
-99 58 -94 -72 26 55 -52 24 -22 96 -90 -42 33 12 91 97 -19 -61 -45 65 -85 79 -70 42 -31 -54 16 -81 -67 1 75 -74 37 -12 -87 75 -81 8 59 43 78 -20 91 19 -83 -53 -4 79 18 48 -65 -34 23 -22 19 16 -2 -35 21 69 -98 81 -99 -85 44 44 -6 40 17 72 51 -17 63 15 -45 -57 5 73 15 29 -58 -97 56 17 -1 -8 -64 -100 -46 -55 23 -46 34 25 45 -57 -77 -33 -78 61
2 -18 -46 -54 -29 -64 -66 -60 -25 99 9 44 65 -71 -88 -41 94 -26 40 -64 -9 99 -92 21 -33 -36 -77 23 74 -66 77 16 31 -29 -24 -17 3 85 82 33 -17 29 -96 56 23 39 -61 16 66 -31 59 48 -93 71 37 19 91 18 58 -67 -39 45 84 -59 49 27 65 52 24 -6 23 11 -63 -48 -82 -34 81 49 -23 -25 -18 93 -50 13 -41 -34 91 70 -39 -21 17 11 -81 -15 -36 -33 -50 56 -48 33
-53 21 79 21 -97 42 -21 18 -68 68 -36 64 14 81 57 -33 57 -36 87 77 -34 -22 1 34 54 22 43 -61 56 19 80 -41 37 -70 84 60 -95 42 -36 -74 49 38 -95 14 23 -71 -68 -73 82 99 3 36 62 87 -82 37 44 -77 -70 47 57 86 -77 -97 22 -18 -74 12 35 -34 48 -20 51 7 68 97 21 -77 -96 -19 50 -90 -67 -16 83 6 -55 84 -43 -73 7 -13 -62 -100 41 -41 88 -60 -23 -70
40 75 56 90 5 -64 87 -77 83 75 -50 8 70 71 -84 -12 57 -39 -55 52 -61 83 -12 -75 80 -16 -70 -42 3 20 95 19 59 -35 37 9 70 28 -72 -14 -46 76 33 -5 -66 92 41 -28 -78 37 98 -34 39 -94 52 16 -19 -7 -79 -86 -84 70 -46 2 36 -75 -89 53 94 -73 56 19 18 0 -69 -57 -18 19 -9 -44 -6 -70 3 41 -91 83 -86 -5 67 73 56 55 -68 0 -27 72 59 -66 42 -88
-42 97 52 -53 67 28 60 -32 -96 -67 -77 -43 -64 -33 -36 -56 8 -55 -26 -23 -41 -100 -82 -43 68 -18 17 -20 -86 45 -93 -71 92 28 7 -44 -82 19 -30 -69 -98 -50 -68 -65 34 -47 -86 -15 75 22 -41 -32 -50 50 -40 -66 31 -45 -87 76 29 95 46 -76 -12 -40 60 63 -78 -93 -79 57 9 -78 -79 -48 73 85 -73 -56 -61 -24 28 -100 25 42 -76 -39 52 71 -17 -22 22 -23 6 58 -60 90 -84 -84
-17 44 -77 -58 50 -23 42 -9 -53 28 71 -49 79 33 -86 -7 70 63 -6 -11 17 -64 -74 64 -19 74 -86 19 42 25 12 0 -77 -95 -52 82 96 72 -75 33 7 -17 22 1 -23 -46 53 97 -37 -14 36 57 -36 -2 49 42 28 21 55 -36 11 -1 -12 9 -27 -56 -84 -100 -62 -84 22 -33 -33 -27 -91 31 -56 95 -5 -20 -23 -34 -50 13 66 28 22 4 -35 72 14 80 -36 79 15 26 0 -14 -43 -84
-61 -70 -71 -85 -37 47 -37 -72 65 -79 82 -53 21 0 -59 84 14 -71 -46 -58 15 2 -96 29 3 -77 32 -36 44 89 -52 -25 -94 -9 -45 -35 -28 63 -53 -71 58 13 59 -61 44 -63 49 -41 -97 -38 54 90 -20 99 -66 -79 -52 65 -36 43 -46 -34 -48 -79 -41 35 -51 71 15 13 -1 27 34 9 -51 94 36 -13 36 -85 -91 -45 95 -57 -39 -50 2 -13 63 66 69 0 21 -89 11 15 16 -48 -21 51
97 44 30 13 15 89 -74 30 -75 63 -69 63 82 -64 83 59 -73 14 -48 -99 -8 -45 -79 -82 10 13 -48 25 -40 -70 38 66 -88 78 -79 -30 20 30 -69 -26 -3 -22 -29 -20 -47 96 41 35 95 7 65 -55 70 25 6 71 73 32 1 40 70 -50 11 74 -91 -99 23 -67 -17 56 7 -92 62 15 14 -78 -79 -64 -21 50 55 -100 -57 -63 -24 21 77 -90 -42 56 41 -24 -71 -99 30 35 59 44 39 99
96 16 -58 56 3 -57 82 77 -24 60 -28 39 -55 -7 94 36 95 31 52 -63 -8 -64 -49 -24 93 80 -37 59 -19 -36 10 89 87 -29 86 15 16 -44 39 76 -48 -86 78 -78 92 41 -95 53 -45 89 -98 -30 -37 -68 55 -20 -26 -99 47 -48 -83 75 -48 -37 33 72 -81 10 -88 -68 -78 -61 -21 -40 -35 0 -14 71 -7 -22 -41 63 -23 29 18 -69 44 -12 -81 7 63 4 68 -87 99 10 -89 -63 -24 78
34 70 -84 26 -6 -7 26 -5 71 90 -58 76 46 -50 -26 20 -50 82 -13 -58 -34 2 -58 -19 -80 -12 -97 52 82 -94 -95 -98 -59 -15 -54 97 -92 -30 -77 -67 -93 -53 31 43 -97 94 24 -61 -50 81 70 85 -51 46 10 -58 -27 -40 -68 55 -52 6 38 4 -79 67 38 19 -41 -57 -100 81 24 40 -80 -64 59 -21 84 -85 -91 19 38 2 -38 -41 -98 95 -31 97 21 16 -1 26 -6 82 -45 -89 15 -68
68 50 -97 -53 19 -72 -13 31 76 -68 -100 -95 -90 80 82 25 -55 50 39 71 38 4 98 0 -28 -45 36 -14 33 -25 -96 -19 17 -46 41 -38 60 -87 -1 7 -82 85 20 -28 33 41 91 -26 -51 -10 85 -44 -69 -75 -4 2 63 -13 -7 -17 -6 -89 -41 7 89 47 41 10 -4 74 -87 52 -57 -87 -52 -70 -74 49 6 -68 96 -23 -19 13 -72 -71 90 77 -66 10 45 -57 22 89 88 -46 -5 -85 26 -85
-34 -28 37 59 -34 25 -47 -61 85 -11 -75 -93 -62 -17 30 -62 -21 -97 76 61 61 -100 -67 -42 -67 50 -86 -89 29 -87 -21 76 -15 20 -2 72 -23 -47 93 17 -3 -92 -77 18 -22 -21 42 43 48 -24 10 97 87 -98 -92 -36 10 -100 43 95 -27 62 94 85 -36 -33 -21 92 45 -77 -43 87 -86 52 21 74 54 10 -8 -18 -82 10 -68 94 -10 -27 81 -34 -37 -23 40 90 -69 22 33 -71 -26 39 -60 20
-18 -48 -55 87 -10 -30 -34 -93 78 -13 -21 55 39 60 -91 -17 -79 18 -46 -24 68 8 -90 64 -45 -83 -27 -38 68 80 61 -59 -92 13 -40 97 53 2 74 -45 -31 -46 -81 21 -76 -59 -29 -46 0 -55 81 -70 85 72 -48 -92 -100 -50 -92 -97 9 -79 42 -46 89 74 -39 47 42 14 -16 -76 -35 87 26 82 12 -51 10 -99 -86 28 50 -5 98 -3 -21 -27 30 -7 -67 95 -18 -22 -21 -60 -36 32 -54 0
-63 -73 -9 52 -81 -59 0 87 -27 85 74 60 65 51 93 27 -96 32 -20 -3 -97 -99 12 89 -80 -98 -19 -72 -33 -72 -6 -53 29 73 17 63 -73 8 1 -26 85 -45 -45 -67 -15 -100 -71 -45 -17 -49 4 0 8 -90 -58 96 -31 -67 -17 79 -69 -82 -27 78 -25 -56 39 -89 -18 27 65 72 -45 86 -26 -74 -17 -46 92 5 21 39 -54 9 81 -4 93 65 -30 -30 35 2 48 -17 69 -31 44 11 51 -19
-77 80 83 -1 11 49 -55 33 10 29 -63 20 80 -60 -60 -66 -2 62 0 -73 9 40 89 91 52 36 69 -77 95 -61 74 -32 -3 21 -14 30 -53 -68 -48 13 -66 -83 -48 63 74 -8 2 -11 23 -68 70 59 13 -65 -11 83 -53 -34 -99 43 24 -66 -5 12 83 35 72 -75 -78 -60 -43 37 -84 -15 -84 -3 -2 -74 -43 60 -98 0 31 -88 -27 -35 -79 93 73 77 -66 -50 2 -11 -60 76 -57 66 -62 90
60 -74 -87 -76 76 -19 60 75 -44 35 -96 99 -99 53 32 -16 -43 1 0 -26 17 -8 83 -46 65 59 -41 -62 -4 -71 8 -10 -50 51 -80 88 14 -84 38 35 -17 47 37 -6 -81 -43 -29 59 69 -81 90 -21 78 27 -80 -67 -43 0 -9 -47 63 -26 -18 4 30 -62 24 -63 -45 -55 -78 -64 -16 84 -4 -69 30 -47 46 16 6 -87 -22 -40 49 54 -58 -52 -95 -22 -52 -2 65 -69 27 46 42 98 -60 -80
-3 -13 -82 -74 -63 -96 96 57 -61 48 35 -33 2 -19 -34 93 -9 -24 14 -48 97 -88 -94 -96 28 -99 89 -5 -12 -37 67 -86 75 5 71 27 -13 -64 28 67 1 -63 -24 -96 36 77 -5 -93 -40 45 -26 -30 -56 90 68 71 99 -66 62 15 -19 5 47 -6 96 94 74 65 -97 -87 -75 -41 -4 -45 -43 35 45 -98 68 55 -70 23 22 71 15 -43 -12 -5 -94 15 63 -44 -16 98 -26 -20 57 99 24 40
59 36 -95 -76 18 -79 -54 -53 71 81 40 -71 42 37 68 -85 -100 27 -23 -53 20 -40 38 32 -35 52 -28 48 82 -7 -21 70 -89 -44 -37 -90 -99 -72 -75 11 54 -28 16 30 -80 21 53 -46 92 -44 -56 12 19 -80 -75 25 52 -58 -45 95 23 -15 -8 -84 77 9 84 -5 -96 13 -9 -97 -6 -37 85 3 -19 20 -60 54 17 -72 30 -86 -32 -38 27 -55 -82 -21 39 80 -57 2 -79 -92 -92 -83 92 -91
6 43 -93 -52 -6 -45 90 81 -43 67 -86 27 -76 -95 93 -74 76 -38 -5 -30 69 -21 53 20 -9 -72 -3 33 -78 -13 -7 46 -18 -4 -43 -70 30 88 34 8 38 6 -3 61 72 -58 -99 35 25 -5 -57 4 -98 41 66 -28 4 -96 35 28 -74 -90 -79 2 -85 -80 -91 9 14 -13 -6 50 59 14 -75 85 -16 94 59 2 41 -99 81 23 -73 52 77 49 7 79 -40 -54 -70 78 -62 15 76 37 -61 -42
89 31 -66 -63 -16 -98 -79 36 -9 56 95 29 68 22 -75 -100 -78 10 -98 95 -69 -65 -75 -61 44 -60 49 80 39 20 76 -88 -66 -53 -24 -99 2 -11 39 10 50 82 -83 61 -46 -51 5 48 36 75 76 -44 -26 41 -8 -74 74 -85 -79 -97 67 45 34 -69 -83 60 -75 22 68 -21 58 24 -1 -29 -3 41 -90 -80 -90 -11 -41 -23 94 -89 50 -48 28 48 -51 51 -59 45 -67 -26 13 12 -94 -44 -17 -36
70 59 -47 23 -81 -55 92 -23 10 62 -24 -74 -24 -68 1 32 -3 98 76 -59 -49 -41 0 -93 -98 93 3 -9 73 32 36 -59 63 81 19 -79 39 -19 57 -14 -4 -96 26 85 -8 94 87 59 -45 -71 -44 31 -82 22 60 -94 -68 -64 -74 -57 21 30 -9 58 14 -83 -87 -65 60 47 63 -61 10 -27 41 85 47 -38 -37 72 -70 -48 -73 -46 -83 87 70 14 95 -3 -7 -98 20 -92 -39 -94 -34 72 17 -40
71 23 -14 79 53 -90 21 70 7 -52 1 -33 14 -66 -37 -97 68 -98 -89 77 32 48 65 -43 -84 -53 61 19 -10 77 71 30 71 -37 62 -36 -83 -93 -28 45 94 26 91 41 -36 57 52 90 9 33 -59 98 -10 3 -75 -16 29 89 83 -59 50 -71 95 91 92 83 50 20 44 97 42 -29 -24 -98 76 34 -100 -40 26 -92 5 17 -26 -15 81 71 76 53 77 17 72 57 -63 55 84 -7 86 -41 -95 -88
-28 33 24 -35 91 2 -69 -88 59 -13 -82 -74 78 20 -58 88 46 -69 35 -77 91 63 -2 -91 60 -27 -70 -31 46 54 61 82 -33 -27 -68 8 3 -79 63 -58 74 -26 98 43 -99 -5 -64 -45 -59 -21 -64 53 97 -59 -12 50 31 -72 -74 -89 43 21 -11 23 -26 -93 -83 -6 51 72 -89 80 75 79 74 68 15 -95 -10 90 80 44 2 -94 76 90 -100 38 96 -98 89 94 -54 -40 95 -32 96 13 -70 -50
88 30 88 -19 39 45 -65 -95 -60 57 52 -62 -63 67 43 39 87 60 -42 -50 -40 -59 -2 -90 93 73 20 -90 93 -50 -48 -67 -92 -64 72 -100 89 24 85 -16 54 84 31 86 -42 -40 69 29 -32 -42 -72 86 -43 -16 80 -95 -54 26 -32 -71 -80 97 -67 -80 -89 -54 82 -92 39 88 -55 25 -8 -17 -53 -37 -25 -12 5 -59 94 74 71 63 86 -48 60 90 94 -93 74 73 -5 17 78 -70 74 4 12 -88
-90 -21 83 6 -9 66 48 -69 64 48 -84 56 9 -86 -39 31 0 -4 68 -41 -72 -69 -10 84 56 61 -51 43 -12 -69 56 -67 -12 -75 -7 40 -82 33 54 -50 17 -1 -86 33 62 29 6 -91 -27 48 -25 -66 42 24 -44 -30 -93 -33 -81 -45 86 59 -96 25 88 -48 -57 -3 -93 59 13 -2 15 -46 50 -31 18 24 -21 -1 73 -43 -98 -25 30 23 84 78 1 -67 63 39 29 -57 26 4 18 -2 -18 36
76 18 28 -50 -83 55 74 -56 -43 -39 66 48 10 -28 55 -59 -61 23 38 14 78 -5 -22 94 30 49 -56 -47 54 -3 -49 -68 35 -52 -92 96 -98 84 -17 7 13 69 54 56 -78 70 82 -13 26 -77 18 -79 43 40 -69 10 59 32 12 74 19 -12 70 -99 -62 90 -20 11 -4 -19 88 -80 72 97 -34 -21 -10 -21 75 -89 57 -44 -6 -52 -63 -68 42 -49 -89 -65 -85 6 -89 -78 50 -84 39 18 -53 -16
4 -23 37 91 -23 58 39 60 -35 -35 27 -16 -69 -99 93 81 -4 3 39 -42 36 90 -24 48 -6 -26 -70 77 -24 55 37 -65 83 44 19 -100 -95 -41 -86 59 41 5 89 70 -64 -53 6 -92 4 -98 18 19 50 -48 6 -33 98 51 90 -68 -33 -89 -47 36 -50 -87 -83 -33 -85 15 -13 14 52 -72 -21 -79 61 66 -83 90 0 -46 23 -31 -12 7 82 50 78 -75 45 -73 29 -69 -49 -35 -54 -25 -28 -94
44 11 27 -88 16 99 64 -88 92 -32 -8 -60 78 -5 -72 93 35 -95 -58 -75 -77 7 -10 48 71 23 -56 -44 -23 -13 34 -16 -17 -100 -40 6 -3 60 -73 -85 -23 -80 45 84 98 -99 13 -81 99 -87 23 -17 -27 52 -12 -45 -16 -24 54 10 31 25 -47 -94 -27 -80 -85 8 -21 -7 -56 73 57 62 -27 -69 -6 52 53 35 78 49 9 30 -73 84 58 -59 2 -95 75 -41 36 -86 80 -19 -96 82 -96 -30
-86 -72 14 29 1 -99 -14 14 -5 -7 51 -51 72 89 64 -20 80 89 -92 -56 84 72 32 85 78 66 66 -20 61 31 13 -41 -65 82 -25 1 72 9 -63 -9 8 21 -6 51 -94 46 -58 12 11 -94 -50 86 22 47 -72 55 -84 -14 -18 -43 -100 16 -42 59 77 73 -55 96 70 -62 -81 30 64 -56 67 6 -18 -97 -67 -92 -20 -71 2 2 25 -80 95 19 26 -29 15 32 -88 -3 41 26 36 36 -80 -91
-100 5 -28 52 33 74 84 -37 -89 51 -98 13 -64 86 -10 -35 -56 56 -54 17 -5 17 45 -12 82 -45 64 -18 64 -30 30 -42 -8 77 -61 -4 -14 17 18 -2 96 -27 26 -76 38 36 -62 -75 -6 59 -79 -20 -36 -69 -39 -66 -96 -80 63 -22 49 -39 -53 6 -99 27 -8 93 -29 33 97 41 43 -28 -64 20 -84 -84 -98 -21 -75 -3 22 57 40 79 84 4 67 -44 -56 -59 -100 -91 98 91 45 24 -49 61
56 39 27 -50 17 8 -45 91 80 -80 55 4 -41 -78 -25 -22 41 5 -21 -82 -9 -3 -80 -51 -27 10 15 -1 77 -46 -87 -99 -68 34 21 28 -86 -9 7 -98 46 -59 -11 46 39 -30 78 72 12 84 15 70 18 67 -23 1 13 -6 45 -31 45 -28 80 82 75 13 -41 -48 -49 -3 -34 -32 -2 -33 93 79 -4 18 -68 -34 -14 81 -73 -74 -83 -91 70 -89 -54 68 34 -82 -42 47 94 14 -44 37 79 95
26 66 51 13 29 50 6 54 -59 34 -89 16 -23 98 -99 -6 -73 33 58 26 59 -78 -21 -69 -42 60 23 48 -66 91 -25 -97 -90 -51 -34 64 -44 -78 38 91 36 69 56 -100 68 96 -59 19 -92 78 28 75 8 96 65 28 29 43 18 49 98 34 82 -96 -97 47 -94 58 -39 19 -93 -94 -13 -11 78 76 32 10 -38 -1 -44 -84 95 22 62 -68 -36 -22 -100 86 -37 -19 79 62 -87 -61 10 -13 -73 -11
0 77 20 -21 -85 50 -85 -46 -92 84 10 82 87 53 77 40 19 28 75 90 29 49 0 7 82 -7 -93 -13 -10 -59 -36 45 6 33 96 -90 -37 -65 -25 -2 56 -21 3 -26 -82 -16 -67 -33 98 88 -47 54 57 3 69 31 -67 -10 64 -90 86 -21 -80 -60 46 62 -1 -37 52 41 42 89 37 -53 -57 23 5 23 -50 33 14 -69 -37 -49 -42 -72 -91 49 76 -29 49 -87 99 -28 -10 -79 -36 -83 -69 -13
19 -68 91 64 -12 -23 73 68 -94 -48 72 -53 -20 49 -4 -70 -53 25 71 89 0 86 80 -13 -76 -99 73 83 -78 -19 26 -34 -51 -50 93 89 -77 96 10 -63 -4 -54 92 74 60 26 76 -8 -38 -69 -32 36 -86 36 40 -42 97 90 49 -91 52 -63 86 49 90 58 81 99 -57 87 -15 -53 -53 71 43 -54 4 -67 -79 67 -4 38 -12 95 53 -100 22 28 -69 -27 -21 -67 -28 13 20 45 -73 15 -91 28
-68 51 -11 -83 -83 -2 -30 -64 44 2 61 72 -44 47 93 35 77 -12 62 -43 73 -85 -90 42 51 41 -24 52 -88 71 39 97 64 -1 -78 54 -10 -92 -47 -78 -93 31 68 -65 34 61 -36 -28 26 -78 -45 2 31 -25 38 -7 5 -24 -27 -94 -74 30 -57 -19 52 -12 -78 -17 35 -78 -94 47 -63 76 -84 -3 -88 22 -65 64 11 -18 -59 28 -19 -61 78 -82 -73 60 76 65 40 95 -71 96 27 -94 -28 59
-39 11 41 92 -25 -12 -46 50 58 -25 -4 84 -38 40 13 -43 -22 76 74 -91 63 10 95 -12 61 -47 74 49 -6 31 0 51 -64 17 -91 85 8 -88 4 33 -11 51 55 -90 -20 7 85 -64 -31 93 -44 -59 -69 -10 15 79 48 7 77 74 -58 -96 -86 -25 -18 97 -26 -83 -75 -16 -77 60 -44 62 67 -36 83 -40 -21 62 90 -46 14 52 -10 -67 1 -91 -91 -84 -84 -100 -53 95 -74 -85 0 68 77 -43
-67 -54 -43 -33 51 25 -91 8 70 -55 -75 26 79 -37 56 8 70 -35 -91 -47 85 -13 -34 66 96 63 -13 -19 -23 -73 -10 54 -73 -91 -93 72 83 -73 -58 -68 -85 -77 51 -88 -79 -42 81 53 67 -62 17 51 21 -84 -43 41 -34 -21 33 48 93 41 95 -73 98 -12 -83 14 85 98 -48 -32 -6 -64 -31 66 45 -18 -21 -78 -40 32 -34 92 16 17 86 62 33 -5 -47 -10 58 -94 -86 -67 53 58 -91 34
49 80 -40 78 -86 78 -5 8 13 22 76 -95 31 -79 6 53 72 3 69 -9 -35 -58 52 -55 -39 98 79 18 84 30 85 3 87 75 94 50 52 -6 -81 64 56 22 -4 -6 38 27 84 -86 48 89 -97 78 -61 -15 -40 -12 51 40 52 70 23 -87 89 -67 4 -40 -81 -68 32 -33 93 24 20 -79 -95 86 -43 76 -60 -85 85 47 -4 41 95 -66 13 -61 47 -22 -95 74 -12 -86 -24 -35 -47 -76 -15 -3
68 -35 -38 77 82 -3 -29 -16 42 30 -67 -59 65 -93 62 -57 90 -16 78 -41 33 -31 -83 -21 28 96 50 -78 -30 -20 31 -95 90 7 40 -69 91 9 -95 -8 22 -40 81 -36 -55 -23 -12 -41 -23 -62 -90 -11 10 32 1 -48 -1 -43 -62 57 57 -34 -94 41 19 82 90 1 -57 29 -21 -98 -39 -10 -86 25 72 -22 54 81 66 97 -36 -35 45 64 7 -59 -81 -97 -57 17 -96 61 39 95 54 -100 90 87
-12 -38 86 -30 47 -24 45 56 4 -41 -94 -67 -47 42 1 68 93 62 -33 -70 22 46 -45 78 -21 45 -71 -24 84 49 -32 10 -11 -54 -11 -12 44 1 43 67 60 56 99 -20 -2 -35 -92 -87 2 -30 3 -90 5 64 24 29 -12 48 88 -91 -97 22 -29 84 35 -19 -4 -37 83 85 8 31 7 -58 96 -8 66 -59 -74 -11 -24 -31 11 1 -31 -79 -52 65 19 -78 -80 22 29 27 93 -50 -81 -77 -17 94
11 -81 -12 28 89 50 26 -16 20 -47 17 -99 61 22 9 35 -90 -44 -62 9 41 -18 -87 89 -36 -60 46 90 -45 5 86 81 -15 -100 23 -32 40 -13 96 -63 21 -1 -72 -3 6 42 46 -61 -69 -79 53 -6 -27 -10 10 17 1 -71 90 58 -34 -68 -16 34 -91 88 28 -32 -46 32 70 85 75 86 -23 -45 -73 -12 15 -92 51 59 -53 -7 52 5 32 -31 -70 61 6 86 -82 11 -60 -58 -22 -54 99 -83
-40 97 38 -20 -85 -33 3 -9 -53 -27 -79 -63 35 -82 -27 -3 67 65 81 76 55 -11 -21 79 68 -84 44 64 -23 40 -71 -23 88 -16 -87 -75 70 77 89 98 -46 20 32 -60 -74 96 -60 -89 10 35 70 34 -49 -89 -59 -32 88 19 76 -38 -20 87 3 -12 16 11 91 -44 18 18 51 -40 -64 -78 -48 -92 89 -97 -77 47 -17 -9 32 42 -54 -3 18 -61 42 92 95 49 65 -93 67 -68 39 6 30 -78
28 61 56 -13 -31 83 69 -97 44 -5 27 29 -30 20 -2 -59 48 -1 8 59 96 95 47 73 -32 -39 1 58 63 -43 -44 89 -77 -69 11 -45 74 -96 37 -57 23 -2 53 79 33 39 37 94 51 4 -68 -68 -83 7 8 -27 70 -82 -90 26 90 31 -43 -87 83 -12 -97 71 15 46 42 -8 -42 -39 86 -6 95 58 3 25 -27 -50 44 5 -71 84 35 -25 -10 -9 70 -54 49 -98 -91 9 -37 96 90 95
44 -17 36 -5 77 -13 -88 -24 31 -79 63 69 -69 95 -67 67 75 -69 81 27 -44 28 -64 -88 -23 -94 -3 -87 53 28 -88 -87 26 16 -86 99 25 28 31 40 62 39 11 -74 21 63 -53 14 -42 15 33 -89 92 78 62 66 41 23 95 -71 73 65 0 -57 -67 20 -58 -72 -20 14 72 -70 87 -45 -26 -2 44 -93 25 81 0 58 1 51 52 -64 28 91 74 53 44 -51 -65 40 67 -51 70 -16 12 -1
6 60 -59 -29 -24 -100 -44 84 -59 -54 91 86 -3 53 84 21 20 -58 37 -6 13 26 9 25 55 -14 -81 54 6 -12 42 57 -79 -93 9 -47 -74 -88 37 73 0 44 -61 44 -81 89 -44 -50 65 13 53 40 -44 -54 65 28 -53 -63 -39 -16 -79 65 -25 31 62 52 10 -71 14 8 -33 -41 30 -99 43 35 12 -100 -71 99 10 79 -75 -99 -86 50 -28 54 45 15 -59 -77 -18 -5 -7 60 -5 23 62 48
6 -33 -4 37 -44 -76 -86 -65 54 -3 66 96 -33 -95 57 -61 24 -46 56 79 5 -7 58 77 6 57 -93 95 -87 -32 -9 83 -18 95 -6 20 73 39 -16 13 65 -56 -35 -92 -84 14 62 -13 73 -90 39 -53 -95 -14 -55 -93 -91 65 -10 -67 -81 89 67 89 -27 72 52 -97 48 71 -68 -64 86 -13 -89 13 -99 -73 88 26 -73 -11 77 29 -37 77 54 -62 -75 -74 -96 32 -75 -78 72 9 55 -68 -43 41
7 49 -42 -21 39 -64 59 -68 -15 31 84 -23 -26 -58 54 -70 -63 -37 89 55 -72 99 21 -75 41 61 62 63 -88 41 -24 67 -9 61 -30 -46 -47 94 -66 -55 -83 -21 84 -86 -36 -5 69 1 -71 41 -13 96 26 -2 6 35 -15 -97 -47 -61 21 91 31 -27 22 87 -3 -31 13 96 -5 -54 -34 -72 18 -60 -48 25 68 35 -17 -50 -63 -91 -90 76 41 36 38 31 -42 -42 7 1 6 -56 29 79 -38 -40
58 9 -73 -93 86 -34 -43 85 -7 6 25 -98 86 -52 -27 -90 24 96 19 -27 71 -91 6 -11 11 -77 5 57 -78 -52 -76 -29 4 -29 18 -26 19 85 45 93 -41 -26 -40 83 -70 -29 -91 99 -61 -43 -70 -80 -31 45 -88 -59 57 39 -54 22 -59 94 -31 -30 51 27 -34 20 -11 -46 -49 42 -90 75 62 38 -41 -44 15 -39 72 21 -18 -49 61 -10 9 -30 -69 -21 -90 50 -35 57 -41 43 -41 16 74 -40
34 -80 60 -68 -12 -30 -43 -51 -48 -91 35 -99 -72 -10 -10 21 -31 96 -39 -3 -76 -99 -25 43 40 26 -55 55 0 62 66 17 -72 -13 -4 49 18 -2 -29 -5 -84 -59 -45 35 -7 13 -69 81 94 56 68 72 -27 -14 52 -84 11 54 -62 3 85 86 -8 3 -45 -12 23 22 -32 2 57 97 24 89 26 -64 62 48 -83 -5 -22 -28 -78 47 -59 48 -66 -31 -81 65 -100 -28 -91 -19 83 81 -88 -92 13 -55
23 15 -40 -55 -27 52 24 96 -28 -68 -3 61 -94 -48 24 -49 -16 55 -80 -1 38 13 -77 30 -25 66 -21 28 61 -37 -30 -78 75 77 -66 83 5 52 -82 30 -41 -90 -52 -85 52 32 53 -49 99 -27 -92 -31 61 12 -7 -55 -19 92 41 97 -95 84 1 70 -33 93 -15 -59 -75 71 -57 -7 -67 40 -25 2 94 -12 87 -85 -2 -21 -71 -23 54 -85 17 -83 61 70 88 -71 18 -88 -23 -2 65 -78 16 36
25 -56 -12 21 75 -58 63 47 -13 23 -43 -35 67 26 38 67 -70 -63 -62 -44 25 32 39 27 -64 3 60 47 67 54 29 45 82 83 -98 -44 -57 36 6 85 -100 -15 -91 -29 -42 -28 47 -74 -24 -76 26 -36 -85 65 43 60 -60 -2 18 85 97 13 -83 14 18 23 -61 95 84 -23 84 43 81 70 4 -84 27 64 82 93 91 61 28 57 50 -60 -28 -67 49 20 23 44 90 23 -60 67 -38 64 27 72
-100 -78 5 60 -39 -53 75 75 52 12 -46 45 48 -2 -78 -85 -43 41 -52 99 -52 -95 -6 8 -64 38 13 22 -70 56 -4 -48 20 33 77 88 17 10 42 62 4 -77 -11 65 -3 -94 -85 84 -43 -89 -4 -99 -71 -61 -9 -85 0 -96 -96 -86 40 85 77 -96 -48 57 30 -31 -21 -49 -7 -46 -20 -8 45 -94 32 -56 -20 28 -35 -1 11 -3 -100 46 83 -32 -41 64 -3 27 -59 -55 14 82 46 21 -62 28
80 -4 89 97 -73 -16 38 88 40 39 36 47 63 51 22 96 -15 11 -7 -29 8 94 38 88 -76 -98 50 -66 -89 3 56 18 72 6 -22 47 12 20 -10 -38 70 -89 29 -97 -86 -86 26 45 17 33 88 -33 -99 -45 -98 3 -89 37 57 -20 49 -21 99 27 -25 65 -24 5 -3 -24 -79 -41 68 -41 69 71 8 68 -89 -74 86 -31 -29 47 -76 32 -19 62 -100 -9 21 -35 -44 -57 -96 -69 72 -42 -61 12
-53 -71 -71 -16 83 85 74 4 -92 -93 93 -97 71 -92 21 -79 31 63 61 90 92 -100 68 -60 -75 -29 -46 62 -16 97 20 -23 46 -15 -71 71 -69 -56 -20 -21 -79 -97 -41 -61 24 93 15 -72 34 -18 29 50 -82 29 7 15 9 -8 -75 -4 23 -42 -19 57 11 -66 -18 99 33 -58 94 71 -84 -61 40 22 11 75 -90 33 67 10 -88 -79 -78 -85 -72 53 -17 58 -62 -13 91 32 84 35 -24 -64 34 68
61 71 -92 11 -87 -62 51 35 -45 14 -19 11 94 -53 -17 -79 -14 62 14 88 38 -73 -38 -16 -25 -33 -68 -12 61 87 -93 85 -34 -54 -68 69 4 2 84 -81 -72 -14 2 67 -13 -59 -41 17 7 34 28 -23 -93 48 19 -65 -36 -74 97 -64 -63 -71 91 -90 49 22 86 -23 32 17 72 -95 27 59 -45 -74 67 68 -100 68 -84 -90 -58 1 -74 30 15 36 29 -40 53 75 -64 0 85 -54 -44 33 -26 45
10 70 26 -13 -38 0 67 -28 -48 -36 48 -86 -69 99 -52 61 -3 -87 0 22 -7 88 7 5 80 -66 -25 95 46 -9 -36 53 -86 -3 -32 42 -1 12 -42 32 -30 4 97 -53 36 -56 62 31 47 -12 3 -96 64 4 93 -77 -29 63 -50 -96 6 -96 -64 68 28 34 4 -86 64 76 48 97 54 -96 -8 97 74 3 79 58 -28 33 21 -96 59 95 -99 5 -9 77 87 90 26 2 1 -19 -55 89 -1 35
-28 89 3 -87 99 63 -9 20 -63 -76 99 16 -31 44 89 -33 6 -75 -47 17 96 22 55 -40 9 -3 88 -10 48 13 -55 -48 -72 -4 -97 97 -12 32 66 -42 -55 -40 77 45 14 -56 38 92 -10 -86 68 -82 83 -38 -32 -65 -7 -54 -46 4 -38 57 -28 -11 49 -30 59 -72 97 -71 6 98 72 2 -17 -5 53 -87 6 82 -51 86 -46 18 -21 -78 -90 -92 13 -100 -28 -29 2 41 66 25 -98 80 0 -48
-3 50 -43 -78 -40 -25 -38 83 83 10 46 -11 12 49 -12 -8 61 82 -68 -75 -100 84 -56 -14 3 -87 -10 -35 40 57 -47 71 -33 -38 -28 8 24 -30 16 30 -93 -47 -33 -78 28 26 -46 -91 -37 14 -69 10 -7 -54 -51 85 24 81 -48 86 -88 19 -37 -43 -99 -9 -98 27 -32 -68 28 85 81 48 -28 -29 -29 -17 -87 36 -33 -65 7 -99 -39 -10 99 -57 -99 -20 72 57 15 -62 -41 -27 -96 -80 39 -44
15 -33 95 -37 -7 -74 58 -10 -58 23 -25 -24 57 42 -48 -11 0 4 20 -58 -81 73 98 -10 95 96 -16 -58 52 80 58 -26 -32 -37 -54 -1 55 39 26 71 -43 -54 -96 43 30 -47 45 -9 53 -87 -71 -13 84 34 5 76 -28 -48 8 -57 20 33 -26 -59 6 -84 56 -31 25 60 33 30 41 -13 31 4 -15 7 5 51 -23 -96 -4 -35 53 -47 -55 19 89 68 60 47 83 -21 -3 -67 88 0 88 79
-5 90 56 -17 -48 69 8 -89 51 -82 19 4 -78 -58 -24 -75 82 51 -77 45 62 73 -65 35 46 67 -15 -76 88 -9 -8 78 -24 -89 84 -97 83 -75 43 69 -14 -15 78 80 4 -90 -74 -13 44 -93 -40 16 -3 -91 56 7 -46 -21 -33 -75 -87 -56 -12 90 -15 -1 66 -24 -68 37 -30 -54 44 -30 86 -80 -34 -28 -25 -12 27 42 48 6 -2 -38 -45 -47 17 54 -7 -55 79 50 -10 -12 53 18 53 -43
16 -61 -41 25 -16 41 -34 -68 -5 -45 -36 -35 42 0 17 -6 58 8 70 63 -55 19 24 13 -25 44 32 -49 -15 -41 -95 5 64 10 24 -40 -54 -74 -65 24 -9 -53 22 -78 -4 32 -91 -27 -7 66 50 -95 -18 94 -56 -63 -70 -78 -73 26 -65 -58 -3 7 18 -20 95 -63 -98 -30 -56 36 26 -76 -19 -60 -50 -7 79 97 -100 12 14 -5 67 24 -29 -86 -35 40 -54 34 -41 0 10 -46 -73 35 76 -48
-62 -94 33 10 54 56 74 1 83 51 1 -94 -71 -88 90 31 -16 -36 -57 13 -28 7 22 -97 48 -48 -46 37 35 29 64 -72 26 -12 19 -81 58 33 -49 64 47 33 47 34 -26 -68 64 60 -61 -57 15 49 86 -34 77 -43 61 -51 -82 10 10 70 18 -21 24 7 -76 68 -51 4 -88 39 73 -90 38 56 92 -64 -89 89 -44 -25 89 92 -45 -28 13 -29 -50 45 -15 19 46 -41 -84 45 12 -44 10 4
15 3 92 28 90 -76 -14 -63 -96 -46 -19 -84 42 70 -81 43 51 -44 -49 84 74 -33 -54 96 -4 73 60 70 4 -98 -47 22 82 97 23 -100 -3 -15 92 59 -55 -86 -11 -15 -33 12 50 78 -44 2 -23 14 -99 -89 97 -56 75 -33 43 -22 -36 2 22 67 -80 5 -26 -70 14 -65 45 37 -51 60 -4 63 46 -45 23 76 -11 -99 -17 17 -79 31 85 -48 -50 6 -73 -8 19 12 -2 -94 -85 -12 40 -33
92 -20 -19 -58 51 -46 74 60 -8 -67 78 62 -3 69 60 -93 -98 38 -63 -37 22 -10 66 61 43 85 -27 26 96 62 84 -94 78 -24 -42 96 -43 -78 -32 -28 -66 58 99 -25 34 -35 -62 51 9 98 -7 54 -73 -51 39 12 -49 81 -2 49 71 83 24 -17 -5 43 35 -24 68 92 -35 35 38 -54 -57 49 -51 -34 -31 92 38 -66 57 31 -12 11 34 22 -20 -82 -90 40 95 54 -1 87 83 50 -42 -38
-47 13 -94 13 95 -52 21 77 42 -71 -38 3 -33 -5 -96 42 1 24 -90 -17 34 16 -79 35 18 16 12 75 -60 41 -58 -57 37 -97 -78 -98 -49 -94 39 2 -54 59 26 -75 -35 7 -48 50 -98 -58 89 -48 16 87 -12 45 -87 -26 -37 -11 -67 -66 30 -88 87 61 8 45 -18 -80 30 -35 -26 -18 -11 87 53 52 -52 19 -15 78 -71 9 -57 74 -77 -64 -60 -6 61 -1 45 44 -73 -60 41 -35 -31 -81
91 -17 29 14 31 -69 58 15 -86 23 -86 76 57 47 7 69 -90 -92 63 81 -36 99 -97 -29 -27 -87 93 39 -65 -92 -55 -29 -24 75 87 -93 69 -91 -65 35 -16 -42 47 -49 -31 32 33 9 67 -76 38 -49 -16 -99 -7 82 -88 -52 -15 59 15 -10 -67 -90 51 -32 -29 33 -49 41 -35 -53 82 72 -52 34 18 38 98 15 5 94 61 -2 76 -81 -35 53 -83 -70 -85 -22 -48 12 85 62 57 -94 29 22
-34 66 6 19 -14 -44 85 -71 68 -62 -20 16 -36 69 27 78 -51 98 13 44 -5 -33 -21 14 -77 -11 -22 -59 -48 -85 3 -27 -43 16 16 -99 -87 -59 53 -36 89 -22 50 -19 6 36 -4 -20 -26 58 10 -10 -11 -93 39 -55 -97 -40 49 -18 -85 -96 -30 31 34 -25 69 24 -97 63 -67 4 -99 -48 89 -92 6 32 18 -77 3 11 46 -21 -78 -71 41 -16 -20 -44 -87 -33 -14 -9 84 53 26 -3 68 -26
19 -52 -14 -53 14 16 -52 -48 40 43 79 16 -98 90 77 -8 -66 -85 93 29 -40 -4 29 -74 34 97 8 38 -87 98 -74 -23 -8 -28 -55 59 99 -83 52 -30 39 62 -55 71 3 -25 -40 63 88 44 67 -68 14 -21 69 -37 58 -47 -35 97 45 91 14 51 84 -99 5 -52 -92 91 -58 16 -48 -37 -57 -9 -49 45 79 59 -74 98 -71 -77 0 45 49 -54 71 41 5 74 80 -64 -4 -13 -18 18 90 -4
