-70 -94 40 62 -77 57 -26 21 -79 74 3 -10 -41 -9 48 38 8 -30 56 -1 -19 -25 -7 76 97 97 -97 10 73 41 -60 18 -99 52 95 50 5 56 -60 -16 -64 27 -53 96 12 98 31 -5 93 -8 -55 16 7 -47 28 56 21 -43 72 90 -11 96 -48 0 -48 -44 -57 -25 -16 -25 -49 58 -74 -13 95 96 6 -94 -61 40 -58 -57 -48 -49 34 99 -48 95 91 -63 47 -37 -69 94 19 -4 75 -68 49 41
-3 32 -27 19 -71 95 -3 12 -10 27 -51 23 13 45 -59 -6 -86 44 31 -16 84 -87 -67 -63 -54 73 43 47 -90 77 -96 -27 87 9 -30 25 -74 11 -54 -71 33 31 71 90 87 -97 -60 97 -84 -46 67 60 -21 32 61 75 63 19 -61 -77 51 53 63 51 9 -63 27 6 -63 7 -41 -10 82 -99 26 -57 17 80 -50 -93 55 7 -28 93 -60 61 10 2 48 58 99 -15 36 99 41 84 -33 2 -36 51
-90 47 72 67 -34 -85 12 16 -3 84 4 50 -100 27 40 97 -25 -37 98 32 -37 50 -32 -27 75 60 77 15 -83 34 14 -23 81 82 5 30 -44 -54 51 -76 -40 11 -20 -49 8 46 -80 61 -92 -3 -15 75 57 -7 61 4 -54 74 77 -37 92 -29 -29 74 -44 -1 44 95 40 -14 61 39 -52 -88 70 -89 -59 98 50 27 97 83 70 -11 -47 -16 72 -44 97 -15 19 -14 47 31 -100 -16 99 -90 7 -96
-69 88 37 10 3 41 4 -68 4 -55 -4 15 -56 48 35 19 -67 21 -56 79 88 45 -16 -45 26 -45 27 -84 75 -88 50 -28 3 -75 -85 -49 45 -34 37 40 -88 0 -9 -93 37 -29 -69 -84 68 77 -61 80 -73 -19 87 99 28 -1 -54 -21 -44 -37 26 41 -50 -11 -36 -39 34 36 -99 14 82 -82 -19 2 -83 4 -20 55 -65 23 43 92 -83 -62 -91 -22 91 30 -4 52 -8 -71 27 -90 -95 90 93 -65
-18 62 85 -33 34 -90 -69 97 37 80 -22 -1 41 -9 -25 47 82 -89 57 19 91 1 -46 68 55 83 -19 -85 -92 93 -3 6 91 -19 81 77 34 -29 -67 -79 -12 93 63 -35 -84 -12 36 38 1 21 37 -87 4 -86 -36 -94 30 33 23 85 0 -96 -67 -67 29 45 -31 70 77 -100 10 45 -76 20 -14 -1 -98 -41 43 -63 71 -93 7 37 -12 39 -50 65 -15 69 -82 -50 -64 74 58 -85 -40 93 72 -10
87 -96 47 1 30 56 5 -85 -69 91 -7 22 39 27 -90 89 -28 36 5 1 62 22 73 24 -49 96 -87 -100 0 -56 28 -58 -25 97 -41 -71 49 -38 -27 15 29 0 5 12 -97 -71 41 82 -93 50 39 95 11 -25 -68 -49 66 -34 -28 26 23 10 -63 -93 65 26 -71 -69 -34 -7 -25 38 -28 -44 -6 26 61 -93 -60 -77 74 -53 72 -75 25 36 -40 5 -20 12 77 -31 30 -80 25 -67 -24 -43 -45 -24
-61 81 -22 -60 -42 88 -42 72 -40 13 22 -83 -3 -86 44 22 85 -13 57 95 46 -54 91 54 19 -80 -34 5 57 2 -95 -43 93 77 -31 19 -72 65 -28 75 -66 -20 -39 -69 25 48 -2 61 -87 62 95 24 -29 -33 85 -84 -78 72 -38 25 29 80 93 -38 -76 19 39 -69 -38 -5 -85 -30 -61 41 28 -80 54 -85 4 39 46 -15 82 -42 10 -94 60 -54 6 4 56 58 -32 27 -93 55 16 99 3 -8
-19 -61 -72 -25 82 97 90 -79 -34 51 2 -17 74 -95 43 17 -21 26 77 44 -7 -100 94 -38 -3 84 -50 54 37 76 -72 -93 71 -81 -60 -43 -82 19 19 37 90 93 15 -25 -33 78 11 -25 -62 -74 55 -76 -74 -23 -45 80 -35 2 -82 -46 -49 67 94 -70 -60 -18 33 -74 -73 66 -15 -45 -87 76 -40 7 -70 38 43 15 -64 58 78 62 -64 -91 -12 -92 -56 -52 -86 8 -98 -29 -14 85 63 -8 57 48
65 -31 -46 -48 -10 65 37 -83 20 28 10 -22 -55 -63 43 43 -97 68 34 29 46 -99 -50 53 -40 27 93 15 37 81 86 -26 0 19 22 6 89 83 -77 42 3 70 -82 60 46 9 -21 67 -72 -98 1 -82 -77 38 -69 -56 -13 56 56 51 91 -79 65 71 86 -99 -26 -63 -52 -63 -88 -67 20 -17 83 35 -41 -88 -26 -61 14 -7 90 98 -20 -9 -68 -69 52 -64 22 59 20 -43 -44 -9 75 93 74 -50
-14 -52 -52 -61 -67 -87 -57 38 95 72 89 -2 -18 -43 -15 -28 -73 19 -69 -47 -98 -79 -33 -40 -62 -23 -72 -24 68 -60 -11 -72 -56 -29 -31 -21 25 -40 93 -12 64 0 10 -75 35 -40 -24 -93 -38 94 71 0 37 59 14 29 -33 -67 -100 -5 -30 32 -45 -74 36 62 -12 36 -11 72 -50 -62 -4 13 29 43 -97 44 89 70 22 -89 64 60 -89 6 -40 64 -37 -97 -3 -18 -61 18 -36 -58 -21 53 46 81
77 -93 24 -73 -14 0 59 -60 -32 63 23 -40 3 17 -3 17 -66 -37 58 24 90 -60 38 -36 -57 -74 -86 75 50 73 85 58 -20 -66 74 -7 59 -13 -59 -49 -86 -10 95 -26 27 -62 83 -7 69 -2 29 -55 -74 72 24 -94 -74 -38 -59 -30 32 38 -29 -60 -68 -77 97 -75 -51 23 47 -55 -81 -42 -14 97 -89 -11 93 58 11 -38 -18 -88 77 -54 3 52 -61 43 21 60 5 -81 21 -81 1 74 -23 -61
6 -18 93 -18 4 -80 49 -44 57 85 -96 68 40 65 95 -82 53 -54 15 -34 -36 -38 -17 -97 -84 -91 -40 71 64 7 -23 1 98 -100 28 55 -60 11 -26 -27 52 -45 54 -86 5 -10 41 -57 -25 31 35 -33 -98 20 32 93 91 53 67 21 -65 97 29 99 -82 -27 30 67 -69 -7 74 41 39 -87 -66 31 -36 50 18 -21 -9 -91 -43 87 -31 64 -81 -36 50 10 -3 -70 -34 -5 -33 -57 66 -33 96 63
4 76 -64 88 -97 -32 14 78 68 84 -79 0 -71 17 -98 16 28 68 7 -3 7 -24 50 4 14 -65 92 -70 -44 -78 -33 75 -5 -39 -46 76 -36 -17 28 -60 -77 -63 -23 11 -91 71 48 -40 3 47 -52 -56 78 -60 74 75 95 -74 14 -85 82 -28 -16 -45 81 9 -99 -31 -42 85 1 62 -13 49 -25 -28 -89 50 -62 10 -7 -56 28 52 -26 40 79 -82 99 99 38 19 -67 -21 -92 -17 -10 -10 -54 -29
92 -48 -87 -52 -64 -66 28 -73 32 13 89 -11 -14 -70 60 -2 13 67 17 -39 85 22 51 -24 8 -27 97 -69 7 -34 81 -66 88 -65 -21 96 -84 -29 22 -88 0 -20 87 -2 19 40 -96 -48 3 66 13 -47 42 -34 -45 -87 -71 95 -69 -87 24 55 -41 22 -36 61 5 -58 -63 67 70 -50 19 -4 -87 -59 -59 88 56 -53 13 48 89 -78 -3 36 15 50 61 -65 -39 -48 -13 -15 -100 -46 47 12 -47 87
60 -4 -98 -47 -17 -58 77 -75 -98 60 -87 -5 30 -74 -32 5 12 81 -30 23 -82 -40 -75 83 -19 39 -85 27 28 2 40 -40 -77 -50 -20 16 36 13 1 51 76 -26 -23 -54 -82 47 -16 66 -54 90 71 -78 -62 56 -67 22 -6 32 -69 35 -55 -66 -15 -33 37 38 -87 70 14 -92 31 -43 74 -78 22 -65 84 -36 11 18 81 90 27 19 -77 13 14 -22 93 -78 35 -2 55 -43 97 50 -28 22 -89 79
40 27 49 -100 1 -29 -38 52 14 53 -2 -51 83 -3 -49 -1 83 33 16 -79 8 -41 -75 41 -50 51 17 35 -70 98 15 -40 -82 53 -34 15 -83 75 -76 -84 26 5 2 30 -88 -75 52 78 70 -59 6 5 -41 52 36 -94 0 -69 68 -65 86 -38 94 -67 4 94 -95 70 43 4 -4 -47 97 -66 -95 -1 27 -3 -68 -84 -23 -82 43 -70 66 -84 -44 -49 -35 -54 36 52 79 27 22 -79 -24 -8 43 -52
26 -33 -21 -43 -68 -55 74 -63 -37 -73 1 -43 75 93 -62 1 88 4 -63 94 4 24 51 -13 96 4 -25 96 10 91 94 -49 -52 99 -11 -92 -56 47 -23 7 61 17 -87 -53 -66 -60 -97 -74 19 -32 87 5 -57 -48 -17 75 -67 -46 -20 6 45 93 27 39 67 -5 47 76 -93 18 30 12 19 -59 19 39 -17 15 29 83 -86 -45 -83 18 96 94 -91 79 -66 13 -24 14 68 78 -7 96 -75 95 19 -73
-47 -43 -49 74 -77 -11 -65 58 59 99 80 51 14 -4 -95 79 18 39 -40 -28 18 48 80 41 40 -5 66 11 -79 -81 17 -7 -45 -50 -67 -39 96 -75 60 59 -30 -38 -28 51 -33 -63 -12 90 17 -1 -56 80 -56 -21 -68 5 -27 26 -60 45 61 -42 -97 29 41 -74 90 -81 28 35 70 -11 49 1 81 74 -80 -13 -7 15 -80 50 -76 -12 87 -22 -72 66 -54 58 -12 -6 -53 -24 94 -84 36 0 16 16
-47 62 -89 -73 -68 5 7 -71 -58 21 -21 -8 19 -18 84 92 40 -60 15 -82 27 -81 -36 91 -27 -73 -28 -3 -22 -98 -53 -18 -59 45 -59 -65 62 53 -79 35 61 -84 76 -74 -43 -96 -4 -94 52 91 13 -70 -50 60 -8 18 48 50 -98 23 82 -8 -8 -77 -79 -58 -48 47 61 -86 -51 98 -55 -59 80 87 -58 -16 6 -4 83 -96 -24 -81 81 50 -15 -13 45 26 -5 22 -53 -71 67 90 -56 -22 94 -72
-87 -33 97 -52 -89 62 97 -100 -17 61 -86 -86 41 60 58 -89 -44 1 52 -36 30 45 -36 -47 -51 11 -16 -57 13 -63 -71 59 64 42 86 -74 -68 98 -99 62 -84 -59 -34 15 87 -74 30 6 5 11 24 -81 -34 51 50 -34 57 53 2 -98 -8 56 -25 84 -45 43 -14 -58 -17 -58 -42 -52 -40 -92 -90 17 9 -39 -44 -69 -2 14 96 22 38 -65 -85 -96 97 58 34 -34 48 60 -45 -22 49 -23 -59 -35
94 56 -76 19 57 60 -41 -16 83 -79 78 -42 64 -74 -88 -22 -30 -86 -56 72 -7 5 -15 -85 99 48 82 61 92 98 -3 -67 80 81 10 22 -82 -53 48 -16 25 -26 -15 -54 -68 87 -45 38 -32 16 -62 36 5 -38 7 -39 -25 -50 -98 30 -79 -22 -89 3 -24 -65 -54 63 98 -34 90 59 69 27 -49 -88 -31 32 -7 37 61 12 -11 -43 54 98 -2 -66 37 67 99 -79 48 66 53 -26 66 53 84 81
86 8 82 93 59 -9 21 -24 -29 80 10 44 -40 -4 30 -44 88 36 -17 -8 52 -84 -85 60 68 -100 58 -21 76 66 -93 -20 78 57 41 99 91 -9 -26 -88 19 -58 13 -20 -6 -74 40 58 -34 97 -91 56 -99 -82 16 -34 -74 -22 -83 94 -4 -16 -9 35 4 86 21 97 41 74 11 -25 -54 -95 73 4 -92 75 87 68 65 -8 -66 74 3 -45 -72 -81 -14 -73 51 -70 -79 38 -51 84 -100 69 59 -70
20 -60 28 -13 22 -49 17 7 -72 50 -94 -6 -49 -31 74 -90 -80 -85 -84 -27 68 -17 21 81 59 -57 52 91 -41 70 83 -64 -47 56 -16 6 24 -34 -23 64 74 42 63 -68 30 -59 35 51 41 91 -25 12 63 21 -54 -31 79 4 2 37 96 -79 -71 39 7 -80 24 -70 -30 60 -25 79 41 -96 -42 68 77 -59 68 17 -4 -86 -62 72 -79 82 -27 47 46 -30 86 19 36 -40 10 -73 -68 -82 -86 90
27 -24 -33 -85 77 -82 -96 23 -48 -1 -76 72 -28 -39 -51 23 93 -7 -43 49 4 73 2 -33 53 -98 -92 -66 26 87 23 6 25 -56 -47 31 -7 13 90 -86 9 -63 -23 -33 -85 96 -1 92 52 19 74 -76 92 -98 -76 -28 44 -53 74 -31 -73 -48 -38 27 12 45 82 -14 -49 10 78 98 33 -64 -29 99 63 52 24 92 -53 -77 57 76 -56 89 -5 57 53 -81 -21 -53 -10 68 -38 96 -24 64 53 -41
-57 67 45 91 74 -88 -48 -96 -72 59 1 79 -98 1 -5 31 -57 49 54 -12 9 7 -9 -97 75 -65 91 -18 -7 -42 -31 1 -70 83 49 -64 84 -92 56 -100 98 -67 63 98 -81 -73 81 62 -52 85 72 46 -53 60 -96 -79 13 -16 -81 53 94 -90 31 44 -57 43 62 88 79 -11 83 43 -50 44 9 49 91 23 43 -33 -44 -11 -64 -76 65 -74 6 29 -71 91 62 68 -51 -92 31 -32 -4 -90 -31 38
34 -26 -95 66 16 -80 17 -33 74 -80 -78 8 -78 56 81 76 -21 -45 -75 26 78 -16 0 2 83 -58 5 15 79 22 -17 96 14 21 -83 36 -3 -82 4 -25 55 -18 38 15 -6 -85 61 -6 23 51 -8 33 -55 99 70 21 -45 -54 -17 -45 -55 -5 -38 35 -88 -15 -61 91 79 -37 -1 -57 19 -2 64 40 -21 -92 53 85 -25 80 -15 -46 -9 9 31 20 18 49 -45 -55 -2 5 -77 -36 -81 -89 -84 -15
80 17 -56 78 93 99 5 93 -40 -17 -8 -79 89 57 -69 87 14 -81 8 37 9 47 -24 63 9 -76 78 11 64 24 -91 -39 46 -95 3 80 18 57 75 5 25 76 43 -84 -7 4 -43 -44 -75 73 -58 32 -77 -86 61 43 -11 -28 -68 -4 -55 64 -91 24 -70 -54 1 41 15 86 19 28 53 -13 15 -68 21 56 -12 -26 -69 -36 -6 15 -36 -4 -51 1 74 -96 7 -42 70 11 -15 -73 -17 39 20 -47
-48 70 -65 25 -70 -66 41 94 74 -21 18 -99 74 73 -79 56 -51 43 83 -14 58 95 54 28 -50 -69 -71 -69 -54 -81 93 -26 -35 28 54 77 -83 -11 -16 84 3 -45 28 -3 66 65 5 -65 -17 -67 -92 70 -2 -40 58 -86 31 35 -36 23 -26 78 -45 26 88 -95 -63 95 1 5 87 -96 -41 31 68 58 -24 -91 -5 51 84 -17 -23 15 17 -94 21 48 48 63 -85 -14 -95 86 56 -76 -67 -94 -66 15
25 -32 -72 -77 50 -100 -20 -9 -68 -22 -34 -91 -32 -5 20 45 16 24 32 -86 35 4 35 6 62 -25 -67 98 -3 40 8 -61 38 -12 -57 -30 70 3 -60 44 -76 27 -71 66 -90 -87 29 63 -7 -91 35 12 93 0 39 30 -58 78 -100 77 -27 -7 98 -50 46 -27 2 -100 62 -82 -55 95 79 -37 -64 48 -17 -65 -70 -76 94 -58 10 16 36 -13 38 34 -11 57 -10 -4 39 58 -88 29 81 -84 23 -64
-36 94 47 74 -15 -32 -20 -7 -52 26 38 -95 78 -55 56 9 -20 -12 -12 -3 75 71 -70 96 -6 94 -77 -48 41 47 -2 -53 -73 -60 -23 51 11 17 -20 -38 -35 32 74 7 12 74 84 61 -12 -54 62 -47 78 30 55 89 -72 91 -27 99 -72 -3 -40 -36 -77 37 62 60 -70 6 -55 -16 71 -67 -54 -92 -58 -56 69 -17 -84 9 -33 -23 -93 -44 -12 -36 -46 22 -69 -16 96 73 -95 74 -34 -77 61 47
41 -48 -21 17 44 -32 -11 15 -33 27 -29 74 -63 65 83 52 11 -59 53 -3 78 -95 34 87 -28 34 2 37 4 71 -12 53 45 -68 7 -80 0 -64 -73 -83 -79 80 -17 -38 47 63 36 24 -7 -35 -14 -77 33 -58 -73 25 28 -58 21 53 52 -82 -23 85 -78 -41 0 73 -65 -23 19 -8 72 92 -69 -33 97 -68 -87 43 -2 -44 -42 7 50 30 54 -2 69 15 -40 -56 -99 -60 -81 85 30 81 -29 -84
3 90 -9 96 72 -24 26 -72 32 53 -99 15 42 -20 98 -44 74 38 46 -25 85 3 20 47 -38 65 -10 58 -34 -33 -35 39 -42 -91 -14 76 16 -19 25 -11 46 -71 13 -11 37 -33 -31 83 -59 -42 -20 -70 4 -90 68 -57 52 10 -26 84 -61 45 -91 -46 61 -63 84 14 -97 40 63 -70 21 59 -75 86 -68 -15 97 -33 -96 16 68 83 7 -64 31 -46 52 -72 -15 6 -53 -80 6 -59 98 -59 -48 3
49 -18 -39 34 -77 77 -63 19 71 19 -80 35 -45 87 88 -38 -15 1 -63 21 92 1 -77 39 54 -53 92 -36 -6 -54 58 -2 -67 -38 20 53 -53 -49 -54 74 -98 -93 -12 14 28 -22 0 7 -96 1 81 -93 11 -34 56 -12 97 94 10 -20 54 -84 77 -42 21 4 29 14 -53 -27 32 53 37 83 87 -14 -76 -74 42 -7 64 -77 -36 -45 -10 -50 -93 30 -91 -40 63 -42 98 39 63 -57 -96 36 49 -9
-82 -38 97 -5 31 -34 -73 11 72 -28 -46 28 -32 -93 -61 -8 23 32 -13 -67 54 41 75 -54 54 -76 -75 -79 78 -66 -78 20 -37 5 -47 95 -7 44 74 -24 4 -24 -53 -10 90 58 10 99 -75 -6 12 27 -86 83 56 28 -91 92 26 98 76 66 15 18 -32 -25 -36 82 -8 90 -74 20 -45 94 5 12 40 67 -56 94 64 68 -62 92 87 -46 96 -77 23 16 50 16 87 15 48 -91 -59 14 -68 29
16 -100 -39 28 -49 -95 -69 57 79 7 -29 -92 -20 -87 69 -7 -83 -36 81 6 0 -25 -89 -36 81 -21 74 -3 88 32 37 -55 29 80 23 5 44 -11 -44 28 -79 -47 -84 -79 43 -26 62 -70 -5 -36 81 47 -90 -48 -45 -8 -52 -84 68 -5 -61 45 -46 -81 -54 -10 -78 -52 67 29 85 -34 17 -79 82 -70 -40 -94 -35 -91 -55 -15 -48 -94 -94 -34 39 39 19 -38 -25 57 6 -91 -80 54 -20 -4 -10 -58
52 60 -26 -20 80 -29 92 -99 47 50 58 42 -5 -100 84 -78 -87 -38 67 -14 4 6 -21 29 -80 -22 -77 10 -17 32 1 81 98 -4 -61 -64 97 35 3 -39 34 39 46 -17 -58 43 -73 -56 -18 -50 16 76 -64 -16 1 98 -12 20 35 -94 -17 74 84 -30 86 -75 34 -81 32 -39 52 -70 -54 -77 -27 -79 73 -67 -87 -17 47 -25 21 -6 67 93 70 -19 -37 7 -78 -18 71 -57 90 -83 76 -6 27 -9
-46 -65 -11 18 -66 -47 8 -77 71 -38 -6 5 94 -82 27 12 67 -66 -24 38 -88 8 -20 75 21 -49 42 66 -95 32 8 93 -8 59 62 -62 -23 -30 37 -51 32 22 99 -49 73 -32 27 73 -52 77 97 -32 -79 -12 97 96 81 76 3 43 -43 82 68 -76 -94 -56 26 6 84 79 22 21 -59 56 -30 -38 94 -23 -34 -62 5 74 -66 -74 48 27 33 -90 49 -95 45 87 -49 95 11 -64 -98 -23 -22 -21
43 -15 -46 99 26 -86 42 -42 -83 -26 -20 -74 90 52 73 42 -79 -32 -25 80 -9 -16 -68 -64 -31 -77 0 -40 -27 77 -65 -61 -97 53 17 87 9 11 -87 -54 96 -50 -31 60 87 -33 -44 9 -35 -37 -84 18 -91 95 67 -59 -68 -66 21 -31 53 56 92 -100 70 18 28 53 -19 -89 -73 3 -9 -73 -37 55 5 27 -81 -55 24 -36 7 49 30 -39 -87 -41 -43 -48 -31 -99 86 12 -39 63 -19 39 -33 44
-33 -68 -78 77 7 93 -5 26 97 -29 -9 56 95 -93 74 -74 -42 57 -47 15 10 -14 46 0 -64 2 46 62 42 84 -58 -28 57 -40 -64 -38 66 16 90 -7 49 -99 48 79 -23 -26 -58 92 -53 -75 -16 -82 44 52 -6 11 -17 63 -28 53 22 -59 -57 -91 93 76 -70 81 -33 -11 94 99 -82 -61 35 -67 38 -94 -45 -24 66 -33 -30 83 35 -15 -38 51 9 37 40 -99 21 -26 8 -11 25 73 95 -85
-40 -12 26 70 54 -8 -2 -59 -37 -87 7 74 -38 -7 -19 -48 23 75 47 -73 83 -29 -60 -11 16 87 -99 -93 -5 -41 73 32 97 21 95 -48 -47 -90 11 -46 -80 95 33 81 -68 -97 96 77 28 -6 45 -30 -32 -17 -94 7 26 80 15 72 -36 -81 5 55 97 -61 36 96 95 -74 64 -86 -90 96 -61 -40 41 -33 21 -19 -57 93 33 -19 -94 59 -34 89 -91 -40 -89 92 -47 11 5 -73 17 -14 -27 88
98 -62 -71 98 -18 -81 -37 -22 7 1 88 -10 61 -69 92 -78 -15 73 -7 -80 -18 21 47 -25 -59 30 49 -39 -27 -44 62 -35 75 -21 86 89 -98 -74 16 30 59 47 -89 52 -19 -18 -95 -73 -33 -34 71 1 63 -4 -9 -55 -74 -11 96 87 -67 95 -16 -99 32 -78 -83 45 -61 -99 38 18 21 -74 -18 -58 41 -65 -89 -98 -84 -36 12 -78 -9 18 45 -97 16 -80 -88 27 -50 63 47 34 57 46 -18 31
-15 83 55 -62 -67 -8 32 -74 -32 43 -40 -54 76 0 98 -26 -64 -10 -23 -100 57 -81 -26 -71 -33 50 96 -79 -83 -47 61 97 -97 -16 -80 -8 -58 69 44 -15 48 87 47 10 30 -57 16 -50 57 -40 79 -11 -49 55 61 -15 -45 7 -5 81 -75 -27 66 -87 -35 -5 -1 48 1 -25 -23 -87 -12 91 -33 29 7 -57 -89 -100 84 -58 -52 -75 -14 45 63 -19 39 37 -9 58 92 61 -81 -85 -74 33 42 -33
51 -23 -51 -79 76 3 -31 -31 1 46 85 -39 80 93 -31 -59 83 -35 29 -36 -5 -71 33 73 -69 96 -70 -22 60 -23 52 -94 -29 80 -74 -9 -10 -29 56 27 53 70 -87 53 10 59 14 24 68 58 57 -57 4 52 -32 0 88 31 23 26 70 -76 50 -64 -71 -28 36 13 -62 42 90 85 -80 79 -32 44 -13 27 -12 50 -37 -67 -30 47 -6 -97 52 22 -47 26 -31 35 57 -6 -73 43 -63 -7 -31 -63
5 10 87 -5 -67 38 -57 -87 -1 56 -83 -43 -80 19 -43 61 19 66 75 26 -59 -3 40 43 -26 -55 46 84 40 82 -93 -71 96 34 69 84 2 -33 5 41 -71 -88 50 -44 15 83 -53 -42 -90 -9 -31 -85 23 4 24 65 99 14 -4 46 -77 82 -85 96 9 -96 86 17 -82 -99 -45 -50 -51 71 7 -32 -66 -67 -9 95 -6 -64 66 -100 -46 4 -64 -41 72 -72 86 -47 -20 -65 52 20 -83 -84 17 -93
-35 -14 59 -39 -22 76 -21 -66 -82 6 -26 -80 -77 -9 96 5 -70 44 -47 0 39 -58 -63 -44 44 -49 58 -84 -89 -24 84 43 -41 76 42 94 60 -12 -61 55 43 -23 -27 59 -13 80 -53 -6 75 50 30 -97 8 -24 10 -47 -59 -65 -67 -55 -45 78 75 -5 98 -67 77 89 33 -57 63 -57 -74 71 -83 -100 13 -17 83 -30 23 -38 70 -61 14 -88 38 -5 33 -9 89 17 23 46 60 37 -98 28 42 52
61 98 53 -64 -15 -89 -85 11 46 18 -30 18 -65 -79 16 -41 86 73 -28 84 -55 -94 -62 75 -73 -23 2 -46 38 -51 -12 -71 -11 38 -90 -69 19 9 48 -100 28 -19 82 -78 5 66 -95 80 -29 -93 -7 -30 -6 24 3 -6 50 -56 40 93 -96 -49 -71 3 -70 -56 33 -20 -61 99 66 29 65 96 93 33 47 85 39 -90 -89 -46 -87 46 -81 -7 -57 56 14 82 81 -27 -39 -76 -86 -17 5 -88 -55 25
12 1 14 61 -89 15 -50 93 71 -80 -93 54 16 3 92 -86 -87 -46 97 -86 -28 51 -80 -30 -44 68 12 80 38 -45 -43 -78 66 39 40 -42 -78 47 48 90 -19 -20 -67 -14 -83 45 36 -87 95 -17 -36 -61 87 -71 -31 -100 5 71 -68 -86 -91 25 55 -94 -14 38 -9 52 56 55 -99 23 56 9 -94 39 66 -61 -57 30 40 77 -80 -90 63 -25 -36 31 37 -66 -9 65 -36 53 -3 -60 9 76 61 -29
9 76 -3 20 -96 44 97 26 21 1 33 96 -95 -12 64 77 85 50 -75 43 53 24 2 23 -73 75 -74 46 89 97 43 -17 0 37 -29 0 53 -80 10 -45 6 -37 18 80 -97 41 10 94 -34 45 -20 77 14 38 3 74 28 58 17 -6 -69 -20 72 79 -93 65 97 57 22 -59 32 -67 -43 49 -8 9 -56 70 -27 68 -79 -53 -64 63 30 53 -74 39 81 43 18 -47 -15 -45 -15 -47 -14 21 -55 48
33 10 45 -98 -78 -38 63 4 -76 -71 -97 -33 -82 96 -37 -43 -48 -37 82 -49 -69 17 97 24 -11 54 -51 94 55 29 -94 -87 -72 -97 -71 98 86 62 8 -86 -57 71 -16 -89 -11 26 13 -62 -59 -85 -13 43 37 -61 -88 -75 77 -18 -48 -31 83 37 65 -51 43 43 -18 -30 -83 -76 79 86 -66 19 19 -100 76 29 60 21 -84 22 -65 0 25 15 14 10 -80 37 -20 -50 -38 5 -16 -40 -48 -46 -17 12
35 -80 -24 -84 -54 -70 -84 12 -61 -87 -33 -65 -41 -16 -66 92 -59 55 -41 -42 -31 64 19 -100 34 33 -20 -98 67 75 -18 98 93 93 -89 -17 -26 -51 45 43 93 -60 -87 -39 -49 -21 66 -71 -41 89 -79 -35 -58 14 -11 65 -56 -82 89 -43 -73 -99 38 -13 -66 59 19 -42 24 37 0 -56 52 92 -9 -42 -12 -23 -87 58 -50 -3 79 32 67 -58 2 17 8 11 -13 -47 -33 -83 77 74 7 -39 69 -26
-21 -46 -75 -66 65 57 95 6 -16 -33 -70 44 61 84 -62 -19 17 -2 10 12 31 -54 -49 42 -62 -48 -9 -66 -86 95 -71 37 71 -51 -1 -26 93 65 69 -43 92 78 17 -30 -93 -68 -46 -73 20 -89 24 -75 -100 -10 78 -56 -53 -88 -58 32 22 -28 -40 34 69 59 -78 -38 13 -89 -54 -43 -50 -15 -53 26 21 20 33 21 -40 26 36 -23 -6 99 -64 -8 2 -22 -13 -53 2 -44 37 51 -89 97 -75 -23
4 71 85 7 -46 22 -13 -31 -44 -13 95 44 64 16 79 -55 -73 60 56 46 -58 84 13 36 -9 -38 13 -95 -47 -95 46 -18 48 -38 -14 -43 54 -95 -91 13 26 -48 42 -68 47 -99 8 89 -34 63 14 -21 63 -76 60 31 76 53 58 94 -36 19 46 30 68 -46 91 0 79 -32 -7 12 8 -72 -64 -32 51 -63 -9 -2 29 78 -60 -43 -48 -75 49 2 -67 -47 -92 -11 -67 -6 3 -63 -89 54 -73 64
-45 90 49 -50 16 30 19 -16 75 51 28 -93 53 57 93 95 -46 99 -12 23 -58 31 -83 -5 55 14 -24 -95 15 -6 -62 22 -19 -84 65 -84 81 -35 -92 -73 -27 -30 55 -17 95 -63 74 -43 -15 98 34 -19 -85 51 -21 20 38 76 -5 42 41 -24 -61 24 94 64 -25 -89 43 42 -22 14 34 -6 6 48 -89 57 13 40 56 -97 -17 -93 -45 -76 -76 -13 -7 11 -32 37 93 57 -79 17 -71 28 -77 84
-100 -41 -31 -3 65 -4 75 -14 3 44 -22 -27 80 -86 83 -21 25 -77 71 -56 46 48 5 -1 99 -64 52 -52 -51 44 34 -95 20 30 12 30 43 77 -61 56 75 -52 73 -77 3 41 -39 -11 -42 88 98 -84 -94 50 -15 -68 24 74 49 -79 96 20 95 34 93 -40 19 4 -94 -7 -73 27 -14 -4 58 -66 72 -79 86 -71 27 -30 25 -64 -52 -30 -41 -99 -46 24 91 96 -53 24 6 -11 -29 40 -19 83
-8 1 -84 -60 -18 -22 -54 -73 59 -44 -48 -14 18 -48 66 -36 29 -9 38 -36 19 -85 26 56 -24 -86 33 63 16 72 -24 52 63 -49 -94 -37 19 -59 -74 -59 -65 -28 1 -85 -46 -99 -94 61 -66 25 44 -68 20 51 58 59 81 -7 -76 -46 -40 18 -75 -6 51 86 97 51 53 50 55 -86 63 -24 -71 -27 -83 -67 6 -94 -99 -20 -33 -99 53 11 -23 -21 85 98 98 -26 -53 -69 54 58 78 85 15 -92
-74 96 97 66 10 51 -79 1 27 17 -67 39 58 -74 70 -71 -66 39 8 27 59 25 60 -62 11 -29 -47 57 18 -12 69 -1 37 -33 -22 48 -12 88 -67 0 22 86 -98 -29 83 -99 57 -32 73 -46 83 -7 92 53 68 -76 -40 16 49 54 21 -51 -57 -65 76 59 -38 23 -28 -84 -74 -65 40 -79 92 -23 44 -17 -44 -89 -43 57 69 13 95 80 -97 -42 97 69 94 89 78 60 78 41 -59 73 -92 -61
-31 3 -78 -83 -28 39 35 -4 -86 19 -4 -6 -30 60 -50 92 -100 -75 -67 24 59 -29 -15 -7 -66 -60 0 13 39 63 -97 -1 48 -39 -52 -24 -25 70 74 -66 96 39 69 0 86 89 23 -50 1 -8 53 4 91 79 34 -46 -29 98 26 68 -32 13 16 78 30 79 -85 40 15 -63 -53 4 -25 53 -10 -81 25 -72 -47 18 -74 87 74 6 -75 71 -40 -56 42 -42 56 17 56 91 -39 77 24 30 87 -40
34 -54 -100 15 -20 -84 66 -28 -39 5 40 -11 -10 54 0 -12 20 -37 4 67 33 -89 -87 -52 -91 -59 -31 59 20 41 -74 67 -10 -41 -58 -27 -46 46 60 -79 52 -21 55 85 48 16 69 -61 -57 -4 -93 31 70 67 83 63 48 -84 28 79 -3 -79 24 -58 86 94 88 -80 73 54 -78 38 16 -44 -82 70 35 -37 -6 76 -71 -58 -8 -51 -71 -41 -16 17 79 12 25 -72 1 91 79 -29 -31 97 54 43
-47 84 -87 3 -85 41 73 83 47 -46 78 69 -99 -6 47 95 39 -34 -16 56 75 37 -89 -23 86 -4 43 76 -16 -70 16 -28 -42 17 -28 81 -54 -28 -6 17 -58 8 -95 -44 -55 58 15 -29 49 -49 -77 -59 -50 -16 -49 -8 -24 -28 -74 37 17 76 38 0 70 93 -3 76 -53 -15 -72 -2 14 17 -57 -26 4 -88 -70 8 75 -2 -39 -29 -49 -66 -97 25 68 -31 81 -72 -10 58 -95 23 -21 -2 35 4
29 93 17 -94 -1 -35 69 16 63 62 -18 28 -75 20 -89 29 19 31 -2 -69 92 66 -59 35 75 -62 -22 39 37 53 -56 91 -44 7 -67 -31 -73 47 96 -43 -25 -90 -43 42 -38 44 -97 62 68 94 -98 12 -37 25 -72 38 -88 12 -71 71 -74 19 -25 -52 -98 41 -2 -52 16 45 33 89 -77 63 -7 -91 -20 -16 58 -93 31 -73 -25 -29 78 -77 -86 -24 14 -50 40 -70 -24 -39 -52 47 33 81 81 29
29 47 -25 -60 62 -21 76 -33 82 -3 38 -62 96 -50 99 -83 18 89 -44 92 47 -23 -14 -24 -7 -98 66 -67 59 -83 -37 26 89 90 -42 -19 -27 -87 -34 -77 -75 26 98 85 85 6 45 71 -69 44 -48 86 24 17 -34 -52 -60 72 -83 -67 99 13 42 1 -75 67 -47 2 -28 96 5 -42 -62 29 -76 0 -80 -90 -96 71 13 -10 7 13 -94 -81 -66 17 46 74 -80 19 -58 75 -61 26 -47 38 22 -41
-28 -62 53 61 -81 -80 -21 42 14 -74 99 -71 77 -21 -4 -29 60 41 55 -87 -11 40 67 -26 -96 48 -4 86 -61 10 -44 91 -13 -83 -36 12 79 -11 -11 -68 51 43 34 77 79 43 58 -18 94 -69 -16 -49 -2 76 -96 23 -39 -92 -33 -80 -92 -50 -55 -56 -5 -90 -51 -97 -53 86 -98 -37 -30 -49 -51 -8 39 -44 49 -30 89 -23 -76 -82 54 -89 40 -54 12 50 -49 -34 -82 -59 -36 -54 7 37 -18 -93
-84 62 76 20 -78 -47 37 55 -93 11 83 -35 47 26 19 16 -69 -71 3 -48 -48 33 55 -19 -2 -82 -9 32 -17 -60 81 -31 47 57 -84 -37 93 -23 -82 62 52 88 86 -47 -23 -8 17 47 -35 34 36 95 86 45 39 24 83 -56 37 -52 89 31 10 66 17 -55 13 10 91 -38 -45 -55 -76 -47 89 43 -75 -36 -56 93 0 69 77 66 -64 -31 -17 71 -80 -93 39 -30 -32 -91 -49 -41 -76 -52 -81 65
-88 -69 90 39 -37 84 -49 85 -21 -27 92 67 -25 -34 30 -58 4 -20 -52 64 -52 1 67 80 36 -25 -17 42 -95 13 -32 98 93 14 82 11 -53 -17 58 61 72 73 58 -1 -50 -23 2 -19 -15 -49 38 6 -12 8 64 -51 -56 93 4 -13 58 -34 25 -79 -34 -89 24 26 66 98 56 -37 56 -38 -40 50 1 -70 35 44 -50 -35 -6 -80 23 -21 10 74 -53 1 33 38 -86 -25 -5 94 29 89 45 6
54 63 98 1 -94 36 70 0 -22 97 -13 -100 -26 -80 -21 61 37 -97 37 -65 8 68 45 74 -51 -76 86 35 78 -78 -12 57 -18 50 84 -14 15 -22 87 -46 -27 8 19 -31 44 82 47 98 56 25 -11 43 -86 17 -18 -7 84 63 25 -96 78 44 38 -59 48 74 22 -71 -64 -22 -87 0 -23 -71 24 83 -17 29 97 -30 18 61 -73 -46 -92 -28 92 79 74 71 -73 83 -97 86 -100 -26 11 -62 24 17
-11 75 60 2 87 -97 0 90 54 21 -23 40 -24 -88 -22 -96 77 -44 35 33 23 21 -21 -77 97 38 38 -8 -35 56 46 -10 -54 95 -65 34 56 -98 77 8 67 1 -2 -8 -80 -84 -30 -43 -15 -82 43 24 89 70 -20 30 75 13 -42 79 22 -80 -1 90 93 -82 -37 67 22 -4 -66 -58 -14 33 -33 -63 -44 -69 14 75 -46 -16 41 15 -90 -85 29 -65 22 42 -61 2 26 32 -11 -3 37 -44 68 2
-16 92 90 -68 76 -93 -62 38 -31 -49 87 -71 86 -33 57 -23 64 -62 -22 -72 -52 -87 -68 -43 -57 7 -31 74 -38 30 -43 -6 -82 -56 6 66 -36 29 12 -25 67 79 -66 93 88 18 -15 -92 -90 -97 -2 26 31 -54 -78 60 75 28 -23 -40 -92 86 29 -3 -28 54 70 56 96 -92 -57 -31 -31 -90 57 -27 -15 74 -70 7 -20 14 -40 47 93 -57 -2 -72 1 -47 -94 26 24 89 80 -31 -51 -66 -77 -100
-32 86 -73 57 25 -89 96 -90 -31 -99 3 -64 10 -30 -12 -73 -90 -15 58 7 93 -30 85 -54 -27 -77 -71 34 9 -25 50 2 30 -82 92 -88 95 -63 91 12 40 91 31 26 -93 29 -58 -2 -52 27 -74 -31 -90 -35 72 -45 94 -24 -93 -64 -73 -93 -74 -51 -10 1 -45 45 5 -60 94 24 -43 -66 8 -8 78 81 -9 -21 -32 85 -61 -72 27 45 -59 24 43 74 -36 -39 17 -40 56 -20 10 77 15 84
-49 -61 58 -95 18 -86 95 88 48 79 -29 -98 3 -86 22 53 84 -21 28 -12 25 -52 90 -28 14 51 77 -46 95 -63 50 -73 63 30 19 -15 -59 -49 -100 47 70 22 23 -61 -99 -55 -80 -11 -22 73 52 -32 -93 -89 94 -89 -51 87 9 95 93 -4 13 98 -76 -39 58 -6 2 -61 60 -92 86 90 19 40 87 87 -9 -20 93 77 -10 -9 -99 79 14 33 -49 -63 54 -64 17 -96 -40 51 27 35 75 83
-28 13 30 43 3 71 15 -30 -30 -14 11 -45 6 -87 11 -32 -64 -1 70 -62 24 -1 -3 29 -86 53 74 -35 35 8 -98 26 4 -55 76 6 -13 25 -29 -45 -44 83 86 -46 4 6 -92 -91 10 -55 10 39 -87 64 78 78 48 4 -87 -69 34 21 25 -79 -1 -70 -48 54 -49 91 -96 1 -84 20 28 -89 -56 -98 95 -97 -34 -7 98 28 -84 -26 -56 40 85 23 -15 95 -17 22 -61 84 34 -5 -23 49
97 -34 -58 9 -37 -96 23 84 -15 -55 90 18 -73 53 -96 -2 91 -48 -55 -18 97 90 -35 -91 0 -36 -15 -52 -10 -35 -20 39 -93 -94 86 48 93 1 6 -99 -83 27 34 -70 -13 31 -33 -100 96 43 -80 -82 -40 -8 95 -19 46 9 -60 -63 54 0 25 92 56 89 26 -3 -85 -27 20 -2 -37 -57 88 9 86 -75 -76 13 87 -7 -53 83 45 -51 -25 96 67 -99 3 -100 50 86 -63 -91 -75 63 50 -85
53 -32 73 35 -54 -98 26 44 52 12 -36 -31 -55 -96 28 -17 41 -66 -10 66 -32 52 21 65 -16 -72 -85 -15 -99 56 -40 7 82 -62 -19 37 63 -29 57 -7 15 69 62 -74 -57 -82 -30 -70 -67 -48 49 -64 -80 -43 -1 24 -68 39 35 -76 -39 38 66 -67 88 -53 -76 -29 19 -75 57 26 9 -94 95 2 -67 -6 -79 35 -73 -79 -14 60 2 -15 48 -10 -6 33 -69 26 4 16 -70 38 64 -17 -55 37
99 69 93 -77 -95 -52 -76 -40 83 -32 -73 -66 62 -48 55 -86 54 31 -75 40 0 -28 -97 -15 -72 -7 -43 52 -19 -27 6 16 14 -54 -16 -39 44 75 -67 -52 68 -69 61 21 -93 -78 -1 -57 60 -18 -44 -37 -72 22 75 72 9 56 -4 -56 46 -90 21 -52 -10 16 -22 -94 -59 -90 52 79 24 39 -26 -71 48 -80 7 76 74 81 -75 65 -55 61 -79 -98 37 87 97 -96 17 25 -61 84 -29 52 -35 2
-28 80 4 69 -74 10 70 -79 -30 59 -63 34 -50 -26 -30 -93 -63 10 85 -88 -25 -97 -12 13 50 -79 -75 -19 22 -83 -19 49 -10 -88 99 -72 -55 40 -15 88 37 45 92 92 -48 -43 -100 -25 47 -39 -67 -33 89 71 82 19 81 -68 -76 -60 33 79 27 10 -14 81 28 5 55 11 81 24 12 -92 84 -52 29 -5 -56 46 -49 62 37 -58 -82 -46 -18 -79 35 -18 51 -20 -47 -46 -67 -75 6 -5 -96 88
87 -82 0 52 -78 -31 5 3 60 93 21 -30 59 95 39 -65 18 -10 -89 85 81 94 -96 27 56 -84 12 42 -12 34 -25 73 -13 -81 30 1 90 31 78 74 65 -85 37 75 -89 -88 85 32 76 -19 6 -90 31 27 58 33 -14 -38 78 36 -56 -73 -70 -41 11 64 -14 91 -10 63 31 41 -54 7 28 -6 64 -93 -52 70 19 -66 -64 -75 -100 -15 -29 78 0 -54 -8 -81 -61 4 -35 21 60 -59 -83 -23
-26 86 84 2 0 -58 31 -3 -89 55 -85 42 44 73 -20 -43 65 -11 76 -31 -77 25 68 43 -4 57 74 72 68 -90 57 61 -16 -37 -2 -85 -37 60 -55 89 -85 -17 54 -27 -96 -64 -19 27 -93 -21 74 54 74 16 -63 -53 -1 28 90 32 -5 -72 45 81 -93 87 84 64 -2 -59 -13 46 45 -70 -14 72 52 87 -79 92 89 -32 -19 -41 26 -70 64 -96 -71 85 23 42 16 2 7 46 32 99 -47 60
-75 -79 47 74 70 -28 0 0 89 40 -94 -68 67 76 43 -46 53 85 -70 27 -35 36 -64 -26 19 -78 -78 95 -48 50 -100 -98 -28 -72 12 -14 -90 99 43 58 -11 19 82 -62 29 2 2 26 94 -64 18 -72 -53 -82 -8 -8 78 -20 32 66 77 27 -98 -31 -53 -97 12 -71 -38 -55 22 -59 -13 -93 -23 4 64 7 39 15 -94 -48 55 -23 -34 75 -31 43 -79 33 63 23 90 -7 -80 85 97 30 -94 -91
48 58 -55 -48 -100 97 -89 1 76 63 36 -86 -16 -47 95 76 56 41 -97 -57 1 41 36 32 -98 -55 -64 4 -57 -37 -73 65 28 -40 -64 -79 -84 -4 84 26 86 55 44 23 -80 -51 -44 -12 14 -64 -21 26 25 -90 12 -87 -65 -39 52 -74 79 54 -91 -35 88 60 -81 -83 -52 -57 -65 -61 42 76 2 -44 -65 41 32 -77 -77 70 12 -62 88 -59 -88 46 -1 -1 -79 78 5 25 36 99 71 -15 -17 -33
31 -58 50 -79 -63 -44 63 28 99 -14 92 -19 16 45 18 -98 95 -80 -83 -14 -44 30 85 -51 12 53 29 68 43 90 18 57 96 -25 83 7 40 -3 -4 -79 -55 95 -73 -50 52 89 -91 19 -84 -13 89 95 -62 55 41 -52 87 90 5 71 18 -16 -7 -50 42 30 -11 -87 35 -99 -7 84 79 -8 68 -86 -87 -77 -12 97 -89 0 -56 29 -99 -15 -26 60 -60 -56 83 -17 -18 -14 7 18 55 -32 52 -70
-77 -93 25 13 86 60 81 -55 -72 93 35 -83 -85 -10 -14 -64 -2 35 -26 43 -42 94 71 17 -22 -19 67 15 32 10 77 76 -84 71 89 -46 43 -12 -35 99 -52 79 24 26 52 -52 -25 3 55 79 -79 65 -19 -88 65 -38 11 -94 69 73 33 -74 79 13 94 -73 -22 -40 -17 65 3 -81 -2 88 -57 -41 -52 -89 35 47 94 38 -15 60 81 -4 29 -10 45 -48 29 70 69 17 -42 26 25 -60 72 -57
-76 -44 45 26 -19 20 30 -3 85 -3 34 66 -22 -59 -59 -51 47 37 -73 19 44 87 -90 -45 50 -70 -18 -29 43 -19 50 -34 -29 96 44 -94 52 92 55 37 94 -80 -41 60 91 96 -78 17 74 96 25 8 -26 41 33 84 -40 -54 -84 85 42 -73 85 23 -97 53 42 80 23 20 17 62 -52 -12 -66 -98 -43 -39 -53 79 -30 51 51 -59 -53 85 -10 51 60 -9 76 12 51 69 73 33 -71 -17 72 77
54 -15 -4 -87 -71 -30 11 -81 52 43 52 17 -14 80 44 65 -54 -88 -68 72 35 13 -60 16 -19 59 -18 12 87 57 -19 73 -32 96 -39 -16 27 -48 -6 29 -36 -58 -53 16 -85 -90 -58 70 28 68 54 44 -21 -93 -2 85 -70 47 90 -29 88 -53 69 -24 70 14 -87 9 31 -33 -65 90 -76 92 82 -61 -99 44 -91 48 94 -81 -15 -83 60 24 97 92 -25 26 -72 25 26 -80 62 -57 4 -33 -87 19
30 -51 -37 -32 -92 64 -42 96 -5 2 0 63 -3 -90 69 5 -31 -24 23 84 92 -1 93 5 -94 -56 -96 53 -50 78 93 -97 6 -69 66 31 -28 -87 -93 -39 60 38 -50 71 10 13 31 28 -41 -90 -73 81 16 20 81 -92 81 95 70 88 -16 -18 -48 3 -95 57 1 65 81 56 96 59 74 50 -73 62 26 59 -92 77 60 -81 21 76 -79 74 94 96 15 0 45 -9 -48 0 82 -30 -46 -78 4 44
11 -30 -32 74 30 54 -23 93 16 84 -60 -84 91 45 61 -88 -77 -97 -4 10 -47 -34 80 70 50 -15 46 -68 63 84 54 -24 -22 -38 30 57 -52 96 79 -46 40 -13 -15 92 82 17 -27 -26 67 -25 4 -51 -31 -10 -21 80 7 67 74 -10 7 55 -96 -16 28 13 12 47 75 21 46 -67 -29 58 25 -89 -67 17 -75 -25 -87 77 -66 -99 68 -44 67 -32 -21 17 72 94 -27 21 25 -53 61 -48 61 63
71 92 46 -23 11 -88 78 70 64 48 -70 69 61 46 25 -73 -100 -15 7 -57 -62 53 -55 72 62 26 24 21 -18 82 -93 -84 44 -37 37 53 0 -20 36 40 -29 -13 84 41 -67 4 -22 9 -47 -45 95 25 -75 -51 -52 70 -90 -8 -46 -64 96 -91 -64 8 45 -78 -51 11 26 41 68 -9 -35 77 19 51 -4 49 20 6 -3 34 -44 -46 64 72 30 -92 32 59 -81 -32 -22 -61 -100 -62 47 4 -72 29
56 -32 56 17 47 89 -96 -84 -24 -57 -72 25 -51 -33 -89 -51 -8 50 -58 -45 33 -1 -29 -40 -26 78 -90 -65 62 23 -7 23 66 -81 -65 86 -57 95 56 -40 -51 31 -8 -11 -69 -51 40 -98 36 -34 49 25 50 -60 -61 -63 11 -11 67 46 59 51 75 24 28 -88 -89 -39 63 -21 -70 -3 -86 49 -87 -74 54 5 -68 55 -19 1 -20 -72 -91 9 82 26 -60 -62 -91 -66 48 85 -49 -10 51 41 41 7
14 -21 62 -79 74 -35 14 97 87 -62 18 -79 83 67 87 52 10 -80 -26 12 -82 92 64 -95 -67 -11 87 33 73 -64 71 -77 -31 -66 -80 -53 -66 -68 42 12 -29 -78 -83 13 -86 -27 10 -89 -57 -56 -7 -45 -57 -27 -25 -40 37 -40 73 -90 -33 8 -77 -26 64 48 59 -20 -2 52 -47 -1 28 -22 -49 74 -95 33 -37 90 5 75 -25 82 -30 -72 79 -88 -34 42 -10 -23 -4 81 -72 13 -85 -74 -97 -60
-95 26 78 -24 -9 4 75 -8 60 24 -6 75 43 -86 -94 -81 -1 76 51 16 88 47 31 88 -46 21 85 65 -12 -92 -10 4 -21 21 -4 84 -79 -49 -30 -85 -16 78 16 23 -82 1 15 -94 18 -80 -44 -61 42 -84 -90 53 85 -91 -98 -30 52 67 2 63 21 -22 -38 -89 21 -41 69 -42 -1 -72 -22 43 -100 -60 -7 42 83 94 12 54 20 30 -66 -65 53 27 -40 -2 -87 38 -81 -25 23 25 36 42
23 55 58 56 47 -36 -1 -59 -83 -35 -98 -38 37 91 41 -40 79 33 96 -89 31 74 -98 -80 -39 52 -5 38 -46 -86 -5 43 42 54 -21 18 79 -37 75 -38 11 -28 -13 16 -62 0 32 84 -48 84 -100 -92 25 -97 62 36 98 -1 -60 30 -7 7 73 71 93 -51 -52 41 -89 -19 -52 -9 -80 89 -32 -67 42 -85 -7 35 31 -42 67 -85 45 44 38 7 34 -94 0 -83 -13 -53 37 -13 93 -43 90 -43
-11 58 41 -28 -67 -77 54 -9 71 75 22 22 6 -80 -97 58 -14 24 75 61 -71 -26 -71 29 53 -6 65 -14 -97 37 4 -29 57 -82 52 79 -63 -6 20 -50 74 -99 -75 -27 77 -42 -100 -25 -55 61 -44 20 80 70 60 15 -25 -14 -32 11 -69 38 62 -94 5 49 64 -63 -61 71 83 60 41 52 35 -81 -75 -37 -16 -39 -12 -100 -31 -1 70 53 52 82 74 16 -29 94 -28 -36 -46 -32 18 3 65 24
14 29 45 -92 -67 79 -74 -79 -16 34 41 -89 -86 55 57 70 93 -39 26 70 67 -86 28 20 74 91 -9 -91 75 96 -16 -61 98 -97 -41 14 99 27 -67 -23 -17 -95 5 -55 -2 -65 2 -26 80 -55 -96 95 73 -8 64 -93 -85 -28 3 -87 22 30 83 -27 13 -30 35 -69 -35 16 -92 41 -96 72 -37 18 -60 17 -74 -8 -69 -68 -19 53 65 87 47 62 -91 -94 83 28 26 -76 23 -6 7 -34 -60 13
-9 65 -20 90 -35 69 -5 38 37 -21 81 -95 -78 -59 -81 57 28 1 -11 8 87 -58 -47 -94 -76 82 -81 89 27 83 39 46 8 -75 -42 -94 -37 48 -19 -70 38 65 76 -80 83 27 53 12 -21 77 -85 49 -10 73 79 75 -30 62 -65 97 -9 -7 -8 -86 93 6 -79 -59 -10 -46 36 -88 26 4 71 32 -84 59 2 -23 -89 -42 81 15 49 86 46 70 90 -34 23 53 -94 -66 -9 -35 -36 -95 52 65
57 21 -42 -44 27 93 38 40 -64 -29 50 -15 67 34 -89 -24 -72 7 -5 45 17 3 -39 -53 -53 15 -42 57 -71 -2 -49 -30 57 -61 -77 -63 -25 68 50 -9 31 -11 21 56 -41 -10 -52 -28 94 34 47 98 9 23 21 -80 -46 -15 0 -2 5 -1 12 57 -7 90 64 27 -22 42 39 32 44 -34 24 0 77 22 -33 -89 -1 -66 2 5 64 20 -79 -80 -56 89 6 20 -50 -81 -2 10 67 -49 10 -35
32 13 77 22 -68 -78 -25 -37 -91 30 -2 80 -97 95 67 26 -46 81 -34 84 -22 8 11 68 92 -95 27 -97 -38 28 -83 -31 38 45 -12 41 86 14 95 48 -4 -78 -85 61 -91 -97 -1 -77 -4 -69 21 96 -51 81 89 -55 61 56 87 29 94 14 40 -16 -99 -31 -27 37 28 79 84 -46 -74 -63 1 21 -97 -63 -13 -19 14 64 -92 -96 57 20 -81 1 -39 40 -62 -79 2 -100 92 46 -15 99 70 97
-21 -87 -29 98 -63 -44 -40 -41 -35 61 73 -65 54 36 -11 66 -16 -94 -58 44 -4 25 -11 -97 -24 84 -47 51 84 32 -95 -35 -85 -79 30 -13 99 54 -61 -42 -27 -40 -87 -61 -50 56 28 4 -58 12 -44 -32 2 55 -59 53 -18 46 36 74 68 5 90 22 93 64 2 42 -47 19 -77 95 96 -70 82 82 48 -62 2 81 92 89 -51 -56 89 56 76 4 62 -22 49 93 55 -58 -70 -65 -65 -82 -36 -73
12 22 -29 19 37 -90 -8 -85 -42 -97 40 32 28 39 -30 3 -6 -59 9 11 78 -11 -68 -29 -2 31 11 -100 93 60 62 60 82 61 -85 -74 -23 33 4 -97 54 37 -53 -3 53 -4 82 -35 -25 -95 19 62 -37 -53 43 0 -71 -95 87 53 -51 50 54 37 -16 39 48 -59 -40 -26 32 -56 96 -83 -71 -35 -94 -54 -46 -36 73 75 -58 -2 -59 -48 4 -48 -48 58 2 -29 59 40 -66 85 62 42 -22 24
16 -69 -15 -81 -46 -3 50 24 14 -78 15 -48 -97 95 89 -56 76 82 48 62 -64 10 -68 -24 -89 4 18 96 66 92 17 89 -64 60 94 -75 -51 -16 -75 41 39 -54 67 -48 31 -22 -56 -33 25 66 89 17 18 -1 77 18 19 -75 80 7 -3 78 -62 -29 52 -20 -6 29 73 -38 -60 26 -93 -25 -42 43 -40 -50 0 44 90 -85 -25 74 45 90 11 -47 -46 37 8 37 43 -8 -92 39 5 97 75 52
-28 -49 -65 74 -28 -92 45 -92 -60 56 32 -20 26 9 -93 -56 -64 -58 23 -24 -79 92 -79 -29 58 56 60 41 83 -62 -78 1 -84 -38 -68 49 -39 52 81 -56 -92 -12 -28 30 -45 -15 -12 -100 89 -70 -56 21 -63 49 53 -39 -13 68 98 -26 68 45 28 -21 15 12 54 63 -64 35 14 -86 9 -9 25 35 -49 11 -8 9 -54 -12 45 14 -46 -17 -13 -28 -59 -60 -6 -47 13 -67 12 -3 63 40 73 -1
-94 -74 57 -48 -99 -67 8 78 31 -67 -68 -6 -89 21 72 68 16 -77 -96 -55 -15 -38 -96 87 70 59 0 79 12 -71 94 -73 21 -4 53 74 -92 -81 -47 18 -53 63 5 94 -63 11 -95 -3 -53 -50 78 73 22 -26 3 41 70 60 37 81 -57 -97 48 -55 5 26 44 -42 37 -63 -78 -21 72 96 59 48 28 21 -15 -29 26 -27 -41 -7 -52 85 -41 69 16 32 -70 58 27 -27 17 -47 -97 -20 1 40
-73 65 -10 40 -45 64 82 -8 71 9 -50 -35 51 -61 83 -64 9 -54 -66 -79 -65 80 97 -12 17 47 -56 82 -23 60 94 -91 -15 72 -69 27 -70 -67 52 70 -87 64 72 81 35 -12 -1 88 -80 86 -25 -4 37 -73 35 -86 -47 -5 -23 -71 -43 71 -98 18 -27 37 97 -10 50 39 55 -23 -36 23 -96 48 34 53 -68 61 -52 -5 46 -95 -69 -48 15 69 -65 84 -95 68 74 37 -84 71 -47 3 -43 15
