-6 14 44 74 -66 -77 -14 27 -92 81 -98 26 34 7 94 56 -14 96 -11 64 -97 66 96 -89 80 55 77 -15 -50 93 -7 71 -74 17 -49 15 -12 89 41 41 -57 -47 -85 81 -33 2 -55 -73 -29 26 -31 -62 -16 -30 -30 -87 -79 -67 -96 27 31 -92 -99 -85 -63 -83 -92 95 40 4 31 -51 -55 19 -43 -55 90 -42 -70 92 61 79 11 64 7 81 -84 99 87 11 78 -89 66 88 63 30 -65 9 73 61
-30 -68 15 70 59 12 -57 -25 -68 -96 62 -21 2 -64 -71 -100 -5 93 7 -70 31 20 -92 80 28 -28 22 -24 -68 -98 -3 -85 -18 56 48 70 -99 -80 74 -43 79 77 -70 44 -67 -17 32 -3 -51 73 38 46 -100 -12 -86 -48 -62 3 -92 -76 -40 13 -58 -6 72 72 9 36 99 -20 58 36 -97 7 40 75 23 -23 49 96 -31 91 39 -22 12 68 85 -19 60 78 56 82 -91 54 -100 15 -87 -96 1 -15
36 -78 21 -29 15 -55 -4 55 15 -46 -65 87 31 -99 43 11 73 78 -80 -23 -21 -68 -19 1 -51 59 8 27 -4 -48 35 47 16 -34 -74 14 97 -81 -2 -21 -74 -25 87 -18 -23 15 53 57 99 -19 -32 -52 0 60 -87 88 -56 -53 -24 29 -84 -60 96 -25 -87 -70 29 50 -4 25 94 -54 74 -69 -84 -20 -59 24 -45 -12 -77 -26 -31 53 -48 40 41 45 -83 -30 50 -48 -91 44 23 -41 21 88 -53 2
47 -86 23 -5 95 81 40 24 -53 76 -75 42 -39 99 38 -21 -90 -36 -63 -99 -46 -88 46 40 49 16 -49 -77 -67 -99 30 -80 -4 84 -22 -42 -61 21 10 -22 -87 59 24 -66 71 21 15 82 -42 2 -37 -62 52 -41 -66 19 68 30 20 66 73 -25 15 72 88 -26 24 80 38 -21 19 -93 -90 -93 64 45 -84 68 76 -50 -56 58 -24 65 42 -61 53 66 99 15 -23 6 94 -55 57 -98 -41 59 -94 98
27 -45 18 73 -56 -91 -53 -65 75 -14 88 73 79 -51 -69 21 62 80 10 87 26 -4 66 -89 31 65 98 -42 -45 43 -25 -46 47 -62 21 -86 4 66 -9 -49 70 61 97 -37 0 -26 -57 7 75 61 57 88 88 0 -1 15 93 -68 -98 82 77 77 55 -33 -93 49 -53 -92 66 -4 -67 73 15 76 -34 -18 50 -72 79 63 43 -88 -96 -84 -3 -99 -70 -69 75 -8 41 -33 -61 -25 95 -81 -13 48 -61 29
45 73 -6 94 11 -27 -20 -8 74 -17 -74 94 -34 67 -100 -14 30 22 44 -62 48 55 -39 -52 1 -96 59 -84 49 86 82 -19 -73 84 -20 -26 -97 -37 -60 -73 -90 -87 24 -15 -59 59 -73 48 -89 -39 70 19 -19 34 -65 48 59 18 60 -23 -51 -15 0 -7 68 61 -85 0 -36 -80 84 -47 -18 75 75 4 -40 41 97 19 -82 -62 21 46 -31 22 67 -75 29 -25 42 12 -34 22 26 -3 94 -56 84 -69
59 -62 -68 -3 -63 -62 67 59 -50 8 -21 11 -71 30 83 59 32 -4 -76 -26 10 19 39 -92 76 85 42 -46 -1 -5 14 99 -46 -9 -26 77 3 74 68 -69 99 93 -38 -33 -58 92 -88 34 42 65 24 97 0 -61 -10 42 70 25 -58 8 36 -88 46 -38 18 -83 -80 -14 -18 73 -6 65 -48 -22 98 34 -86 24 80 1 2 -92 -5 -33 16 3 -31 94 -85 -77 25 -65 -11 9 26 -37 -79 86 72 -75
-90 88 -62 -18 -78 63 -60 65 -72 -47 -82 52 -6 -9 -47 52 52 -2 55 -91 -91 -78 -51 91 98 45 -42 -54 -27 6 -82 4 46 -84 20 59 3 -67 -100 -55 77 -96 39 94 38 65 46 -14 20 58 -1 -14 -88 96 94 73 -54 64 40 -7 -2 44 -97 96 -2 -73 85 -76 20 99 98 -62 -57 2 -64 -46 0 -100 -56 36 66 -100 74 -88 7 94 25 -9 61 99 73 -58 -47 71 -93 95 92 28 9 33
1 49 -39 -68 -51 73 -57 -72 86 -25 -57 -43 -49 -88 55 88 -27 -30 -47 82 22 -93 70 30 54 -46 -23 68 67 92 97 45 59 -77 -37 91 16 -37 -2 -30 -92 -84 78 -26 11 -34 -67 27 5 -46 -45 44 23 -45 -7 -7 -33 19 -85 8 74 -73 38 27 -42 11 4 84 -50 91 -50 -94 39 -65 -25 -13 -4 -30 -100 -27 5 72 -44 22 92 -14 -41 -30 -47 9 40 -28 54 88 -60 93 -22 68 -49 -97
19 -27 46 4 72 7 -89 -75 4 -42 -5 21 -83 4 11 -71 -33 -86 -94 -34 68 -12 16 -79 22 -59 -44 70 43 -66 -62 78 -66 -89 31 -6 0 -3 23 88 22 -31 98 51 48 -43 -62 28 -61 85 83 -61 -37 -28 57 20 74 -58 71 69 98 55 -92 -54 -6 -49 -77 65 -32 -60 -45 -91 -67 92 -36 25 9 -1 -97 -80 8 71 66 -15 -76 -4 74 -87 -98 4 30 -94 -51 -81 -55 -41 -28 17 -71 -79
76 -88 -57 90 -92 -62 -60 32 -61 -83 -17 97 -97 83 63 61 46 -73 30 48 -98 47 -82 -37 -61 -85 -31 32 -60 21 67 74 43 -25 89 11 8 79 -78 -39 1 65 -36 -66 99 61 25 -49 -59 -89 10 -1 1 18 -87 11 -20 -42 -10 -16 63 50 -91 -92 -71 -6 -32 75 86 77 -44 24 99 -28 -68 61 33 -42 -63 85 -92 45 -32 74 -83 82 -16 -82 -63 41 -18 76 94 2 64 94 37 -23 -26 -92
-55 -10 41 -71 -85 0 -90 25 84 47 -47 -65 -94 -75 67 -55 66 28 -30 1 -39 -87 41 90 -73 -18 30 -72 98 11 24 -68 81 15 43 -74 -84 -10 -76 -38 32 -84 -78 -24 -44 50 -96 -80 -48 4 -62 58 -56 71 -45 -18 66 96 69 -8 93 -17 79 51 -75 -82 -41 -33 64 -20 -58 -54 -37 4 -80 39 55 -93 70 -36 21 -50 -24 -2 40 40 73 7 72 74 82 -27 48 84 -13 -13 -53 -72 36 -31
62 -66 -79 -2 90 86 27 -9 -67 66 27 98 98 -92 36 75 -71 11 86 -19 92 42 -64 -17 -38 61 -65 -16 -99 -33 66 93 -82 -96 96 -42 -10 34 26 99 59 59 10 3 20 16 5 -80 26 -68 32 40 -47 -99 16 66 70 95 25 -46 28 -42 -21 2 40 -82 2 39 67 -35 56 -1 -29 51 -46 43 71 76 -24 6 -87 35 41 -97 -56 5 14 -55 -30 19 -75 -34 -90 59 85 42 -38 25 -75 95
17 70 -36 -4 90 27 90 -76 -17 -34 7 -75 -77 -66 -41 -51 -78 -11 -72 32 -84 60 45 -31 45 92 -3 -91 -52 -20 -20 -77 -11 -23 19 49 40 26 66 63 -58 87 -10 64 49 63 76 51 -27 98 -89 -60 -50 24 -59 -74 -57 71 71 -57 -37 -99 45 97 1 18 -43 40 13 64 -36 37 68 39 59 42 -34 -49 -14 90 73 -7 51 -24 71 -67 60 -25 55 89 21 -53 21 69 -52 67 -69 -15 -66 -16
-86 80 64 -1 -86 -44 53 70 -60 -94 91 96 -15 7 -90 47 -13 -41 71 10 58 -63 -46 -11 -36 -65 -40 -60 -9 16 83 81 80 -66 70 -12 -98 1 2 -80 -30 -97 89 -3 11 59 -61 -5 -100 12 -4 57 -62 69 -18 94 -98 95 -3 -90 -94 -54 5 -62 -68 28 73 44 80 -19 81 49 -20 41 -95 74 86 -61 58 32 97 48 -11 -90 86 40 -26 93 -3 -91 -29 -45 84 52 -85 94 70 20 92 -100
91 -24 -75 36 -4 -2 51 90 -77 -76 34 -18 11 82 72 65 44 -73 57 51 37 -27 -30 -34 -72 87 -4 85 80 0 49 86 -36 17 7 -45 -92 -75 -26 0 -21 -57 55 66 -8 10 -13 19 8 -4 90 -75 62 -90 -66 50 51 -85 -7 54 -82 -10 -79 -58 -44 -21 -12 93 -69 44 89 -12 -49 -57 -9 -15 54 -7 14 88 -58 74 53 93 28 -71 64 -28 -72 77 12 47 -36 -4 71 -88 82 64 13 46
-23 82 69 59 55 -76 29 72 -24 72 -44 57 22 59 52 81 -25 -50 88 21 -59 82 -1 55 -4 65 53 -45 73 -57 -45 29 83 80 -38 51 49 -55 -82 19 -85 -17 57 55 -55 28 -74 16 44 50 -40 -34 -16 -82 73 -87 -41 58 -85 -46 92 55 25 24 -75 15 -36 -49 18 -85 88 -68 -99 -12 48 10 72 56 96 -40 32 -99 23 -77 9 -87 56 -72 35 87 52 -79 -9 76 -78 -35 -11 -44 2 74
-41 -64 11 9 92 -58 -15 -88 18 7 26 3 -21 85 72 -41 52 30 -31 28 -62 -51 -80 -61 -94 -24 26 86 -30 18 -75 -4 32 86 62 -25 96 -78 -17 -19 23 -28 -72 -12 -9 27 6 -48 -65 24 42 47 42 54 -59 72 71 -34 -5 44 -27 37 76 12 19 -42 -23 34 50 29 46 53 83 -55 66 5 99 -17 -8 -97 94 -42 10 -4 -16 -49 -52 -67 18 28 38 -30 -92 43 13 -57 -75 -36 55 -22
-25 -29 55 -80 81 42 80 7 -78 -61 -42 8 5 87 -97 26 13 -75 -57 -50 9 -7 -1 -95 -2 -68 -63 -28 -75 67 59 32 -14 -32 82 -99 -92 -10 44 -79 -27 93 -75 29 -32 15 65 -54 -65 -52 13 -77 43 38 -64 90 39 45 -74 33 63 -10 -30 71 90 -15 -12 -50 -93 65 -35 93 -51 98 63 -73 -85 26 -77 89 -51 -34 56 -99 -41 30 -52 48 -99 10 -17 -98 20 36 99 -6 12 -91 -13 6
35 -25 -71 -2 70 70 -11 71 -97 71 64 -16 -32 79 -9 -33 -80 77 -33 73 -88 -34 -47 -84 -8 58 -56 -39 80 54 37 -17 40 -39 -48 -14 70 83 66 85 40 79 51 -18 97 46 9 -29 -84 79 1 -7 -52 -58 -56 39 -27 -59 39 64 91 73 -79 52 91 25 -76 -33 -42 60 -29 -69 26 53 69 6 -33 23 -92 -85 -93 -43 73 60 84 82 94 -88 -27 28 -82 53 -86 -74 -23 -39 94 64 -29 -50
-54 73 -88 -30 36 67 39 68 65 -26 65 -55 71 10 12 87 -78 -30 94 -26 69 57 -16 19 -28 44 -21 -72 48 -24 -14 65 69 -78 10 -19 67 -22 39 -9 28 -57 -66 85 -55 8 -89 -66 -33 -38 92 -31 14 -38 -5 96 -49 64 -26 -1 52 38 -11 -21 86 1 78 -17 -29 85 99 95 -27 -74 39 74 81 -7 -18 -65 -51 -27 -56 18 8 -5 -73 -7 95 -61 -91 47 -79 -16 -38 -47 -20 -99 -8 64
2 85 -36 -28 20 1 -5 -23 73 44 41 -79 -2 1 -43 7 -59 39 -92 -16 19 -54 79 -5 -41 -70 -33 66 29 29 -87 -98 -12 12 -81 -10 96 -10 24 -30 -97 -64 22 53 -9 72 -98 -37 -45 26 80 79 -64 -23 -24 -56 92 40 47 -12 -57 -30 -25 -20 -38 79 21 -13 -41 6 87 81 -84 -29 83 -75 1 -97 1 -31 11 -60 -31 -28 -93 5 24 -79 -44 -98 59 -97 -32 73 30 68 -92 61 -23 -5
56 89 67 -89 36 -22 -98 11 60 -18 31 -24 19 60 -93 80 -28 -86 -94 52 11 11 -92 27 -56 97 85 92 -37 -49 -87 -29 -90 26 -64 34 53 60 37 -68 61 30 95 43 96 42 -18 -19 48 99 -45 13 -3 60 -93 -67 46 80 36 -48 -50 -50 87 -19 -78 54 58 -9 19 -40 -22 3 53 -68 45 50 -81 63 -80 -80 -61 -7 -31 -56 -8 -59 34 95 97 -95 36 -92 -21 -78 11 -1 -42 -99 -66 50
-97 -79 -43 -80 -25 72 49 -2 45 73 -24 81 36 45 -60 37 56 97 95 -69 45 83 50 -73 -69 -83 -42 -31 -42 64 92 21 17 -53 -5 -85 -54 -85 32 -40 -34 65 52 10 84 -51 -96 -100 -96 55 -39 -67 -30 -81 -33 -19 -34 -85 -61 -9 -96 -93 45 -29 94 -9 68 66 89 -67 -57 -100 -57 -58 28 -45 -77 -6 -80 42 -13 -67 92 -42 -1 32 88 -35 -69 88 93 -41 -32 -53 57 -76 -60 -78 74 0
30 -80 -39 30 56 9 -88 -56 -41 27 55 -9 -34 6 -58 24 47 40 -96 -29 32 -33 -3 -65 64 -21 -84 -6 14 -20 -8 -87 75 97 23 89 -25 -21 36 -67 85 -6 -46 54 35 -65 16 -43 -81 58 -34 -72 51 67 42 58 50 -79 -24 -99 -83 -22 23 -1 86 30 60 10 77 34 -3 80 82 -3 -79 -89 -75 -90 96 -60 -50 -52 64 90 -54 88 38 36 68 85 -38 9 82 45 38 3 7 13 -94 95
-30 44 -90 31 -80 86 94 49 42 59 -35 -73 73 34 -17 46 -37 -78 14 15 -81 53 -82 -81 -86 -55 17 -49 93 63 4 -81 27 73 -78 -49 60 -28 31 35 -76 25 -57 -98 13 -43 85 -23 -44 72 62 66 -67 -34 34 -33 94 -64 69 31 43 -56 44 88 16 -25 54 -4 -52 7 39 -72 -31 17 38 13 84 -88 60 -23 65 -26 72 59 -45 73 -36 -68 96 66 -70 35 44 -96 -83 -53 29 -44 82 46
34 17 66 -46 81 29 46 69 65 37 -80 14 -93 41 33 -81 -11 74 -76 -5 -48 70 -71 50 30 82 39 -68 40 6 90 -43 13 -87 -12 -69 -93 -69 3 56 -11 60 52 50 71 -86 -66 -6 -94 -16 -94 73 -43 -18 -100 76 72 -37 88 -48 22 -90 -26 41 18 -7 5 83 70 10 81 56 47 22 -72 -28 -66 71 -48 -25 36 65 -36 80 -60 16 -4 -22 28 -49 -28 -47 35 16 -84 10 99 -77 40 -14
86 32 96 -73 -17 34 11 -3 59 -60 -22 20 89 30 -10 -34 74 98 -89 38 64 -42 -79 -15 -48 -80 -24 83 -78 -85 -76 54 -69 -79 15 -84 -16 -21 27 -78 -81 94 -67 17 -42 -48 -50 -40 -37 -70 47 -82 75 -90 6 40 -52 42 -1 38 -97 -19 -89 72 -78 9 -55 51 32 64 61 -25 -1 3 -71 47 -73 -45 -71 23 57 30 91 55 -7 -6 -46 53 -30 66 22 83 14 -73 18 -96 61 -92 31 -15
9 2 69 17 -9 13 78 74 13 87 -36 8 12 38 -17 34 92 95 -28 3 -14 41 16 -34 76 14 -41 93 79 55 0 61 -44 -93 -73 -16 -34 30 23 -88 82 -47 98 66 -78 42 -94 -77 61 27 -55 8 -76 -40 -60 23 39 -32 -57 60 40 2 -99 -41 -66 -46 81 -47 84 -78 -6 89 -38 -12 -94 40 71 37 23 -62 -30 -9 40 56 -44 -28 -40 -43 -24 -70 -39 53 53 21 99 -17 31 14 -83 -40
-87 73 71 -52 93 17 86 35 50 -82 69 48 -35 50 -72 48 21 -7 -72 -1 -25 -54 -27 29 66 -81 -68 -76 90 62 10 28 -15 -48 -28 44 -65 15 17 49 -53 0 -77 -28 56 16 -15 -81 -28 19 82 37 9 -17 -43 -37 -56 71 -68 -53 -94 55 -54 92 -60 -30 -80 38 50 -37 61 36 1 4 46 -61 -81 -40 54 20 95 33 72 -6 -80 -51 39 -91 -73 20 -17 -85 -8 23 -83 4 18 30 33 -44
-30 21 91 40 99 -66 -37 -64 -11 -72 65 -95 -8 -50 21 10 -37 27 -66 -82 -78 -18 -38 86 17 -53 26 -53 59 44 -95 27 -94 49 -81 -20 -30 32 -50 26 -16 -65 54 33 28 15 45 -98 33 -12 -38 42 39 32 -36 -1 57 0 63 24 -59 21 -6 4 80 74 -46 53 -41 -99 -62 -77 -85 64 -54 -25 -30 71 76 79 -46 -10 17 78 1 68 72 -28 -57 29 23 49 6 32 51 -52 -3 79 -40 72
69 -13 -65 -95 29 -40 87 -71 -58 30 47 -10 39 19 -12 54 -18 27 25 -80 -9 -36 -27 63 -87 -8 13 -20 -85 18 -8 -96 16 -12 3 10 -36 25 -76 -47 96 98 -40 -74 44 -3 -90 77 -14 -72 -37 -50 34 -64 84 2 65 1 28 66 -97 -23 74 -50 25 34 -73 89 -59 -21 27 -26 6 -15 -86 -71 42 76 95 -55 79 26 77 -19 8 -76 40 81 18 -24 -36 46 45 -39 54 -69 -67 35 7 58
-4 -55 -99 -65 91 -1 -99 3 -22 72 -70 6 -23 -93 -35 -77 -42 5 43 52 -63 -1 15 78 -12 49 5 -96 9 58 -68 96 -28 -55 76 78 -15 -70 -55 -60 25 0 -76 -84 -41 -12 12 -37 -34 -82 29 53 99 -76 17 51 94 -35 2 -48 -31 -45 -60 -79 17 34 -69 -65 -29 -75 4 -2 -52 51 19 41 24 -74 -43 -59 -16 -76 82 -39 89 64 34 -34 7 91 29 -48 38 19 12 -61 -29 -53 -90 -48
-61 48 66 8 44 5 -9 -55 -18 -36 -97 -28 60 55 42 -88 -89 52 49 7 3 -12 54 -50 -78 56 47 68 -90 84 29 -34 -38 94 22 -83 -68 88 -34 67 -26 88 -26 -28 89 -85 -49 51 -21 50 31 -41 -20 95 61 -41 -63 -61 -86 -58 -37 59 58 -51 52 40 54 -21 45 -58 -70 76 86 87 -54 -39 -18 84 1 -96 42 -86 65 75 -26 98 86 82 40 -30 -84 34 33 12 19 26 -99 -100 82 40
31 -22 41 -66 6 -76 63 31 48 85 56 -11 6 -75 -42 -28 6 -8 37 27 39 -79 -85 46 99 -28 -69 -57 -15 -40 -19 53 82 25 41 -84 92 -62 -67 -47 -97 57 33 84 -70 -99 28 -32 -66 92 -75 -28 -76 12 45 -75 91 -29 74 -56 -23 -76 -42 39 -74 64 80 90 4 44 37 -59 -71 8 43 99 -31 42 -12 52 85 -14 -21 -90 16 59 91 -73 16 -2 -40 65 54 45 0 -84 -29 99 55 12
-90 -64 35 35 37 -39 4 -69 13 -15 -14 -8 35 -17 -30 31 94 67 49 46 -27 24 -20 12 -11 78 -49 50 54 8 39 -56 -35 8 75 -71 37 96 -23 9 87 -30 66 -61 -100 80 -62 -2 -40 52 20 36 19 8 -12 -89 51 82 -84 59 -52 -38 -28 24 -14 71 82 -31 -27 25 -76 -82 89 -80 -98 34 19 -50 19 1 83 58 10 95 -63 36 54 -75 -12 -77 -51 -8 58 -13 9 -99 99 80 -3 -18
-41 8 -13 32 87 44 -46 -11 44 -28 76 20 -7 -51 -92 48 -49 83 25 -75 -94 59 -8 -9 15 4 6 90 -23 9 -6 22 82 -98 -28 94 9 -36 -92 -75 -16 -98 74 -87 -78 -30 92 -6 -84 12 55 -65 -89 -98 -15 -87 63 96 -98 35 70 31 -79 -43 -59 78 -1 -3 -75 9 66 -63 76 16 -6 -30 23 -7 94 -48 -86 46 -44 -56 -91 19 80 3 -16 23 -46 21 69 -44 35 50 -37 2 -49 43
15 -73 86 53 -14 28 91 -99 -75 -17 -59 1 79 -14 41 62 -15 -53 93 -52 -30 43 -3 -49 -8 97 -1 35 -57 25 -5 52 20 -9 93 27 -3 40 -28 -92 -99 -20 -97 3 92 78 32 -91 14 -12 -27 63 93 -58 37 -34 -66 -39 66 71 -67 73 -21 0 30 -40 -2 -92 -77 -15 3 26 -98 74 -10 15 -9 -61 -11 -22 22 -65 -5 -32 19 20 -58 -49 52 77 -33 -37 14 -33 -97 62 -90 24 -36 -61
61 58 -87 2 90 -15 -94 -57 46 41 -30 70 -16 -57 39 -4 -90 53 -40 -40 -89 -42 -71 63 21 -45 -13 46 -98 6 61 -23 -29 -38 -2 43 7 94 80 87 44 33 -36 32 -25 -45 25 97 -84 88 55 -32 -45 40 70 5 -25 -43 -65 -59 -81 -98 69 -66 -58 23 -63 67 83 11 68 8 -68 -66 -54 -100 12 49 52 42 -55 -93 -35 -89 45 78 -58 29 24 -17 49 46 73 -78 -71 -52 72 90 -100 36
18 -81 7 88 37 71 71 65 -42 -2 -53 53 31 67 93 13 22 50 35 67 37 82 -70 -39 -91 42 -40 -85 -42 48 42 4 2 87 -49 -70 19 -16 -85 44 -76 16 74 -79 -86 -89 -81 67 -13 -14 -88 -91 47 40 32 48 51 -9 -42 -74 28 36 92 -28 -69 67 -42 -13 -38 76 41 -1 57 37 -4 65 -28 75 -81 -9 17 -52 -64 70 -57 78 1 97 -19 -13 -45 22 38 9 -11 74 19 -27 0 -39
26 72 -40 -36 -28 27 44 -18 -45 -45 29 44 11 32 -60 -25 72 -67 -93 -25 31 -58 -53 19 -45 14 -58 91 -85 11 92 37 -6 11 -63 65 37 11 92 -78 -7 -9 -31 81 -87 86 42 81 -16 9 -80 4 -55 -90 43 84 28 -77 57 -9 -9 0 64 62 53 87 -29 -54 -97 -64 48 -60 -60 -32 0 13 91 -21 97 -14 61 83 -32 40 60 70 -97 10 -100 -82 22 -8 84 11 74 57 29 51 4 98
57 -73 95 -58 47 52 -65 -44 81 83 66 -52 -31 79 -72 -49 -37 1 -12 70 -77 76 30 -91 -36 -69 50 -15 6 43 -76 -83 91 -24 56 -77 -21 -30 -60 64 98 14 -26 69 -33 -74 -34 -19 96 13 -48 67 -57 73 67 -95 -49 -65 -19 17 -61 45 7 -7 51 30 -62 82 -92 -95 -80 -52 -44 -51 42 50 35 -24 17 -74 63 -78 8 -62 -66 37 -44 63 -100 26 -89 -61 -3 -5 89 -91 -86 0 -74 75
-100 -64 36 -79 1 -66 7 -90 -48 -88 73 -32 -78 60 -97 -14 -32 -30 81 -95 -30 91 -13 -88 -71 60 -44 64 -96 -26 71 -5 -50 -38 -46 74 48 47 -62 82 21 -65 73 11 40 62 48 -18 -87 90 53 -15 -81 -59 -92 -13 -26 61 -30 43 -14 -97 29 85 -16 33 -16 32 28 48 -22 -48 -68 30 -44 -57 -3 61 88 45 7 50 -87 53 2 46 5 41 -17 -94 75 -86 27 -26 51 -87 -82 -50 0 45
93 -36 0 59 10 -50 90 -78 -49 84 23 22 82 74 19 -57 51 -24 -7 29 76 -21 -62 15 -40 -10 85 27 -27 -55 -2 -65 -69 77 -96 -50 -48 45 7 -31 -8 -26 -35 -18 -87 15 -47 50 -88 -95 33 -6 39 -8 79 69 39 93 -56 7 2 38 -40 -52 55 -52 3 -86 68 -11 -72 -6 -29 7 56 -39 99 94 93 5 91 81 -61 -13 4 87 70 73 -90 -96 -15 66 -36 -84 -41 49 86 6 -11 -69
71 40 56 -27 -75 -26 89 66 -37 20 80 71 88 97 -12 -56 89 39 85 -42 -89 -81 38 46 85 -9 31 47 -3 34 66 -46 -42 7 24 -88 -73 5 -37 45 -19 -38 -92 64 71 3 53 85 94 57 16 -48 79 43 69 -92 -100 92 -51 -78 -41 60 -30 -10 -51 38 75 63 5 23 -36 51 -46 50 97 61 -20 -33 -60 -69 -11 -44 -88 29 31 81 22 -67 -40 -45 -36 45 43 -100 69 39 -10 -28 -87 72
-81 25 11 -97 0 -42 -82 0 49 72 -24 54 78 -84 92 -57 10 -45 24 12 -8 68 -11 -21 17 -53 68 28 13 3 52 99 35 -38 57 -39 -47 -25 23 29 -17 -53 92 69 -6 87 -82 -60 48 29 -23 -8 -72 13 23 -74 69 -93 46 97 -65 -34 48 95 -16 57 45 -96 -14 88 -68 -44 -86 -56 -85 15 50 10 92 47 65 -32 -22 59 81 19 25 16 -53 -30 -72 68 -43 94 41 -15 65 -31 76 -91
-70 -68 -63 41 4 -45 -45 -14 74 4 -79 -49 54 -18 -9 18 -41 -54 -68 50 -72 -23 88 -34 82 2 14 -13 -99 -62 -90 -6 -85 -78 -35 89 70 -30 64 -53 61 -91 76 -80 66 -69 -54 45 -60 -46 -89 29 -48 -47 48 -32 94 -58 68 -96 72 -9 -47 -75 65 73 56 80 71 -43 -25 -74 -7 -87 8 -81 42 -6 -23 52 54 -25 80 -89 -39 81 -70 -67 81 99 5 -3 -84 12 97 -64 73 4 -43 82
32 -4 -39 -8 81 78 74 84 -69 44 -27 64 64 -86 20 -69 96 -76 36 -95 -29 96 -64 -22 96 21 -56 -21 55 -33 85 -89 -38 -8 41 -6 35 -22 -6 61 55 44 -23 59 -17 79 -49 -64 14 -41 51 64 29 -25 -98 -41 -4 -6 10 49 24 -2 -22 -97 -15 -25 -3 -52 -76 -51 37 -99 58 -3 70 95 -74 58 -58 11 78 -26 22 -64 0 9 -48 -80 -6 24 69 96 72 -27 67 95 -32 -86 12 -32
-91 98 -47 -32 -100 -98 -63 -33 -86 71 54 -65 -21 19 -7 -40 -45 72 94 53 -4 -82 44 -26 -67 -64 -7 -55 -34 -86 -44 83 14 38 0 28 -99 33 -6 7 33 -44 -63 -68 -26 -3 26 50 87 44 -34 -89 52 -92 82 96 -33 -71 -68 -17 -91 17 62 91 45 -17 44 57 -36 19 -44 -67 52 40 69 77 -36 92 -23 95 96 -71 24 33 -83 56 90 -56 89 -14 26 69 77 -54 -30 -50 69 -41 67 29
79 55 31 6 68 56 -18 46 10 20 -78 71 -89 -89 -78 -76 72 -61 -44 -61 44 55 19 -96 -98 79 27 -14 -43 53 -91 -7 -34 58 -14 -69 99 69 48 -29 -82 -26 43 -52 -78 -31 -81 96 66 -24 77 -40 95 -29 -13 -8 42 91 77 -47 -90 14 -25 -39 33 -70 87 -29 -54 -22 29 -92 74 -34 69 72 -2 28 83 80 -87 -94 -39 -68 91 46 -39 -26 -64 26 44 -86 -63 66 -43 21 30 47 -35 -71
-80 80 -71 -46 63 62 -66 89 -20 -93 -51 -28 -3 80 68 -19 99 -41 97 67 21 -42 -94 -58 -34 -47 -77 -95 98 -60 -50 16 82 -84 41 -90 -97 -2 -24 31 -35 55 -42 95 92 1 -73 13 77 -11 60 -7 34 -77 56 -1 -74 46 -71 -59 -12 -4 58 -14 86 -82 6 3 37 -38 -75 -7 -100 70 84 -92 -15 22 19 -53 -17 11 -33 -5 -74 -50 -14 -33 86 47 91 15 1 73 -77 25 21 -91 -46 -91
87 4 22 41 60 -5 -25 85 81 20 36 39 66 24 -2 94 -52 84 62 -48 39 34 -38 -1 25 -11 -85 -25 51 -88 85 12 -82 -100 6 70 78 97 0 73 -1 -92 72 -14 21 5 -82 36 51 19 29 31 -78 61 -36 24 -84 -61 60 -77 92 -61 -72 23 75 51 -12 87 -37 92 74 79 23 -21 -48 -8 84 57 12 88 -17 77 -9 92 23 67 64 48 -14 28 -4 -77 -16 43 -9 -64 -42 38 86 44
-91 90 -59 27 94 54 4 77 -71 41 37 -66 -64 51 0 29 56 49 -1 61 5 -28 13 -9 -12 74 21 -72 -76 99 -10 74 16 -8 -53 45 -68 37 -52 26 48 -95 -23 24 49 64 6 68 72 89 -92 24 -12 -19 37 29 -80 3 3 98 8 86 -14 -53 66 -9 49 -48 24 98 68 -10 29 27 57 16 -91 31 92 -14 -21 -20 10 44 -92 15 -35 -37 50 -38 -23 23 -56 -87 -11 -72 -6 56 -92 -97
-57 -35 -88 -39 19 -98 -1 88 -55 78 -56 63 -72 78 -94 98 91 19 -38 -65 57 -76 30 21 -65 58 7 -4 41 -61 -27 -19 -37 -3 29 42 -18 47 -65 -36 -65 -6 61 -2 -99 15 -12 -67 -51 -47 -19 -32 18 1 59 85 -96 86 -45 25 43 14 86 48 10 85 27 39 0 -76 21 77 -20 -89 -65 69 -4 6 -33 -89 -70 74 -25 -57 53 94 88 28 46 96 63 -26 -3 29 -68 -13 -32 27 10 17
29 -82 2 -71 85 -81 -70 67 10 69 10 -45 14 -29 -57 56 15 30 68 27 -14 25 73 44 -91 17 53 55 -90 70 -62 -6 -51 37 -75 -25 -10 -35 -74 -92 84 97 95 -97 -86 -42 38 47 -86 69 86 64 -77 90 32 71 96 -88 -86 0 -50 -24 -75 -61 -4 3 -29 -58 -51 0 -70 97 -71 65 26 -57 16 -61 -2 95 64 -30 -10 50 26 -60 -9 -30 41 99 -81 -25 -82 -21 -68 81 96 40 -50 -17
-3 20 -16 -71 -6 84 16 -57 24 39 -100 14 53 -66 26 -79 -22 -60 -68 -25 75 80 -97 -33 20 -70 -76 1 88 -18 89 0 -96 -21 -32 64 96 -96 -65 -79 -21 92 -13 -43 -9 48 -96 -16 -80 24 39 65 -19 -10 -46 17 -45 -84 -69 65 -21 -12 -28 3 -95 97 57 -91 -91 92 4 33 92 72 -96 -90 -23 -54 -39 -92 44 52 6 40 -18 -100 97 -70 72 87 -54 -6 -66 53 4 39 -78 -13 -23 64
-59 -88 -93 -58 88 -4 79 -90 -59 -38 -94 -1 79 82 -49 35 20 93 98 90 -100 41 -84 79 -27 40 -15 28 6 30 -56 -30 53 31 88 -84 -82 -57 69 -1 79 -43 -51 -51 -1 23 -14 44 -14 66 -97 -28 78 -65 67 63 75 -50 -38 -23 13 -40 44 29 0 -20 47 -83 -40 25 22 -31 6 -69 -52 -91 85 -97 82 46 89 -81 -80 -34 89 57 -62 -45 37 -20 54 53 2 -43 35 96 14 8 -18 85
-33 -6 -11 -92 60 38 -65 6 88 -96 14 15 42 -65 85 -46 21 -60 -34 -54 -7 -96 98 21 -79 0 85 -16 39 -17 -59 -58 96 66 48 71 47 -37 -90 -32 11 -61 -81 70 23 66 -48 21 1 -33 66 -43 71 16 -39 -6 48 61 -7 -39 85 7 42 84 62 58 80 -49 94 93 -84 -36 -27 45 -3 69 97 -38 -91 24 -77 10 -49 78 -44 13 55 -69 74 12 -72 -43 -35 5 -22 -25 -88 -17 80 18
-69 79 -20 -67 27 13 93 1 -9 -54 -31 99 60 -6 62 -39 67 50 75 17 90 -39 -34 92 93 -68 62 13 78 -88 7 -87 3 36 95 0 72 99 -76 -78 88 93 -83 -69 23 -74 -72 -87 -90 24 -65 16 5 -8 -38 78 86 -55 -79 -77 -71 -84 -57 -4 -100 -37 61 -15 -40 59 42 5 -87 -10 -75 77 62 96 -23 43 84 42 28 60 82 16 79 -39 5 70 -85 49 60 -73 26 18 -100 24 -69 63
-75 38 -92 -3 -82 19 4 -89 -11 -15 79 -18 78 -49 85 4 44 -2 38 4 28 72 60 96 -6 83 54 -37 84 16 -14 -18 75 21 -34 -6 -96 -28 59 40 76 32 -9 3 0 -18 -20 28 -20 33 -69 30 -5 -50 28 14 93 -16 -40 57 -45 85 50 -75 -77 7 -38 -59 38 85 -37 30 -73 -24 11 38 -3 -21 -6 48 48 29 71 44 -100 -55 2 86 6 0 49 -55 -86 9 -78 -96 70 73 -100 -5
-69 -10 42 -17 -49 -2 20 -71 -44 -5 -78 99 62 -65 -78 -46 -51 -21 -21 79 -81 81 -41 95 -76 -45 -4 33 26 -92 -43 76 -49 -86 -33 -70 82 -26 -92 -32 -74 61 -64 86 -29 64 71 -23 43 -95 16 -8 -67 0 9 -21 10 -10 24 -66 -94 -99 -92 14 -93 49 -75 -89 27 -17 2 -38 56 76 -13 -36 -53 41 27 -83 -86 41 -9 -80 49 16 -97 -81 14 -24 39 -70 63 12 23 15 83 -21 -74 -31
-79 -9 -76 6 -8 30 13 -47 -71 91 47 -61 29 8 40 -90 -71 -43 37 -39 34 -68 32 -3 9 -83 -85 -67 -58 -69 -8 14 17 3 -21 -75 -3 24 20 5 47 -7 -38 47 79 20 -85 92 -24 -8 -32 -69 -20 -13 -89 -20 51 8 -98 -11 -16 2 -12 -46 20 -65 -48 31 14 -12 88 -21 -12 -38 95 10 49 -21 43 -38 74 80 -20 -34 75 69 -99 -69 19 97 17 -75 48 -31 -16 -78 28 95 -48 0
76 -45 8 23 -32 -96 -39 -82 76 -81 83 80 -20 20 18 -12 -85 18 83 79 91 52 93 -98 20 -87 97 -82 4 78 -4 79 -32 16 -23 -70 -38 -83 10 44 76 7 17 99 -97 92 -69 2 -77 60 -69 -4 92 -96 57 35 -60 -97 -70 -4 99 95 75 -53 -40 27 -65 73 1 32 0 10 -53 -5 -17 4 22 -72 70 53 -91 45 59 99 -90 68 -85 -66 3 71 49 75 -16 -73 37 -72 -6 95 -44 -22
96 83 74 79 29 -9 49 41 51 -2 -41 -62 -56 95 -84 6 97 -63 -64 50 13 -59 -5 -10 -44 -53 52 58 84 -42 22 -46 46 22 -32 -39 -23 -84 73 49 -61 -62 -48 92 -62 78 43 40 86 -37 -22 -2 -76 76 -37 68 62 -13 4 4 0 67 61 -99 18 33 -3 43 73 -70 -73 -20 -52 41 61 93 92 20 16 -35 74 -60 59 -37 -58 -15 27 68 -63 -82 46 -16 -22 14 96 -53 4 22 72 98
-47 -7 52 -41 -85 -65 21 74 43 -37 18 23 35 53 80 78 38 33 -63 -72 -92 -96 -86 -53 52 -18 95 89 -10 -26 -72 62 -32 30 -59 -3 -95 29 -9 -8 77 42 76 -63 -35 -57 -72 56 -51 69 34 37 -6 20 -64 -25 -29 43 -94 87 66 63 15 -81 36 94 15 -35 68 -31 30 -96 61 -57 35 -8 26 32 40 93 41 -91 59 -50 -24 -27 62 49 -75 9 59 -15 43 -42 -83 61 -68 -54 92 -59
26 -51 97 -49 -69 23 80 -17 51 12 -45 31 65 -100 12 20 -58 42 -100 -93 80 58 25 -69 -97 87 22 75 -11 82 -38 -64 12 5 66 -51 -65 -97 -5 -21 -34 -57 94 2 -18 -20 -86 -44 62 -72 82 -85 -5 33 -66 88 86 8 -93 -72 85 30 38 -96 0 13 -55 81 -17 39 56 73 -84 43 -100 -5 18 -38 -93 -24 -85 65 -72 67 -22 93 92 35 -30 -37 -87 -56 -58 26 -8 -50 -60 -48 58 -23
90 29 98 4 62 9 -44 7 -81 24 -20 69 -56 -95 -29 34 13 26 -69 -69 -43 49 -31 -100 -35 -6 -2 -78 -97 70 -57 -32 -35 28 -16 40 -33 92 61 -73 -20 -70 45 23 1 -75 -91 41 -54 38 97 17 -99 -52 84 2 -84 95 64 -27 -81 -95 -47 28 41 -36 74 48 42 -57 31 85 14 86 -97 -90 -41 -58 -9 7 75 -81 46 14 5 26 -17 -74 4 -17 -56 39 -92 -61 53 -37 39 1 -34 -12
-39 -47 71 -38 -82 -45 -24 6 80 -22 40 -33 63 0 -22 -78 69 -80 73 -18 83 -54 -62 -57 17 6 3 -66 -75 -94 54 -100 69 40 99 -39 22 92 18 80 -9 70 -81 39 -25 -80 -45 99 -39 -44 97 -29 -11 -58 -4 -32 72 -85 36 78 -63 33 25 -74 -45 -91 85 -33 5 33 -1 -90 13 7 -100 -1 71 97 -92 -36 3 -74 -49 -2 66 20 -51 45 -24 -89 64 76 53 -64 17 -59 -54 5 -69 81
-65 14 9 54 75 42 31 -13 -99 -60 70 73 -14 47 -83 -51 7 -81 42 -17 7 19 42 21 47 -97 -74 92 86 -21 -67 56 66 -69 -5 -79 -89 -15 11 -59 34 25 31 47 43 64 -25 92 -13 77 6 78 41 -8 46 -43 5 94 64 -51 30 42 79 17 3 50 29 -87 -89 14 -60 -85 -83 92 24 -97 -30 -18 -36 8 -97 46 -35 93 29 72 63 67 -85 -37 27 -6 -23 32 -42 25 -72 69 65 -7
33 -78 -97 82 -16 3 71 28 -44 35 39 -87 -75 75 70 32 33 17 60 53 -16 -38 82 -11 -84 -7 79 51 -45 -18 -56 78 -71 -32 98 -7 25 85 -51 49 19 82 57 98 -32 21 94 93 -47 -66 3 -64 71 -10 -73 18 35 -24 -33 39 -73 -1 -54 71 81 67 -35 88 -28 -60 -77 21 -92 15 3 7 -75 -21 -62 17 37 17 -85 71 -9 -71 31 15 -65 -46 -81 21 0 97 28 65 -34 -85 98 85
21 85 29 87 -25 0 2 -94 -24 -96 0 -72 82 15 -92 -27 78 67 -71 57 -47 71 59 89 -100 14 -24 -9 26 -92 -99 58 33 -37 48 -81 -4 52 10 -11 59 91 -28 -91 64 -98 89 52 77 -94 -1 51 94 27 -61 74 73 -22 94 -8 73 -41 29 47 27 -52 23 -24 61 11 -90 -38 88 98 -96 3 -94 56 -44 -72 -30 -27 -74 -48 47 -32 -24 -65 -15 33 -82 -23 -81 -24 45 -8 -36 -1 22 75
25 58 -65 -73 -66 17 64 -26 13 65 6 -47 -75 -27 -67 72 -79 -27 76 2 -57 64 -71 53 -35 -19 97 59 42 4 81 30 9 -26 -80 80 -18 -40 -9 -14 63 64 -46 39 -33 82 -92 -24 93 28 49 14 -35 6 -56 97 -70 -98 -48 -79 -47 46 -86 22 -80 -23 -66 41 87 55 2 -94 10 -33 -24 -44 -54 -1 -65 24 -52 28 88 -16 -85 -40 -69 82 9 74 -47 90 10 -15 31 -39 -77 -56 69 2
-85 89 30 73 -54 65 56 52 65 76 13 26 -96 18 93 1 30 -71 79 -77 -49 -79 17 -23 -5 42 -61 36 39 -99 -37 93 -16 -36 58 -96 59 -88 -25 -33 -31 -53 -83 77 -7 73 -100 94 55 -9 -11 77 -25 -74 36 95 61 -88 -77 -11 15 -28 -77 -74 69 79 -63 90 14 -17 -25 42 -31 94 85 75 29 92 -98 -98 58 -9 -47 -83 49 -67 77 -47 34 18 19 -67 -44 78 17 -91 -68 71 36 54
-28 -92 -39 94 15 9 -95 50 67 38 54 93 -66 30 19 79 87 31 -100 85 70 -9 -16 -71 49 -56 -88 -89 -74 -26 -79 -6 97 42 33 -41 89 -86 -49 -32 -47 71 -14 -70 -22 -29 99 -60 71 -24 -56 82 -85 -72 -32 71 -54 98 -94 -33 -27 -49 60 -53 -12 20 25 38 81 29 6 26 -29 57 -88 24 -50 -19 -80 63 -14 -34 -5 -21 -76 -47 29 34 23 -47 -66 31 27 -70 61 18 -47 -10 -62 41
-96 -76 9 59 10 -20 66 36 -36 95 22 -35 -18 -13 43 18 -72 44 -76 21 79 -86 97 -64 55 -86 73 -51 60 70 -60 -13 63 -48 -2 80 15 13 -53 81 90 75 50 38 13 1 55 -6 -80 88 41 -3 8 61 -17 -13 50 -89 -98 64 -31 42 -23 -48 -25 11 50 32 36 -72 -95 -2 34 34 22 -89 -69 62 -24 66 -37 -83 34 -60 -27 20 54 -32 4 60 48 41 27 -60 -81 -100 20 30 21 -7
-83 -90 -91 83 -34 93 -70 22 -50 68 59 98 81 -23 -38 -19 42 -8 58 41 67 50 32 95 85 -24 89 -19 96 -45 19 -85 94 -32 69 -51 -26 30 68 -16 -8 38 -1 10 15 -9 -91 -75 -94 72 5 46 46 -71 48 23 88 -40 97 72 64 24 -77 93 -57 -27 84 -3 -85 46 -3 -100 41 -70 -58 -56 74 -42 13 -72 -13 -89 -54 10 66 86 37 96 0 -67 -3 47 -92 77 -59 80 72 -69 49 51
97 58 96 -18 -40 51 -31 -34 66 22 -84 15 76 92 -91 -54 92 -57 -22 -27 -58 97 -75 -80 -9 -32 27 35 -26 78 8 74 38 50 -92 61 -13 -7 -92 32 -70 -98 -56 86 -93 -79 85 65 -27 -66 13 -65 74 47 83 40 38 -10 -34 -67 35 -20 -13 -25 -20 -66 -59 94 62 72 69 -87 22 -90 -70 -49 -80 99 -70 -60 21 81 -98 38 15 -39 28 -87 10 72 -69 -7 -94 -62 93 -85 53 -70 72 74
88 7 71 79 -29 -36 86 34 51 46 -2 -41 -61 -36 -76 54 -30 78 -2 -36 79 77 9 -85 94 -6 -38 -14 -55 32 7 -72 65 -85 -98 64 87 79 29 71 -72 -84 45 -55 -48 -53 74 31 14 -72 -96 69 -72 -3 82 -68 12 98 14 -83 1 -39 88 35 -42 -46 48 16 -13 37 -47 -19 24 -21 32 48 51 -25 -59 -26 14 -35 24 86 65 26 86 11 -27 67 74 -49 -49 42 -34 99 27 76 -95 -61
-85 -86 -5 -40 68 -59 96 42 -37 84 -5 -11 62 -71 -59 4 13 -23 36 12 89 -59 -15 7 92 -60 -98 -2 94 95 43 67 -72 -28 15 30 -6 33 -68 22 -41 6 -35 -80 73 -73 -39 -42 -30 52 86 45 -44 14 -37 -51 64 34 8 15 -72 -61 -84 -95 -38 -82 14 36 -69 -46 44 59 40 -51 39 98 -97 -36 -1 -8 -96 -7 25 46 89 -44 34 69 -6 -37 -4 -36 -76 -80 -7 79 -11 41 -28 37
46 -87 79 -50 -90 22 -96 -65 -61 15 -51 20 -90 -57 28 22 -73 94 -100 -11 67 -23 -80 37 20 90 -23 16 -39 -63 -45 91 2 29 -55 81 84 78 94 32 29 -57 -18 -33 -41 61 -3 -89 38 -28 27 61 -40 -21 80 72 -97 39 52 -48 97 -21 -56 -5 0 20 -61 -13 -39 50 43 -70 11 30 81 35 -9 82 22 78 91 96 22 97 -39 2 17 82 -42 -53 17 -77 -13 25 14 -68 -71 83 56 -12
1 -71 -28 98 -57 89 -36 68 -47 5 76 -97 -89 35 -90 72 82 -67 25 86 -13 83 -77 76 -90 61 -6 -96 -80 98 -46 -65 -44 14 -3 19 -88 45 53 -38 -61 83 29 60 63 3 -24 -49 -32 60 -77 -35 71 13 12 24 -29 -17 -17 -89 20 18 47 -49 85 53 -21 -87 -45 65 -1 -19 -29 -51 48 -98 51 -24 -37 -75 37 98 -65 -68 52 -51 56 53 -16 -54 -37 6 45 70 34 -4 10 68 -30 -71
78 -62 85 83 -35 -28 -90 -80 -28 -11 -66 -20 -45 -38 -36 -77 -47 67 -70 -69 -68 6 3 -39 -29 20 70 -41 5 -88 -63 63 -25 18 20 -24 86 81 -82 -65 98 -90 -6 -37 65 -45 22 -37 -85 84 44 68 89 -28 -17 -3 -16 -21 -37 97 -15 -35 -68 88 -11 62 87 -6 -63 -39 37 26 39 20 -24 -1 -11 43 18 16 -8 6 62 43 -58 31 -74 -28 16 63 66 4 78 87 73 36 -51 -63 6 83
65 -75 -90 38 26 57 -100 -52 -18 76 -29 -66 -6 79 -76 -98 -13 16 82 -59 -27 32 -77 50 -15 16 -91 -80 13 36 -15 65 47 -11 60 87 -69 96 -62 36 -15 -87 34 -17 49 -27 55 -2 -37 54 30 16 24 -22 5 92 62 47 71 -56 45 -46 -56 -39 6 -74 81 24 -2 82 7 48 83 -78 -92 -46 -76 31 -51 -38 78 -64 -72 -31 -36 -96 33 -2 43 -70 -97 -53 -67 14 82 52 91 -29 84 -52
-17 37 -77 58 49 -42 18 39 43 -95 -48 -68 39 -53 -15 -19 -94 77 -33 50 -42 -35 -14 -13 -23 -95 -4 -60 52 12 16 -17 -94 -41 50 -99 -7 -86 30 17 74 -74 -81 -6 -76 -35 66 -40 -22 90 2 -21 74 38 42 14 -69 -9 -26 -89 95 -16 -44 43 -15 59 97 -81 -18 51 -90 16 -8 -32 35 -51 81 -37 85 71 68 93 -71 41 69 11 -49 1 -56 65 90 48 56 28 95 4 -59 55 -89 -11
-39 85 -35 -49 30 -30 -81 -30 45 23 -39 -46 -14 8 16 26 95 59 57 85 54 -10 -11 -98 85 -15 -54 -54 -12 8 -38 -22 -40 -21 -20 -26 -14 76 -95 43 6 73 33 81 50 -91 82 19 97 11 78 -6 -28 22 -61 -26 -77 32 -82 6 -39 -42 -44 -79 96 43 22 -94 -27 -51 -39 24 -75 60 10 -32 -10 28 -59 -80 -44 46 95 -27 -89 3 -60 1 -1 48 86 44 12 -75 15 -99 -98 26 -38 -78
78 73 59 -38 34 -30 50 -34 93 50 -40 -52 -5 -44 -82 75 38 -87 -43 49 0 79 -88 -47 -58 56 -35 45 -79 -99 -25 32 25 -74 -30 -27 -22 1 9 -80 -80 -13 -46 -43 22 69 -53 69 -20 97 -48 6 10 -64 55 93 59 38 86 88 30 -4 -69 -44 70 -53 -27 -12 40 -41 -86 56 92 29 54 -80 -64 8 -36 -16 -66 49 -67 -56 -66 -9 90 11 89 20 -46 33 87 -11 -53 -29 -62 33 86 0
63 -29 -21 94 -69 57 -80 -43 -64 14 44 -70 9 -88 -69 -74 -77 61 22 19 36 4 -45 -42 45 53 33 19 8 -1 38 -40 86 10 -15 96 39 52 -55 -93 41 -68 67 -80 89 9 -24 95 64 -12 -52 -34 59 -36 -22 -27 89 -81 84 -95 50 -27 -95 -53 -92 -31 -99 -73 62 -75 32 38 16 -100 30 -59 -28 -58 -13 -92 -40 -11 -69 32 71 91 -27 3 -65 5 -32 -32 90 90 93 63 -46 -83 -45 -100
-84 94 46 25 -30 99 -3 92 34 14 -41 -47 83 -57 24 66 -4 73 15 40 -56 60 -59 -13 -48 97 -53 -89 61 -74 -49 -78 -89 57 -89 61 -18 27 -90 44 84 -46 -81 -31 16 -63 36 -39 20 31 -18 56 2 33 89 -32 -34 -45 -15 -18 -70 25 6 -14 39 -70 58 -75 42 40 15 -78 23 -98 -62 -18 85 -68 40 95 35 27 41 -25 -33 -8 95 43 55 -80 98 -44 -56 -68 91 49 -45 -19 85 -77
-9 74 -100 51 94 -77 -15 -33 81 10 -14 -99 -58 -59 -58 32 98 57 -41 -64 -79 -44 54 -26 -31 -62 54 96 -3 -64 81 34 84 74 -86 2 -95 51 92 43 -43 -29 -29 -76 -41 -76 -65 95 -8 5 63 -23 82 -9 35 79 -5 -67 -40 -25 83 0 -7 4 43 32 -31 32 5 -57 24 81 55 46 -89 -54 -64 90 29 57 -25 -23 86 89 13 -14 -100 -70 54 58 -8 9 -64 36 99 -31 83 -16 38 -89
-77 33 62 16 52 84 -12 65 -60 36 -85 70 -18 -39 24 81 -91 -89 -16 60 -12 -99 -30 2 18 50 37 -91 -17 43 93 74 69 42 -93 17 96 12 75 38 -89 -23 23 -18 12 -76 42 -10 49 -63 30 -71 53 89 70 -62 38 -35 14 21 -29 -52 -46 19 -70 -91 18 -1 32 42 29 9 -38 -43 -18 78 -12 84 -59 -60 -95 -77 -92 -60 -55 8 3 72 61 47 -59 82 10 66 30 96 -80 99 -62 58
-4 70 -59 25 -68 -94 98 -3 -59 61 -74 23 -100 46 -86 40 81 54 -2 -88 16 39 68 90 -54 98 64 74 -50 -13 -10 -30 73 85 -67 -88 -45 -29 82 -85 61 68 42 71 -7 23 -9 -25 -43 73 42 -6 -72 -28 -51 -11 -55 61 9 -63 -10 -6 61 -85 -20 -66 17 -86 -89 -69 -69 0 94 -75 85 35 72 10 -68 42 -93 -81 42 -25 -60 -35 -23 91 -98 22 -72 23 -44 61 47 89 -69 85 -58 37
-17 47 74 -70 17 54 -34 -81 -81 -99 -67 91 -80 41 -91 56 -63 -36 -89 -52 29 -46 8 7 -64 49 -74 80 38 -93 -19 67 -54 2 61 -15 4 51 -60 46 -67 -7 -37 -93 41 -33 -50 -34 99 -89 -28 -23 75 -81 -30 53 98 -70 -1 12 -26 -25 81 -73 -54 43 -6 64 -47 98 16 -84 67 93 -92 -81 34 67 -40 86 -25 -82 -20 47 -10 36 75 23 -75 0 1 -9 -23 49 -12 12 4 -61 -61 19
65 61 51 -3 -51 -76 -48 80 -3 93 84 86 -49 -81 -22 43 -73 -87 -69 -91 -62 29 92 -98 61 -9 -1 -14 43 -54 29 21 -48 18 -10 82 -41 -16 15 55 7 -68 -34 45 19 73 -82 90 58 20 50 -96 11 59 -10 29 -57 -99 -88 -40 1 -30 -23 -67 94 53 -52 -8 -47 36 30 12 -14 -12 75 -22 92 6 93 27 -1 -82 53 -86 -13 -63 -55 -69 -17 8 42 49 -18 87 -3 -1 35 -60 -6 11
30 -61 53 53 57 62 -99 95 -69 20 83 -81 -40 -9 -75 -45 -92 84 4 -6 -73 56 41 -1 72 44 44 93 48 39 -15 -65 -13 82 -92 -45 -100 8 15 -34 83 -67 -26 12 69 -2 -72 14 -86 -61 -2 78 83 65 -5 -100 85 83 68 -15 16 -21 -79 96 28 63 -95 71 5 -26 -45 65 51 75 94 -80 27 -39 84 10 0 -59 47 -20 64 91 -36 21 -83 -44 1 -34 28 18 30 4 -24 -53 -28 -93
-65 38 -42 -88 -45 92 -38 86 21 71 -72 11 -97 3 55 -64 -23 4 78 41 44 -57 -39 34 7 -99 -10 -29 -19 60 -52 -34 79 45 62 -98 -41 -56 38 47 -41 -19 -92 -5 44 -58 -45 99 -49 89 -85 48 -62 -62 89 62 -35 75 -74 38 -51 -69 31 -46 3 -81 -83 -60 29 -3 34 -27 -49 -84 -36 -15 66 94 -66 -14 -21 -2 54 57 94 33 41 -12 56 21 -29 -52 90 13 -52 -67 95 -57 -96 30
-32 24 -49 93 -43 -6 -41 -38 49 -22 -3 63 85 -54 -77 -78 38 -23 -45 18 99 1 -55 5 -52 88 56 -38 -39 -36 18 -38 -34 43 -52 99 73 -70 43 -4 52 -52 2 90 -67 53 86 -57 -56 -75 96 -98 27 -65 -31 -96 14 -2 57 -100 -41 -65 -94 25 54 3 -56 -6 31 62 47 -97 30 50 95 -64 -26 75 56 82 -27 36 -71 -12 -9 35 -87 -62 29 0 72 52 -95 27 -50 11 -31 -91 80 68
-95 69 -19 -24 -28 81 50 64 52 84 45 -37 -48 -15 -53 33 90 7 81 -63 2 -33 81 91 -30 21 -82 91 -96 -21 98 91 -1 -29 -100 -24 7 67 -61 6 33 -26 8 -44 -43 -97 -3 80 -27 -31 28 -77 -51 40 87 -63 35 -90 -62 -68 -95 -44 13 -72 -24 -33 37 -6 36 -8 -27 -76 -25 -53 31 -54 -74 44 -99 -5 84 -31 -2 -26 77 2 82 34 28 -92 -34 -82 -9 -44 -33 98 46 1 -85 -96
41 -55 40 -77 48 -17 -28 9 -49 -54 46 -65 39 -57 -36 -29 -20 59 -37 27 95 44 88 49 86 -86 0 -18 34 78 -58 -73 59 25 15 59 24 -20 39 -40 -31 26 -24 96 -92 70 72 65 44 40 97 71 5 0 82 -31 89 67 -16 71 -17 97 -59 96 -81 73 -82 56 -69 -57 -95 -29 -77 77 -82 -84 89 -63 13 -22 -24 95 85 -95 -30 -66 78 -35 5 38 6 -51 41 31 -89 -27 63 3 -22 99
36 -36 36 72 38 -86 36 21 26 -60 -32 -46 -2 -62 58 38 -11 23 53 -43 76 -21 -92 63 87 89 -84 77 -41 -66 -63 40 87 98 -67 -56 -73 79 -8 80 1 -52 -94 15 61 81 -36 72 -22 56 51 -96 59 -70 -94 -100 40 52 -58 23 -99 56 43 -61 2 -87 -37 83 -82 32 77 96 -6 3 51 -50 52 -62 -15 -53 -88 -17 94 -29 -99 39 -42 72 -39 18 -75 1 -76 76 16 -87 -9 -46 56 -64
78 75 85 5 -9 -62 -82 -13 -65 -72 -34 71 -57 21 84 -4 -99 77 65 89 -94 42 45 53 -75 -88 -5 -83 -91 -48 46 97 0 -85 -3 -20 -54 99 -57 -11 -17 91 3 18 -34 -58 -20 -31 -81 -27 19 -94 57 74 39 17 -78 68 -39 -44 54 -54 25 91 76 -78 67 -16 55 -17 49 -44 86 32 -95 8 -30 -9 36 3 19 93 30 -91 -79 -21 73 87 47 -61 -54 25 12 48 37 -2 -69 -36 60 -28
