-31 -25 92 -25 -65 -71 95 48 77 95 -16 -21 -94 28 55 -67 -64 79 -90 11 -36 -13 38 16 87 -27 83 79 28 4 55 -77 -52 5 62 -3 5 -27 -86 -49 65 -51 -10 -19 -21 32 14 28 -93 -60 15 78 41 31 -20 68 29 -31 -42 -12 -4 -71 -32 97 -16 -71 29 81 -26 94 -34 15 -87 4 69 34 67 13 -57 71 -2 -71 60 82 -58 -58 -21 7 -56 85 8 -54 51 36 51 51 57 -49 -80 -52
16 72 -29 82 -94 6 53 18 80 -83 -63 -88 -85 -94 -20 69 40 -76 -54 3 -17 51 24 -72 49 78 -45 -66 24 -39 -68 93 5 -34 22 32 82 -72 70 26 -43 -5 -85 -52 -71 93 -20 39 24 40 38 83 47 41 91 88 -24 2 -37 -38 -28 12 -91 -83 -7 87 94 87 96 95 9 -54 15 -21 -85 -5 -5 -97 -81 31 -38 -1 18 65 -11 65 93 4 50 87 76 -51 -97 48 -70 66 72 34 -14 62
48 -76 98 62 -8 87 -44 -2 -61 97 85 -97 8 -66 -53 -86 -74 80 -79 63 99 30 -82 32 -37 -69 -43 92 -14 33 -34 90 57 -96 1 -35 -20 12 10 -41 -61 30 -73 22 82 -54 66 -34 20 93 -88 -37 -97 -99 7 -32 35 -25 21 -35 -8 66 -25 24 -31 -7 -84 -59 98 42 -91 35 -85 92 62 -14 -33 95 45 75 -13 -36 48 -99 -20 -97 -83 -73 -23 -78 -69 43 60 -73 -31 75 26 80 0 17
-92 50 -33 -18 -14 82 77 -4 -46 -23 -58 -60 22 64 -18 -69 23 39 -87 95 -41 21 14 -84 20 -64 19 26 -67 88 -10 -97 45 94 0 -62 20 -79 -8 53 68 -59 -53 40 -39 -99 -11 -4 11 87 -4 -27 -74 -83 -81 -26 -88 8 79 -72 61 -25 -62 7 -39 -25 -63 -20 45 11 -76 -96 -57 -18 -1 24 -29 56 -65 -75 -62 -92 74 -73 -61 -19 -30 -4 52 -44 78 -57 -9 91 79 88 -8 76 -76 91
15 5 -77 43 -14 22 -45 47 -57 -7 -82 99 -60 11 55 85 -6 -94 -60 -22 27 52 -62 9 -87 59 -77 78 16 85 -54 68 -28 35 -41 88 64 -92 88 -53 26 2 -93 -35 72 35 13 85 -23 92 5 87 46 -78 -41 10 -55 18 53 -18 -13 69 30 -69 20 44 -90 72 16 -56 83 -98 -10 -56 69 -19 -67 -18 35 -97 -47 -55 -39 -41 7 -36 -6 -26 64 -96 36 -42 59 -27 11 68 70 22 -34 33
-40 -36 16 -15 59 64 -97 -48 -71 -5 27 -28 -90 -43 3 -60 -89 65 44 4 -66 61 -77 -95 62 6 -20 -49 -22 72 -69 20 17 75 13 -56 -35 -88 -87 63 92 -42 -52 -17 38 75 -57 -28 8 -94 -69 -31 -64 -59 80 61 -72 26 65 63 76 39 2 67 -90 -9 -82 -76 -32 24 -55 36 42 57 21 -78 -41 86 -18 30 -68 70 69 7 96 -16 -13 10 -79 15 45 -55 76 -10 33 -94 -99 -43 63 -19
15 -94 8 38 62 -9 -35 28 -100 -94 40 -47 -66 49 22 89 -18 -52 -14 -75 -55 58 36 -82 17 -5 54 78 26 20 -94 -13 66 45 86 67 45 -9 20 -57 29 -99 92 0 86 -100 79 91 35 92 -13 -51 -94 93 -67 -17 -39 11 -90 67 -14 72 -88 -97 52 -32 97 -98 -22 90 67 -14 -95 46 -3 -87 -54 -94 -13 -65 99 -17 25 -83 -21 -96 -29 -37 -93 73 42 -64 -70 24 -75 27 -70 -82 5 -35
38 33 26 38 20 -29 11 -41 41 27 -64 -80 31 31 -45 71 -83 -50 -15 12 -86 -14 -97 -87 -25 -23 34 -98 -60 12 -50 98 13 -52 73 -34 -26 -98 90 -92 57 91 10 -5 -64 -11 -58 48 -94 32 36 65 81 34 -26 -52 -11 66 -4 50 -67 0 96 -73 34 14 9 55 49 -84 -85 -33 72 13 60 -36 -8 84 46 -99 59 -54 -95 74 78 -50 -77 -59 45 26 13 -24 -22 64 90 76 -90 -43 -2 91
-43 68 -9 13 6 -73 -1 45 -7 81 95 -36 45 -4 -56 33 -55 92 -11 84 87 52 91 -68 39 -96 -55 75 51 -83 -49 60 -3 -22 -32 -87 -76 -60 65 5 -76 -5 75 -42 -61 96 87 -90 77 -75 -19 3 -12 38 68 -18 33 32 88 74 -67 95 12 61 60 -95 49 -17 -6 -27 -89 -88 -33 -95 -92 -70 46 -61 50 32 -41 87 -99 68 -83 -26 -63 -72 -100 96 -58 70 -91 83 -6 -62 2 60 -34 -6
-13 72 -70 97 -1 -54 74 -64 33 67 31 -92 -3 -74 96 87 91 -3 -68 -90 -24 -94 -21 -40 -71 70 96 79 8 -77 -56 -72 -98 -14 -46 35 -7 -22 -13 -8 -7 -2 6 -91 -92 -57 -15 23 -16 80 94 7 48 -65 48 -28 -31 75 -6 28 10 24 31 37 -53 -51 83 20 -34 -77 14 61 99 75 65 71 98 -2 -63 55 -51 5 -90 78 -6 33 56 -44 -2 -54 -86 32 96 -6 46 -26 -75 80 -78 95
-53 -21 -92 67 -10 -24 -56 -81 90 65 -87 33 75 -95 33 -12 -58 59 -45 -15 -82 -100 39 41 61 22 -77 -65 24 -57 -64 -96 26 55 31 99 -43 -19 46 -42 -38 -90 67 -15 -33 -80 -94 94 -22 -42 30 -82 -51 74 12 3 -93 -92 60 2 -1 -76 -84 26 -99 -49 -12 19 1 59 -36 29 35 65 83 -16 1 24 60 75 -40 -4 58 0 -76 -20 42 89 -4 -87 60 6 -45 11 -33 -12 -6 35 46 26
-60 67 23 24 15 4 -48 -1 -35 66 2 -42 49 28 -21 20 -18 -63 -86 -35 -29 -70 -65 8 -14 96 -77 -44 -45 -24 17 -4 50 -13 -15 67 98 64 84 -11 -3 -41 15 -4 -29 63 58 78 -28 -79 -12 15 63 13 -48 94 27 98 41 -64 39 -8 19 -58 -62 -7 79 41 37 -55 6 -65 -92 -86 -3 60 -23 -64 98 -22 21 -78 99 -99 -28 -91 65 39 -26 -92 -67 -94 -53 -44 -96 -2 29 -70 12 -56
-27 -11 -84 -58 -94 -14 47 -79 13 53 -13 -10 87 -64 -32 0 64 -1 -86 56 -54 54 -64 -93 -25 30 96 -22 -19 45 -68 59 72 97 -3 60 73 65 -47 -97 8 -51 -16 -92 -60 47 2 -90 -71 -27 91 31 42 86 27 87 -16 28 61 -95 -20 10 -62 78 -55 68 -5 19 35 -75 -73 -60 -31 -11 -59 97 -3 41 60 17 75 2 21 -25 16 -72 23 94 -20 -71 -20 -94 -45 -91 -92 23 93 92 -26 96
93 41 17 -23 -69 -90 -98 36 96 24 35 93 69 -11 -87 65 68 -88 44 -10 -41 85 -46 -51 54 -23 22 29 5 -12 32 -46 -10 48 -23 -4 70 -44 3 -61 86 -93 78 16 45 -32 -15 -93 -1 12 21 2 -85 -81 -68 44 83 89 -22 88 -20 -99 62 -4 85 60 58 -90 -14 -69 80 45 -85 52 96 -60 -64 -23 94 -42 40 11 -25 -87 -100 21 79 -55 -9 34 -30 6 -18 27 -29 31 58 -36 4 -86
-25 -37 53 39 -13 53 -72 -22 3 55 85 -28 -63 87 -20 37 23 35 -99 -5 -64 -34 31 89 97 64 -22 83 -85 94 -35 -31 78 72 -93 7 51 -70 -4 -26 38 -70 62 -24 86 -40 -42 8 -100 -76 7 -72 94 -7 38 94 -98 -34 25 77 -12 76 -50 54 -2 -6 92 56 -19 1 -45 -61 -100 -95 24 -96 -93 -34 68 71 21 -37 65 66 -27 -58 16 22 8 -84 73 6 -42 99 -68 -19 -25 -62 52 67
97 -77 -3 17 4 59 93 98 -26 29 60 -53 -12 -10 -65 -86 -6 -28 69 22 47 -82 8 49 -82 -27 9 29 -86 96 88 35 34 -55 27 86 -31 -51 37 89 33 -74 -62 85 -70 71 10 50 -30 -67 -24 44 -54 -1 68 31 -31 -83 -28 -52 -92 74 -85 -86 75 -9 -62 -94 60 74 -3 91 -74 -64 -53 14 -18 -7 48 -26 -94 -43 18 76 37 -44 -16 12 44 -1 72 -84 -91 10 -68 79 -9 -10 44 1
73 -100 -21 -42 -74 17 68 -25 -97 -54 -84 51 30 -45 71 -89 36 -16 -72 0 -66 18 30 -42 85 -81 -19 -44 27 39 -45 16 42 -100 -39 -63 64 87 22 1 -15 81 -1 66 31 -33 -48 17 -50 15 -41 85 7 47 -61 35 74 48 35 53 20 34 32 58 66 -92 -67 -2 -77 -9 36 -59 -5 94 74 -57 70 -5 -47 52 15 -58 3 91 96 -45 -2 79 -58 -31 -44 -24 87 -45 91 -12 -72 13 94 -92
94 0 -50 -58 -77 -64 -73 -14 89 0 72 97 -28 67 -80 18 -35 -41 -57 -48 -42 65 -31 0 -57 -11 60 77 -31 46 65 -67 -67 52 75 -77 62 49 -69 -27 -46 69 -42 -14 -51 -81 74 -98 -73 -26 25 -48 61 -60 -69 -47 88 26 37 97 64 84 -63 -26 85 -81 -60 -53 66 -61 28 23 -89 43 26 -57 48 71 -57 67 65 -26 7 70 47 -79 90 48 28 -28 -68 -49 60 30 -97 76 -98 -68 -36 -40
-86 19 56 39 -66 37 4 26 48 -47 -36 -77 -80 -39 38 79 -90 -83 -84 3 3 -50 -34 -15 -21 86 -71 89 -88 -43 -54 -21 -53 23 -75 -29 26 71 -65 -17 90 81 -59 40 90 73 -30 -71 43 42 -91 87 -39 -61 -64 19 -82 53 85 -22 25 40 -48 -26 -24 -33 89 84 -40 -89 82 38 74 -81 -13 52 -81 -6 -86 -56 -44 37 -52 94 67 -36 38 32 -23 -70 4 55 -35 -24 -57 42 68 -96 46 46
-99 65 9 -92 -88 4 13 -25 -76 20 64 -100 76 83 1 -59 -13 9 -62 -16 29 14 -52 36 -89 12 -90 -93 84 37 -7 -91 -96 -69 -9 -77 76 -68 -41 -65 -55 -3 49 -11 36 -10 -35 49 41 -58 63 45 -63 -19 -70 55 56 -16 64 -73 -41 71 -19 10 17 -81 -48 66 89 60 -4 -88 21 -10 63 67 12 -85 -3 65 98 4 -78 33 33 -24 85 97 -67 60 -59 41 61 83 -27 33 -63 74 81 99
62 99 4 94 -81 16 23 53 84 -48 -83 -39 53 -37 -51 58 70 35 -6 91 -5 -43 -99 -87 53 19 71 -94 59 -3 67 -62 86 73 63 -59 3 49 90 63 87 18 -69 85 39 -87 34 -95 -40 65 6 19 -73 76 -3 -10 65 66 -34 -70 22 -68 47 51 7 60 -61 63 4 -13 -26 83 96 17 16 37 -33 -76 -17 93 25 17 17 67 -65 64 98 -49 -72 -32 -87 -29 -10 5 87 62 -73 -38 -28 54
1 98 18 -57 -4 -73 -78 -5 -67 -88 26 -5 97 -13 -47 -73 77 -59 58 1 75 -58 71 -3 16 -5 25 -53 -38 9 49 -4 80 83 -1 33 54 -32 -23 -62 61 -17 68 -100 97 75 20 -31 -36 11 -72 -11 -49 88 -71 -63 47 34 -48 28 27 55 -86 69 90 -14 -25 -96 -75 -20 60 26 35 54 -15 -83 15 -27 23 -23 -19 -22 80 -56 11 32 60 -33 14 41 -51 -33 -11 74 59 -63 25 55 -17 -93
-16 18 -23 37 -66 -69 -63 -94 -39 55 49 41 -29 20 -73 44 64 9 -83 93 52 -42 -17 44 65 54 74 55 26 16 54 27 66 14 60 -8 -13 -29 -26 69 61 67 92 -80 -29 -16 -51 84 21 -55 -2 -43 12 -22 57 39 19 -22 -4 68 45 -76 79 -33 -21 45 -5 70 -88 -64 -73 -70 21 -71 11 -87 -69 -29 59 67 -39 27 -76 99 20 52 -18 -26 77 90 63 -59 -25 -31 -32 26 -86 76 37 -14
-86 -69 -11 -74 -89 21 68 -37 -5 8 -97 -42 -73 30 3 16 -24 -62 -11 9 64 -24 16 -23 43 20 -73 1 -68 -41 12 67 -10 96 -48 -15 -63 -6 6 -16 -6 -2 95 -15 35 -31 -14 -35 91 -18 -40 -71 95 52 11 -45 93 99 -13 -78 35 37 -31 -93 -3 47 -49 -9 -37 -45 -47 88 -62 -96 -96 -71 -48 54 85 -52 14 -54 -35 -14 -50 -24 85 10 -91 10 -38 4 -52 -96 -43 -96 -97 -61 49 -78
45 92 58 -78 95 -52 95 -32 -23 -76 74 -12 42 55 11 3 15 87 -39 82 -93 -97 4 85 -9 -62 9 -29 0 -27 -40 -26 -29 -6 93 39 -49 -12 -2 6 -33 -30 -74 -38 -52 -57 -70 28 78 -88 6 -43 -13 3 -98 -97 -40 -59 9 -52 -16 0 95 -16 -17 -61 -39 12 7 33 36 -50 60 -77 51 -65 66 -16 54 50 31 31 -79 -40 64 48 -53 -5 49 -72 58 20 9 22 -56 70 -15 -47 -72 50
-78 73 -83 -53 2 94 29 16 -24 32 1 71 6 45 68 43 -87 -19 51 -87 39 93 -79 56 23 -84 87 6 24 -52 50 -39 -40 95 70 25 14 -51 0 -83 61 -81 -30 25 -64 -60 -70 -10 -42 57 -59 -78 -23 80 -17 88 -12 86 -18 -45 -16 -63 29 -42 99 -69 -49 -100 70 -40 -95 5 0 -38 99 -92 65 -36 -12 76 -54 -65 1 77 -51 -8 -6 39 79 27 -85 33 -21 -5 -48 -89 -77 10 13 43
85 -77 -30 31 99 -24 -77 -30 99 27 29 61 -96 -80 55 -91 -54 96 10 2 65 27 -36 -50 64 -54 98 -23 -5 24 27 -85 -50 20 3 -51 -24 -17 37 39 50 -98 -76 -69 -64 -25 44 -34 68 60 9 95 93 66 -38 -86 -49 5 -38 -45 89 -60 76 52 -73 -56 91 -57 22 -65 -82 -17 23 78 -79 -93 96 43 -31 -97 24 -40 89 -43 -45 -56 83 51 -42 14 -78 66 55 -10 -33 31 -88 47 -76 51
-22 -21 -36 54 75 -43 -69 22 -28 66 20 91 -24 33 42 79 53 -63 -50 -39 -43 -70 20 -45 -91 66 -29 42 90 44 65 -82 -31 -39 81 94 -90 42 -37 9 12 -5 89 -15 -35 -83 91 12 81 46 -32 -19 -30 29 -28 18 -41 -67 61 -14 -14 92 8 9 91 -27 47 -61 20 79 -60 -34 -37 42 19 -1 93 8 -28 11 52 30 73 19 -4 -1 45 -29 51 31 99 95 -51 -77 34 32 5 -80 10 75
-19 97 -49 -17 30 -94 -13 60 -16 4 28 96 40 54 0 42 68 59 18 -76 -28 91 -52 61 -45 -59 -73 64 33 -38 -32 72 -87 -62 -11 -22 4 6 65 -22 -99 -8 90 -29 -89 -96 57 -83 84 48 -8 -47 16 -31 -85 -26 -73 -18 45 -96 -46 3 -52 67 55 -8 -62 63 22 5 -81 11 3 -23 14 -17 -40 -100 -49 83 11 44 -76 -12 79 -89 -70 -29 -83 14 40 28 -72 -66 19 -81 -44 -93 -51 -6
58 92 -59 36 58 -84 28 67 -97 85 13 -80 33 -49 41 -19 -65 6 -38 96 -61 27 81 -75 69 -93 -91 52 62 -48 87 -73 -62 95 85 20 33 -44 -27 -13 -39 -59 14 98 84 82 -71 -13 87 64 -49 48 -65 89 66 47 -9 31 57 51 19 -3 -28 -18 75 -20 92 -6 -47 -83 10 79 81 -49 56 -89 -84 78 37 76 -32 -85 -31 -47 96 -71 -69 32 82 -51 68 29 -97 -97 54 -84 82 88 -86 -61
-77 29 -43 -42 -3 22 -38 -77 53 66 73 81 -7 37 58 -48 91 -23 46 -67 19 77 -31 -24 13 56 -20 -35 26 5 59 -98 99 -98 -72 -91 -73 -42 -55 -34 -22 -65 97 -58 70 -8 69 84 59 -87 -12 3 7 14 -37 7 55 13 -45 5 12 90 37 22 98 13 47 14 -45 66 -63 11 -67 -96 -8 46 -92 17 38 -90 -28 37 -79 34 31 -9 11 87 -69 -27 -84 -65 63 4 -88 -93 -83 8 -37 55
-90 84 -71 -55 -28 -63 11 62 -21 40 -74 -17 1 -40 36 -2 96 24 78 -40 98 -93 -57 -23 -76 -2 -87 59 -100 83 91 -24 44 -23 86 -37 29 92 -30 -84 -13 54 -21 2 -72 61 76 13 20 69 -56 11 -3 8 -76 14 -48 52 4 60 2 -28 -83 39 -15 -47 28 -79 -40 -36 -96 30 35 -93 67 39 -84 -100 53 -69 96 -87 -29 -37 43 99 6 -36 -53 30 -28 -35 97 -27 91 79 18 68 22 -46
99 93 -42 3 -8 -68 1 -7 -96 8 44 35 63 -87 11 12 85 15 -21 -7 -15 47 73 -5 76 -39 55 21 -23 -22 69 -78 39 72 43 46 -58 75 -88 11 -78 23 -51 33 31 87 41 -10 -46 -84 0 -11 -46 42 92 53 89 -82 -3 -17 61 -73 -45 -62 -94 26 -35 55 -55 98 -18 -10 -32 -36 -81 -52 9 40 -38 66 -34 79 -38 87 58 67 88 63 74 -84 26 -12 7 87 -72 97 54 17 -93 -94
-53 -85 57 -51 -62 -66 -47 55 97 65 98 43 61 -10 -10 -77 -58 -51 84 8 -89 66 62 -19 84 14 49 -7 35 -34 -91 -74 -33 42 6 56 42 -51 -78 97 61 41 97 81 -31 87 -90 -26 -72 -17 64 -3 37 16 -81 -55 -42 22 -47 49 -78 -19 97 75 -89 35 37 69 73 98 41 -84 -31 -80 3 -85 66 -8 45 -31 31 -40 -48 55 97 32 -45 11 -91 97 -74 -31 -11 44 21 0 92 -24 -59 84
-39 -43 71 93 89 -88 62 -100 19 -3 76 74 31 2 -31 82 -56 3 -72 -70 59 -39 -61 -22 90 -100 -17 -49 27 92 -23 70 -98 43 -3 83 3 80 -88 4 -85 18 9 -93 -60 -29 40 50 -5 -75 -28 -7 -73 12 -70 99 -19 84 -69 3 17 -6 -83 46 42 57 7 1 -76 -71 47 -15 58 -72 -21 -53 -96 92 18 -57 45 -56 85 -3 87 -84 25 -54 94 60 89 -23 -12 14 31 19 -79 59 -37 -58
16 -15 43 85 80 1 -11 -47 -5 84 68 -12 5 -56 64 -93 -29 -75 -90 -91 97 -41 41 83 -48 21 -75 -75 95 51 1 -59 63 59 58 -96 -36 38 70 -98 -70 -2 10 43 -71 -58 75 -100 95 41 17 -27 -19 -6 84 -46 -13 -44 -81 99 33 97 92 -90 -29 88 -20 43 31 -70 -21 -70 90 82 -93 1 17 65 55 -89 -5 43 -89 -74 -85 -36 16 91 -8 27 58 51 17 -29 -59 -65 -81 -84 -69 -93
31 -91 -39 34 95 -30 21 -97 68 -40 -2 -23 35 16 41 29 -91 53 -70 22 49 -76 46 -37 -44 7 -41 86 -18 -51 4 54 -75 -50 42 32 -33 22 -90 -95 -39 -4 55 0 -59 -34 34 96 -19 -79 -9 63 -26 -92 -14 90 -64 79 96 -97 85 -34 -48 -14 43 96 16 -17 46 -84 -82 -65 -24 86 30 -45 24 63 45 -15 -18 -49 43 -68 -56 22 53 -93 90 -39 -45 -17 18 -13 -41 -35 76 0 9 61
-33 -95 91 -32 -68 66 5 83 -18 72 83 78 -35 22 -95 79 3 14 -96 28 -46 -48 9 56 -60 -65 8 81 7 -37 54 -97 23 63 -91 -7 9 26 -78 26 -88 -12 -64 -93 -70 -43 67 -25 -94 -53 22 73 21 -59 -83 69 83 -31 48 6 39 69 -51 83 46 -37 -86 54 -76 54 -4 93 -83 18 47 59 47 -12 5 -29 43 87 79 -3 70 45 55 87 14 90 99 72 18 32 -69 -69 1 60 -26 -62
43 -17 37 -6 -75 -16 98 -70 30 -33 -37 21 -97 99 65 -36 -15 71 69 -51 -14 -88 17 -84 30 96 -30 -54 1 -55 -64 26 -59 63 68 91 52 27 -6 18 -17 66 52 -24 -98 -3 -37 -73 -28 -50 18 -8 -42 -33 75 -47 1 78 -45 10 26 29 89 -100 -66 74 -34 32 -63 -37 -71 -11 -96 36 95 -48 -50 -89 -35 82 35 -68 -63 72 1 -77 -27 16 52 -54 -84 -72 42 32 -4 37 -80 -84 -89 68
-22 48 -17 -53 26 -32 -5 -20 24 -85 10 94 -56 -31 -66 38 -16 2 97 46 -74 4 68 77 98 6 36 -2 -22 -11 42 80 -94 98 93 -41 44 -4 -91 -87 -27 83 5 18 -19 73 -64 82 14 -26 43 73 -32 -59 20 37 91 -62 -43 -17 -93 91 42 -28 64 -51 65 53 -23 36 -1 -35 -36 57 22 78 85 -32 -35 53 40 13 -57 -73 2 -47 70 -72 46 7 68 -50 -82 -6 -87 32 93 -26 35 26
-56 -72 -82 50 -7 -18 -91 9 -64 64 40 18 -67 -30 -93 -86 83 -81 -52 -63 -44 -25 79 -80 17 90 -17 29 29 -92 -78 -78 -63 -46 73 38 96 -31 -91 84 -26 -43 -48 -74 -4 -99 89 70 -11 -23 37 -81 -28 76 77 36 -56 -56 56 79 50 -81 -91 -42 -33 -16 -86 -86 14 -54 74 -75 64 98 35 91 -88 -36 93 -72 -64 -10 -80 -35 53 -2 -51 91 -58 87 73 76 72 -35 61 -6 -39 -23 45 -89
91 -61 89 67 52 23 -17 -9 19 -99 -34 -58 -29 8 -42 68 -22 -34 35 42 -14 37 60 -67 -84 -73 44 96 -89 -8 56 -17 -2 -40 -7 51 -61 38 -27 63 -69 -89 26 67 -15 13 27 11 -18 -2 -6 -50 21 14 -97 -11 74 71 -83 82 8 -39 -8 67 15 54 17 94 -62 -65 -61 -5 -53 65 -84 -26 20 -50 -70 -23 -99 89 -79 5 30 -30 7 74 -23 91 -11 8 68 -83 -23 -23 -22 -90 57 46
45 95 -34 -42 1 -83 25 99 -2 92 -23 26 31 11 -72 42 59 -24 -15 17 5 36 -8 11 14 42 88 -6 -37 -44 0 28 -100 -52 30 -99 -43 -83 -24 -100 -55 -76 -84 90 -32 -78 -95 -13 -11 38 -6 97 70 90 -69 -43 78 -35 -22 45 81 86 5 -1 34 92 75 -28 -35 50 82 11 -23 30 71 -18 19 34 92 -28 -45 -28 -9 31 -95 99 94 -90 -46 -14 -51 21 55 -20 -24 -7 82 -65 -47 6
-38 -77 -93 -91 -33 -43 98 17 -84 65 -95 -73 -37 -75 72 67 -75 -94 62 46 73 35 95 -71 -35 -57 34 -98 62 37 77 -9 -40 51 48 32 -52 4 -29 -3 37 78 -10 -41 -61 -8 -64 -60 -65 -88 20 97 53 -9 -76 -26 -92 -80 77 -22 -91 -89 -79 97 27 47 -29 -75 -14 -52 93 92 -88 59 97 -28 -80 -18 54 42 79 -14 10 -93 -44 -80 -20 -71 58 45 -87 80 -1 -93 -23 -70 56 -77 51 69
-10 33 -87 -77 -37 31 61 91 94 73 12 53 70 -60 46 -25 53 33 -97 27 -66 -52 -93 -48 -90 -20 13 84 44 52 98 70 -39 66 5 32 8 -28 46 -52 -33 -74 -73 30 -29 95 -76 -44 -99 92 45 23 80 -71 -93 70 81 -39 27 17 34 59 54 46 50 55 12 -38 -99 -35 -45 -24 72 -34 67 -27 -52 37 16 93 65 -47 -61 39 86 -24 1 -62 -19 40 82 63 65 -4 42 20 -44 -74 -71 29
39 17 -33 77 16 33 -7 49 -6 56 -26 -7 61 0 -89 -2 26 31 89 -13 88 -68 68 -78 72 -57 29 48 -39 38 15 -29 64 95 94 97 -68 -15 10 -54 -65 -73 -75 49 -16 12 -94 -2 89 16 47 78 31 -84 -28 54 -65 88 -17 -64 93 -40 57 84 82 36 37 46 -53 12 -61 -41 18 12 -55 -93 46 79 -25 -29 73 1 -11 -40 -99 -92 -50 -99 80 51 -90 -14 87 15 91 56 2 -13 19 -48
73 84 65 -24 11 -66 -73 67 -22 56 45 0 -35 -53 21 54 -70 65 93 -85 37 87 -19 64 63 -73 -58 -96 26 -55 -91 -86 97 75 99 75 22 -94 77 -21 -26 37 86 37 55 2 -9 -73 -56 82 21 -75 -28 -22 52 55 -50 34 -6 34 19 15 40 -14 -9 29 46 53 -27 -76 -9 84 -14 -84 -43 98 26 -25 68 -16 -19 -83 78 88 -80 -58 -69 -20 -92 12 -32 86 -41 43 -34 -6 71 74 15 85
-29 -15 80 24 -84 23 -60 -29 42 43 -8 46 61 -94 -49 39 41 72 56 -29 48 32 98 65 84 76 -51 52 22 -32 92 67 -59 66 -3 85 84 -21 93 -65 62 -91 -20 64 -47 95 -93 21 -78 -84 -26 49 -77 -26 38 3 -31 93 17 86 -3 -19 -51 -8 -61 -28 56 42 73 -71 9 82 -82 31 84 -56 -57 -66 28 74 -98 41 -73 -86 86 19 -11 14 46 71 -62 -45 33 -89 -62 -68 30 66 -76 -64
94 -68 -22 -67 -64 -13 -23 1 89 -71 79 -69 78 61 20 -26 -85 -98 60 87 70 -10 24 -16 -93 39 -4 20 -78 -47 -47 -43 -33 -99 5 -42 83 -51 61 -91 98 76 -69 -67 65 88 -72 -26 39 68 30 24 22 97 55 -92 -67 39 -31 -54 -62 19 0 72 -6 13 -28 -54 86 -64 79 -6 75 90 12 -89 36 -81 -5 -16 -63 33 28 -79 6 -26 -71 -11 1 -82 -16 30 42 42 -17 -44 -26 -80 38 99
92 -92 -37 -97 -48 23 -13 -95 40 -99 -20 3 -26 35 -89 -50 14 -20 -44 22 92 97 21 -92 90 0 36 -38 -92 -26 -81 -67 -92 91 -47 77 -52 10 74 -17 8 92 -45 32 -51 -33 -80 -31 -61 -87 -2 17 -3 73 87 -86 -45 55 -30 -9 -69 -77 -16 75 -25 -82 51 60 45 47 -63 15 49 42 -53 -35 3 13 66 -80 60 -3 -6 28 -51 89 86 76 -56 88 -3 -80 -25 -79 -5 -57 47 61 -28 -61
2 -28 -35 -27 -67 30 14 -44 94 20 80 -94 6 35 -3 50 -55 -5 -88 4 -35 -94 10 50 -72 -64 77 50 -30 -40 -57 50 -67 99 25 -54 -79 40 40 -80 -56 -56 -47 -91 79 99 83 90 -98 -56 17 52 -32 1 -41 18 54 99 10 66 -89 57 25 -87 6 64 79 33 51 -6 -46 -37 26 -20 75 59 46 28 -81 -75 17 10 12 74 93 12 98 26 69 -80 -10 -80 47 -56 -18 33 -96 89 -91 51
97 -15 57 -52 48 -28 17 -83 -94 53 -12 -7 2 -84 83 22 -58 49 -2 11 70 -48 -59 34 -47 28 3 39 19 -2 69 76 -26 -48 41 49 -42 78 19 65 -58 -21 78 78 23 -38 -34 28 -95 73 88 13 12 -50 -49 -27 40 32 -34 -81 -87 12 -37 -75 -64 67 36 21 -30 92 19 48 80 -47 62 7 71 -30 -88 -20 31 -28 23 -61 -97 83 76 -92 94 49 84 -2 32 97 -42 -13 -30 6 99 -53
92 40 70 -20 -49 97 -14 -20 -81 -44 -69 24 -85 -93 84 0 -100 -63 -11 -5 -25 -100 -86 -19 -29 -36 68 -35 74 -48 -25 -54 26 -51 36 61 -22 50 82 1 79 -83 -26 28 27 14 53 82 -19 27 35 -9 -28 -73 -93 -13 42 81 84 13 86 -72 -27 95 88 71 -54 95 -21 -10 -11 28 -9 -14 58 19 -47 -45 70 78 34 -15 -67 -32 85 96 -55 -45 63 74 -51 -34 -27 -36 -7 61 -13 84 95 -83
9 -91 16 -49 59 -26 65 -1 33 23 88 90 -9 93 -5 94 77 18 94 -97 -51 -21 -52 -75 -61 46 -4 95 -40 61 81 -100 -27 92 -66 -78 76 -62 -30 34 12 -90 -96 -59 54 84 2 46 -85 94 53 94 41 40 84 -99 -26 89 11 74 29 49 -99 75 -73 -75 25 -34 -71 1 -56 95 -53 -22 29 2 -6 49 28 -93 76 69 8 -87 -42 77 -61 -46 6 -49 43 4 -74 94 -43 0 74 63 16 43
-11 -63 -1 -29 60 -19 87 33 71 -92 69 68 90 -38 -16 -87 78 -59 91 -56 -36 -11 25 -2 49 91 -95 44 -79 33 39 -18 17 -89 -99 -28 28 10 27 -46 46 -43 -28 -86 -75 68 25 51 -63 26 -91 -22 -34 -10 92 42 13 53 -91 81 40 -10 -12 96 96 -56 19 40 -17 -67 52 -25 67 -57 74 -48 67 -35 -74 33 -69 -25 50 62 -59 -87 50 19 97 24 96 10 17 -28 -3 -44 -8 34 68 -11
-95 55 73 10 -80 -44 53 95 -44 68 69 86 47 64 -43 94 27 85 68 -26 -85 73 -64 18 68 -85 -20 81 -70 -14 -39 55 -3 -87 11 -72 1 99 20 -34 44 70 16 89 62 82 47 29 22 29 43 -88 41 24 67 -73 -35 -62 -42 -73 -5 -35 -9 -56 -46 -41 -89 81 -100 -94 53 49 -10 -74 -42 -87 -89 -9 -67 -74 58 -79 -23 -83 13 -20 -7 80 -99 -70 73 1 -94 -35 -15 29 -15 47 52 -77
41 -17 75 80 57 85 93 64 -31 38 -25 -80 99 -76 83 18 -45 5 73 44 -75 17 -38 74 -2 25 30 -26 40 -75 88 22 64 -8 80 99 6 95 55 42 17 -60 -55 28 -20 -66 42 -5 59 -33 -27 -28 -71 -6 -70 -83 39 -14 -75 91 -48 -39 72 7 74 -18 -81 -36 61 -6 -58 12 4 3 25 78 -58 -26 55 -11 91 -86 92 18 65 -63 -68 -1 -96 26 -65 96 -50 68 -36 86 -1 70 -17 -50
-29 -73 -24 -32 79 -71 -51 96 65 -11 -39 95 58 98 -74 3 -28 -67 88 -64 -99 -72 13 34 -97 -55 -91 -69 22 -86 -100 -58 -44 -15 -32 88 -35 -70 -49 -18 64 -51 56 -76 -100 5 -78 -62 -89 16 83 -48 -24 39 11 68 30 61 10 -94 -11 -56 81 -17 85 -54 61 -100 -94 67 -58 50 -54 -12 81 17 9 -2 -72 90 47 37 17 82 29 8 -64 -52 42 -12 20 -70 81 -74 -70 -11 56 45 78 -6
55 66 -7 -23 28 -89 -63 -13 -25 11 88 -99 33 38 -23 -86 -68 -63 60 -30 -56 -62 -58 33 76 98 80 -35 -63 27 26 2 53 31 -35 -66 58 -48 87 21 54 -20 42 -15 -76 15 78 -25 47 -62 98 28 94 81 31 0 36 -97 37 12 -26 30 7 30 84 -60 89 8 -90 75 -53 5 71 -89 -95 58 4 78 7 -23 36 46 -56 73 -95 -60 28 48 -6 -27 47 -85 -20 -49 -91 99 -50 80 -17 97
-81 -19 -72 47 27 -43 -19 -38 94 -3 11 13 41 -19 45 86 -25 -70 57 37 -29 28 -8 22 64 -36 -5 -51 43 -59 71 0 68 62 -44 -48 -64 -78 15 84 14 -100 -82 50 -22 92 3 6 -73 -84 -69 32 29 47 4 -71 53 90 44 -69 90 -56 78 -36 -66 24 -79 -4 6 80 69 -62 -58 53 -59 -74 -12 29 50 44 97 -65 63 -94 13 -35 -31 -71 -33 -62 58 59 27 15 74 81 -36 -96 -56 -8
-4 26 -86 5 30 91 8 98 -74 68 74 39 56 70 -8 -23 20 -28 -26 -20 13 -10 85 82 14 -82 40 3 -75 75 -47 96 57 -30 -55 -70 -81 86 -19 95 75 -100 -70 78 39 8 -56 99 76 87 22 34 -67 -23 -61 -98 19 56 47 -58 -97 -84 36 99 1 -58 -12 -59 72 56 -77 62 -57 -79 -43 47 -59 -61 92 -58 -27 -49 -37 32 -21 51 68 89 41 20 99 -49 59 -34 -77 -65 26 -63 62 91
45 -42 74 -89 88 58 -26 -67 -4 -12 -47 82 -78 86 33 39 10 -7 24 -41 93 95 95 -58 -97 -68 48 13 63 -56 -4 -18 26 82 -67 48 -98 37 -62 84 -26 80 -17 -5 16 66 -1 13 55 -39 -12 -100 39 43 94 -73 -43 59 26 34 -99 -70 23 24 -96 -90 84 76 -100 -43 -43 52 -74 -42 -3 -71 -98 80 25 53 -19 -22 93 57 55 36 30 99 -72 48 -87 75 -65 -84 21 37 -16 7 86 36
89 -39 0 18 79 -34 47 -54 21 96 -62 -71 96 -66 69 -49 71 -41 -89 58 -67 -4 77 35 79 85 64 -87 -92 -37 74 85 96 -80 -89 4 72 91 84 47 -8 17 -6 -33 -46 -58 -82 77 -65 72 -88 14 65 43 -24 87 -88 -49 -47 12 -73 77 65 1 61 -86 -2 -73 85 76 -9 79 -88 43 72 -49 96 -16 -2 5 31 32 52 96 11 -97 -30 -41 86 -7 -65 95 -8 1 70 67 64 11 -65 5
-21 87 -47 80 -79 -50 -16 8 84 3 11 -2 33 43 -97 48 83 99 -58 49 -29 37 24 99 -86 50 -49 71 -11 55 94 51 13 89 -11 83 -4 86 -11 -54 63 -86 -80 95 -57 -42 60 -16 10 -84 17 30 -73 61 -30 -99 21 30 -30 -55 -40 27 -90 -17 30 9 -69 -45 -42 81 -65 99 3 9 -95 84 4 37 -3 -94 -58 80 -65 -66 51 90 -6 -42 -84 -66 -23 -68 51 -53 -33 -86 93 10 -83 48
-56 48 -91 -38 -100 4 -38 84 -97 -78 -9 -90 -73 1 70 18 -20 82 57 -19 38 -68 -85 9 -16 57 90 39 50 -75 -58 76 73 -45 32 45 -66 10 -48 95 -45 59 42 -96 -45 14 43 25 78 -66 -61 5 29 71 19 45 54 18 -42 40 25 -22 8 90 -18 -70 55 24 -2 -6 48 -59 -50 -98 -100 -43 -31 99 51 -59 -59 -78 -85 -39 -46 26 -34 82 -33 -90 15 55 -90 12 -62 32 -32 75 -100 -44
89 89 -35 -82 -21 46 67 34 -41 -56 -16 31 -75 32 -21 98 -79 27 -16 -42 -39 -21 18 66 -97 -5 -97 23 57 8 -61 -31 -17 72 -22 38 5 55 24 -63 25 2 -61 86 26 -33 59 62 16 -84 3 84 -84 39 14 57 -9 3 -80 0 5 89 61 -84 74 30 -94 75 -75 -62 63 15 -89 -58 58 41 -30 85 -3 55 27 -37 -28 29 -82 -1 -46 -100 -35 77 35 -70 -41 0 -4 -72 -97 32 54 -91
-41 -87 33 -37 -39 -65 58 -85 -52 44 59 98 -98 45 -68 -42 -3 2 -76 -10 32 54 8 87 -26 32 52 26 -77 94 30 18 94 -23 -47 62 5 27 76 -6 84 87 57 8 69 33 46 -44 97 63 33 87 85 -1 -31 -93 92 93 70 -25 -44 61 -11 54 81 -65 -24 25 97 39 73 -32 13 -75 -29 -27 40 -46 77 97 -62 57 8 -74 93 13 -52 -49 -2 -12 79 2 66 43 -55 68 29 -77 -26 -61
-18 64 -7 92 43 34 -46 23 -10 -25 -88 36 -1 -89 21 -77 -95 44 15 61 70 84 10 17 59 -70 24 -48 96 64 -76 50 -85 81 32 -86 -23 -23 88 -21 -83 73 -91 -100 5 89 -53 -3 56 -94 50 53 24 -43 96 -22 -14 36 77 72 63 -30 16 -84 -87 -54 99 -14 -66 61 8 35 -12 -10 -38 72 98 -26 -96 -56 39 47 -64 -76 -62 62 23 13 80 30 27 -60 -63 45 -10 -99 24 61 93 -15
-12 73 -54 -31 96 -46 -70 -64 53 98 83 -100 -62 46 3 -73 36 26 29 -74 -33 -28 61 -33 -79 82 -8 -6 4 46 -5 51 61 46 65 70 2 -82 53 16 30 -9 32 80 39 -11 -13 83 36 -7 14 88 -65 -99 -71 66 97 -44 48 42 81 97 93 -73 -55 -83 -51 29 -7 -93 -78 68 -40 -72 88 -7 32 62 -23 -95 -57 81 -41 -34 -14 -61 26 -31 58 -100 2 3 27 -72 -71 -58 82 4 -58 -17
-16 89 1 15 11 -38 68 -85 40 -1 72 9 -45 -32 49 19 86 41 87 -38 0 -30 79 63 44 46 -77 34 74 -85 69 10 51 -73 53 -93 67 89 9 1 49 -45 -88 88 77 -32 81 70 -23 20 85 49 -17 85 13 -22 46 76 -83 24 -66 -80 27 47 -95 -8 28 -89 12 -44 55 15 73 67 61 15 42 58 92 -41 -90 -12 -12 -39 21 85 15 -8 80 -54 -31 -77 -41 31 -36 20 -24 6 -83 98
-43 64 0 22 26 -13 87 67 -43 22 -64 -4 -16 29 -93 12 97 27 93 -13 -18 -24 33 -49 -45 16 58 53 -47 -43 43 -18 6 -25 -92 9 -6 -61 -58 -8 82 -18 78 22 -58 55 -68 30 65 70 -33 48 45 -49 48 -9 5 14 -9 54 -42 -9 -77 90 -59 -26 59 96 20 -69 56 37 -52 5 -11 -64 95 69 11 -74 -84 10 -12 87 58 -66 -91 91 7 57 55 -16 86 -93 24 5 32 -88 -83 15
-5 -81 -54 46 67 -99 -19 21 63 92 3 39 -35 31 -44 -51 86 -95 -92 -78 16 -34 -24 -57 -20 -58 52 17 23 45 -23 15 -66 0 3 -2 93 -94 13 -7 27 56 -56 80 96 -6 -57 11 -58 75 82 -13 -83 -77 -66 37 -92 61 -23 9 -51 58 67 66 90 -83 -8 -19 14 69 -51 53 68 -23 51 -11 39 75 31 -80 -3 44 -68 -3 60 35 -38 94 58 -12 -59 38 12 1 -27 49 57 23 8 59
-83 -91 -95 25 -63 -89 -7 6 0 56 -14 -87 -25 18 58 78 29 -91 56 42 -3 -82 81 -2 37 79 -82 30 -7 11 -2 64 -84 13 25 -53 90 -32 -28 -6 99 -37 75 2 -27 30 48 76 14 64 5 42 -57 -95 -50 50 -57 -84 17 59 -3 -80 -98 47 -30 -92 -88 41 36 -44 61 36 49 26 70 -73 85 -92 63 -63 97 -94 77 -62 72 63 2 36 79 -33 59 80 -65 99 90 -14 -67 -37 -84 0
-70 51 -90 -70 57 33 -8 -56 -57 -78 90 35 -57 15 -57 -2 76 -16 56 82 -50 26 35 94 -1 9 -20 42 37 -61 -59 46 -12 7 -13 -44 -71 31 -83 36 -6 -18 -96 -37 92 50 80 -55 -26 86 -2 -58 39 -67 -91 -75 40 57 -27 -6 -97 -91 -74 54 65 0 -35 17 -99 -88 -6 69 -37 45 -6 11 21 -46 20 -4 5 13 -48 -65 -43 -10 -63 -3 -42 41 -90 80 -73 -3 -97 -70 -99 91 81 -83
92 17 -70 94 -23 -44 -85 57 31 -5 84 -80 -25 76 80 -6 -45 -7 55 36 -49 87 31 -82 95 -22 45 -29 -58 -81 59 -33 -99 -72 33 20 97 31 32 -39 -62 -99 89 -8 68 0 87 -95 22 0 60 -22 -83 12 98 -47 -73 63 -91 15 94 -83 9 10 -1 39 0 98 43 -94 -11 -29 -72 70 75 68 -42 -4 59 -15 15 -87 6 -28 46 -14 77 -66 -74 61 -55 -96 89 45 -69 64 55 -6 -58 19
-72 -58 54 83 52 -52 -85 -66 9 49 95 -26 75 -100 41 32 -11 57 -78 38 82 95 52 -37 96 -16 -75 -26 65 -33 -69 -30 0 -41 88 -63 5 -80 31 -36 -75 71 -40 41 -63 39 20 -61 -49 -49 7 41 45 -74 -96 76 1 -56 -11 45 -80 86 22 65 -16 81 4 -18 -26 -11 38 -38 36 -75 -95 -85 17 -77 -32 51 76 10 -31 98 64 35 -97 -53 -33 67 43 63 31 94 1 23 -58 87 -41 -13
6 44 -37 -5 61 11 -2 42 82 -46 -33 93 -16 35 -86 -41 31 96 28 -75 -80 10 59 78 -58 -5 4 -20 45 -21 36 85 -95 -49 -74 57 2 -33 33 3 -3 -70 65 70 7 -75 -59 -38 9 -53 -33 -10 -34 64 26 -85 71 -80 9 -96 -88 87 59 -77 60 -17 66 35 -62 -12 18 -18 41 -68 90 -74 -55 -46 66 65 -72 -66 -22 76 75 -83 64 75 -36 76 69 -29 5 -27 85 67 91 14 5 21
-78 44 -77 23 -64 88 50 87 -99 -30 -62 66 1 -45 14 83 14 -33 50 -89 -62 90 -36 -47 -92 -51 77 -68 -22 -79 -69 96 -41 62 -77 -68 -69 -58 -85 87 -57 -59 82 -41 13 -89 18 73 -62 -61 67 2 -55 -4 88 -14 -26 -29 -80 -13 56 -58 49 -93 28 56 40 -68 -81 77 42 61 -3 62 72 -41 -90 -6 -63 -38 87 -16 76 10 -100 51 45 26 94 -15 -7 -49 -85 65 25 -76 1 -90 -69 35
-45 28 88 15 8 -84 34 97 -96 -57 85 94 80 28 13 -32 -4 92 -7 -85 -86 -7 31 67 -40 64 -79 5 15 89 91 69 -20 -87 57 -27 -74 -54 -64 34 -93 -8 -68 31 7 -26 81 64 88 -87 -25 -4 -79 -58 5 -24 -73 -52 98 60 -94 -83 -52 82 51 -20 21 50 -69 65 63 20 78 -23 57 -93 72 -39 -95 -93 -98 56 -45 2 81 -47 -85 -25 99 -46 -62 90 -33 35 -71 71 39 -90 -14 -41
-95 49 21 92 69 -92 30 81 8 -31 59 39 -40 36 -20 -34 66 31 -92 -35 46 -69 -77 36 10 88 -69 52 11 -44 -9 10 51 -74 -20 -55 -25 -56 61 0 84 44 64 -76 -82 -38 -74 -18 96 -69 97 -28 90 -36 80 -59 -3 -64 -17 -15 8 92 18 14 -90 60 -17 44 -89 -78 13 -84 -28 -9 36 -73 -34 -36 29 31 89 -61 -11 -54 -65 -30 -58 -79 -61 -73 3 -100 -68 87 -98 -45 -31 -68 73 -1
-98 -30 89 8 74 15 -98 -47 -98 11 73 -81 -54 -73 50 56 11 46 50 17 28 39 78 5 -53 9 -16 52 40 32 4 -40 -68 -62 79 -50 26 31 28 0 15 19 38 -50 18 -2 34 45 44 37 42 -95 -95 -21 -26 -88 -65 91 -30 77 83 61 -75 -55 -86 -55 -98 22 97 98 -1 56 -39 6 8 -16 9 23 -99 97 -63 -8 10 -32 -42 -89 -54 -90 64 -90 -69 32 -10 -34 -50 -64 79 89 -35 48
-65 -41 70 -85 32 -61 64 37 1 68 -33 86 -20 -11 -39 -51 89 82 91 -2 47 18 80 -18 -37 -52 -58 -36 96 67 92 16 37 -56 -90 80 -42 77 -55 9 -95 5 6 -46 -33 -15 92 31 61 -28 92 -72 4 68 6 10 -97 -17 12 -51 -42 41 41 77 -68 -7 15 -52 77 -71 -19 76 -38 51 22 -32 -89 -64 44 -60 8 -76 -43 -46 -21 -81 -46 79 53 -97 50 31 21 -97 9 -44 -21 -55 -63 -80
-42 27 84 28 -56 68 -98 78 46 60 34 11 26 44 -85 -82 -21 51 72 26 52 -45 64 98 -67 54 -71 -75 49 -1 37 -44 -96 -82 -43 9 -38 68 -24 -18 -65 -35 72 92 4 -68 -18 -48 76 -59 -27 -66 -91 -86 -60 -39 49 3 -55 37 66 58 18 -76 45 -83 -86 -86 50 -31 51 -10 30 54 -5 43 29 -26 31 48 -87 9 -67 -16 56 -17 21 84 -49 22 81 29 8 -19 44 16 6 52 22 -73
66 -34 -4 -80 -99 83 -83 85 74 66 6 -20 70 -39 25 90 63 -90 91 -15 -15 -100 44 -10 39 64 -43 -64 24 86 84 -32 -100 -25 4 57 -42 -38 -88 56 -75 16 -85 94 -94 -93 -2 98 63 -37 -65 5 -50 -82 7 -6 52 -65 -36 52 -81 -38 -98 47 59 -91 -32 36 -57 33 -88 6 -30 7 -98 43 41 -44 19 -56 66 12 -42 -88 -4 54 78 38 -4 49 -83 -33 -32 15 30 65 96 58 19 88
-88 1 10 17 74 -98 6 -93 -37 -79 70 -29 -67 84 59 86 94 55 39 -43 86 39 -62 54 25 -80 -10 -47 57 83 92 -31 -42 -4 95 29 -34 82 43 -84 45 -39 92 -32 9 86 3 -25 -28 -51 20 53 89 -72 53 27 42 -96 -18 -74 63 71 -18 44 -18 -83 -94 89 -90 -47 -61 8 0 -15 16 87 86 73 -24 9 10 -60 18 29 25 -86 -4 -89 58 -32 -10 59 -96 -76 59 -4 90 -5 27 -97
-98 -55 -7 -28 -13 86 -63 66 -45 94 17 -21 -71 -34 87 -66 36 -71 -42 -52 13 -58 40 -94 -58 -43 75 60 -25 -12 -23 -33 -98 -98 22 64 97 -35 96 37 -90 -74 -69 59 -96 -96 61 2 75 -71 17 63 -59 20 59 49 39 -7 -26 34 -15 47 -6 -98 -56 -42 59 61 3 -20 68 21 -51 -4 -94 -90 79 87 -79 -83 23 -43 74 70 75 -34 -80 40 -55 93 -70 23 -92 -41 94 79 -91 -4 -67 53
-98 68 -9 -11 -2 -40 13 35 -99 -2 0 -51 -17 -94 -33 40 -23 51 -28 -7 26 -41 71 -91 62 17 86 54 54 77 -89 33 81 -55 20 64 -84 -14 4 44 30 -59 85 51 -78 -79 -23 -57 -88 -83 -28 7 56 84 -49 77 -56 52 24 69 -62 -29 79 95 29 42 7 -25 -60 -8 70 87 4 -70 -83 -79 51 81 25 77 -17 81 -43 -42 24 11 -87 89 -81 -31 -98 24 -32 84 47 67 -80 99 -25 -10
7 -12 10 96 64 9 -48 38 -45 61 -76 -47 -29 46 62 -27 74 5 -91 -21 66 19 -70 -95 -10 -38 30 44 -35 -74 -50 41 -31 -38 75 -73 27 -61 -92 -88 83 -12 -8 -68 92 49 -21 -32 46 1 68 24 -63 -42 -96 59 47 36 7 -22 -85 37 79 -51 84 -72 -26 95 82 51 -3 -80 13 -63 -80 -76 91 36 -93 -63 58 3 -94 -12 -17 -87 -60 77 48 52 -55 98 17 -40 -20 -69 -4 1 48 76
-21 -13 -88 -21 52 86 17 17 -13 -34 37 -22 -28 62 42 92 68 20 -83 -81 -85 -39 -81 62 -12 35 6 -100 -66 -45 -1 99 92 99 -25 14 24 -58 35 12 28 71 -92 -15 55 20 -68 -14 -100 -78 -55 -32 36 -36 -65 -97 76 -45 -36 81 70 -89 -10 77 34 -99 -15 15 1 -58 73 -83 26 71 -100 -4 -44 61 -12 -97 -14 -70 67 63 3 -96 7 -5 31 58 2 -52 58 6 -20 -94 -81 40 -17 -54
-99 41 91 56 -15 37 -51 -80 59 -17 -66 -4 -28 32 30 -22 50 2 16 -82 -79 36 -7 28 -48 -76 79 6 -3 -44 -4 13 20 -75 93 -7 15 -19 -7 89 86 23 21 -76 -69 -27 46 94 -95 -32 84 -42 -40 11 -54 -94 -34 94 -93 37 -43 -18 10 60 -49 63 -88 44 -54 -51 44 30 0 4 25 51 54 84 -11 18 -82 45 85 0 -11 45 81 -6 -11 -44 2 -23 -17 -60 49 81 29 -89 -90 24
-85 -65 12 -15 -43 -49 -74 -83 59 38 -48 -34 15 -30 -11 9 90 68 12 -10 -57 -55 -8 58 -7 -36 95 56 5 -92 -24 -30 -14 -71 -31 17 86 3 22 -80 33 -30 48 -4 -69 -13 -49 13 -27 -65 -44 16 43 83 -84 -64 -58 -52 -45 -18 -64 42 56 -4 -42 -92 -68 -89 68 -29 -82 -63 51 -47 24 62 -45 -32 -15 20 67 -95 -73 -25 -40 -28 -49 -26 49 -56 44 24 75 -1 -100 42 -69 -78 66 -13
40 99 26 77 80 71 -54 -74 17 97 83 -30 43 -27 66 10 -44 94 64 64 -83 -82 -21 -83 -52 -41 44 75 -99 -56 -44 -58 75 -78 9 -98 -9 -47 -77 72 -18 -3 -39 68 78 -67 36 2 13 -9 -56 11 65 99 41 -13 74 -39 -18 -80 40 18 52 -22 19 -41 6 -14 -71 -15 -48 -73 -48 -4 72 -32 -77 -33 -30 43 85 -88 78 64 -91 68 -100 -36 78 -76 -73 66 -8 91 59 89 49 -8 15 -68
48 26 45 -43 -69 78 -46 99 13 -64 19 53 -50 -24 -24 22 -62 50 75 -20 -26 50 64 1 -17 -44 13 -24 56 16 -10 96 35 -45 -43 91 -46 -13 16 1 22 23 45 42 -53 49 85 -71 6 -40 -48 -60 -1 98 99 -2 46 42 -10 -7 49 -69 35 90 -77 54 -57 -45 82 -28 -76 28 -72 19 -29 16 -35 58 4 -6 -37 68 36 86 68 -64 90 78 -86 61 -86 -27 45 71 65 24 93 11 72 56
83 -26 56 -33 85 97 -41 66 -95 87 -44 8 -54 55 60 22 -33 30 -39 -31 51 -91 46 -73 -25 50 -56 -36 -54 -54 -59 82 44 87 97 20 -37 24 -56 89 -37 -38 25 -35 -37 -33 72 -82 84 80 72 -64 61 -30 -92 31 47 50 -30 -7 93 46 -83 76 -83 -48 68 -60 -96 75 43 32 46 -13 21 86 -5 86 31 -3 -37 -87 36 -30 -82 -48 46 94 -97 -65 -28 -85 -35 81 -20 -17 -3 -99 57 -91
-27 93 -66 -95 44 -55 99 19 -99 -12 29 -13 -7 -22 -59 59 77 96 -2 -84 40 -12 -33 57 -60 62 -23 -24 54 87 49 -74 39 68 -94 26 45 -55 13 65 13 -43 -55 -97 33 -14 -40 -57 2 -77 7 -89 94 11 3 -87 37 75 53 -89 2 -60 -40 38 -71 -76 87 -74 -31 88 34 23 54 59 -21 -37 75 -59 -44 43 67 66 -65 -17 46 -64 27 82 42 -93 97 -52 63 -23 36 34 -38 -58 10 30
-96 -100 -30 -47 -89 99 4 60 -49 6 79 -98 92 -10 31 -18 40 28 39 -28 -48 36 -8 -39 92 -97 24 -26 48 64 -88 99 85 -74 -14 -57 -15 -24 24 56 -42 -2 -94 39 62 6 -84 48 98 -39 -4 -82 -27 -98 49 -84 -6 88 -1 26 60 -28 44 -91 -100 56 42 78 -54 -50 48 90 8 55 -33 74 25 -2 -85 47 76 -17 93 34 -85 -64 65 23 79 -14 71 55 -28 34 79 5 -100 -99 -46 -47
19 -35 -6 36 -29 87 16 -48 -35 52 -36 -89 93 -36 -15 47 92 48 -75 45 -73 85 -7 -1 60 13 -27 -10 -85 16 90 65 74 94 -42 -12 3 -18 -4 -57 -55 -69 64 -49 -77 34 1 37 2 91 54 47 77 96 -75 -60 27 -66 -30 98 30 -83 -37 8 42 -78 59 63 -37 -80 85 50 4 -92 -43 58 -9 25 31 51 -86 -3 69 -16 -83 -68 21 -89 18 -21 3 -41 -1 -2 -86 -43 41 -1 -14 -50
7 33 -89 -72 -79 59 -32 34 -73 14 93 43 46 -44 -99 51 -57 83 -2 -28 90 20 -44 1 88 -54 -80 50 -51 60 80 -61 -95 -39 21 -56 62 16 -64 -13 -91 77 25 23 66 94 0 -67 -34 -46 19 -28 85 -1 -40 12 82 -2 26 82 73 -22 -19 13 75 12 -85 59 -84 -59 -18 -45 5 -56 -81 -26 -14 -44 25 -82 -5 -4 -18 68 -38 57 -55 -13 -40 -100 -45 41 -13 44 33 60 94 2 0 -85
68 -52 47 -20 20 37 -56 -74 47 -46 48 -41 3 97 -52 68 -39 9 -43 -21 28 5 -40 -68 -18 -27 61 28 -39 -79 96 3 40 46 81 -38 94 1 -65 -92 -1 8 -88 39 -55 -53 -59 31 32 38 20 -92 42 93 28 57 3 8 -28 -77 -66 36 33 -18 80 -95 -84 -58 -29 -15 -5 80 93 -95 55 -53 58 -67 -57 -39 46 -13 -96 84 -22 -70 41 -35 14 78 -48 27 -87 15 -26 73 -9 -30 -100 -60
-34 84 -97 55 -39 -60 -24 5 -15 59 68 -32 99 14 84 13 36 55 -61 25 -3 11 -31 46 95 -74 -62 75 -86 -77 -74 -28 96 58 48 55 -57 5 -69 -88 -52 -78 -18 88 27 -39 71 41 -39 90 -77 -40 -64 73 -7 -74 72 53 18 -73 91 45 -69 -85 84 64 16 17 93 -22 -72 -4 44 -24 72 78 -12 -68 -34 -20 15 -19 96 81 21 -84 -20 58 -29 -33 -78 -12 -79 -41 -25 -49 -31 -60 59 -31
