-24 -86 40 53 67 -29 -52 56 50 67 76 97 73 -83 96 12 22 -81 -16 -24 -20 76 -80 61 -92 82 3 -15 41 62 78 -33 -73 -31 54 67 -92 -56 -76 -27 -64 -86 -80 12 -75 -88 -6 -41 7 -91 -59 67 -49 85 -28 49 -71 16 -19 36 42 -34 -96 92 -43 54 -85 -47 -28 85 -14 5 -65 77 16 -13 32 -63 42 -51 26 -15 -2 -2 89 89 -64 -89 41 46 93 15 51 -85 18 17 -53 -21 78 -89
44 16 75 97 -1 -39 52 42 -19 89 -21 -71 -18 88 46 87 -80 -16 -12 -15 60 -48 2 52 98 2 -36 64 11 11 -52 7 -62 64 12 -78 99 -84 32 35 -58 -31 68 -99 -16 -98 76 42 -68 69 -33 -2 25 -37 45 94 -68 -75 56 -66 -63 -54 -4 -21 -77 -22 78 -12 11 -68 48 94 46 -7 -82 -70 -13 -21 -33 8 9 -8 -18 -96 -49 71 -42 73 -16 -62 80 25 26 -63 45 82 46 3 -54 21
42 -4 89 -97 36 -48 -9 -34 81 5 36 -69 -46 -38 48 98 -14 62 20 0 65 11 -33 -46 -27 -7 73 70 41 16 -73 20 80 89 -19 98 63 54 -69 65 -47 86 74 -36 -29 98 -75 -28 -70 -63 44 -74 -37 75 -72 -3 4 86 75 -3 -8 -96 -93 94 -83 -44 18 53 65 7 28 -72 -64 -41 -12 53 -61 -70 -1 -38 44 -29 72 -6 35 -15 -70 55 -56 -100 -69 -35 -28 -31 47 -81 6 9 80 45
83 29 61 -82 33 8 36 -81 11 47 -91 -22 -48 45 8 -25 53 -34 7 24 82 87 -56 52 -83 75 83 19 -34 -1 65 70 -37 92 -93 -87 -95 -98 36 4 -38 -28 61 55 14 19 46 -19 -38 -60 95 -67 -18 24 -11 3 26 -73 94 87 96 -42 -42 -80 -24 51 43 43 -10 24 29 35 -10 27 -14 77 -23 -43 1 -45 -66 -66 -25 -11 92 -95 -83 62 66 84 25 -87 85 83 66 24 -99 -74 93 49
5 -80 -28 66 -5 82 -14 74 -55 25 30 -24 -61 12 45 77 -49 9 -62 12 3 16 -71 -47 -83 -29 -74 -2 -59 -2 10 92 70 -76 93 65 45 57 65 -18 -30 68 71 -22 -6 92 82 -34 61 20 -49 53 62 71 20 -99 -42 -23 -93 -7 -92 67 -12 -100 96 -42 -16 -11 -29 44 -13 3 58 62 97 27 -73 83 62 -17 31 98 -40 -29 -93 -16 -64 -12 23 42 19 27 -11 -14 88 83 34 -5 20 -90
-94 -6 18 30 67 -40 -6 -97 -11 35 31 -29 -82 72 82 -69 -33 56 50 55 5 95 45 -58 -50 99 -35 -18 62 84 54 -11 -93 -2 -92 -89 32 8 31 25 -28 -57 -4 -61 -47 11 -93 -37 83 -62 46 39 52 93 -15 71 -94 -43 -87 33 -35 79 -74 -2 84 -1 -64 -88 54 -37 37 97 43 -65 -49 -41 -34 2 -5 -76 39 1 -68 -39 -74 9 -88 22 53 56 -13 83 -31 -63 32 -74 20 -16 49 1
-12 96 -25 -36 -47 -90 -16 52 -1 -71 91 63 75 -2 -86 90 -75 -53 -7 -26 15 -97 98 -58 69 -73 -77 9 93 40 90 32 -4 -19 85 -98 -2 -21 32 -35 -9 66 15 99 54 -69 -63 -33 43 36 -60 71 37 99 32 65 32 -73 62 60 -5 14 -20 40 -39 -98 94 -19 -43 92 -90 -83 6 26 -97 43 -24 36 42 -42 28 98 -68 12 93 -81 82 9 88 2 37 90 -59 38 45 29 -64 -6 21 0
21 -100 -29 23 56 61 75 -44 -22 96 51 85 60 -66 99 89 8 -73 -99 42 -24 -27 77 42 47 -79 -56 -6 70 -46 84 -84 30 92 7 -79 -99 -39 -70 -78 29 71 -74 -59 -58 -81 -68 -8 2 36 35 75 80 -69 99 43 74 22 92 12 -73 -58 -18 -7 -25 -78 93 75 80 43 -38 44 -66 -72 -93 47 -30 31 -4 39 80 87 11 -15 23 10 86 -1 58 0 -4 -98 73 79 66 29 -24 -56 3 -15
45 47 42 -51 -28 27 -59 -88 35 -2 -50 58 45 24 44 -70 -83 60 80 -71 -50 65 86 -54 -72 17 68 -46 -73 -5 43 -72 -32 9 -9 -77 -95 -45 25 15 -11 68 64 11 -45 59 8 10 -18 -87 35 10 33 -26 78 -39 -12 -1 -39 -80 -49 -15 66 78 -59 66 78 -33 12 -82 80 93 43 6 -97 -51 -100 -62 31 -46 89 11 77 -74 16 36 10 54 -87 -15 -10 -9 69 -19 -56 27 -39 -27 -69 1
-10 54 -2 -86 -93 -45 -93 -69 47 72 73 24 9 26 65 -43 19 88 -82 84 36 -44 23 -22 -68 72 22 8 39 73 -74 9 25 -6 -54 -81 96 95 -96 -73 -30 93 -54 -33 -38 22 -4 -4 -71 53 52 -44 -60 45 -41 -39 -58 -45 9 32 -92 -95 -37 82 -32 36 56 -34 -1 8 83 43 -98 81 -41 -34 6 -26 -12 -29 71 -35 2 23 72 -9 -47 -41 10 58 53 -90 47 -25 -53 84 65 10 64 63
52 49 14 -41 89 -63 67 79 73 66 0 78 61 -91 -52 80 9 36 -97 86 47 -33 89 88 9 -56 -13 -13 89 -66 -11 26 83 -55 75 -88 23 61 20 -95 18 -79 -2 67 -54 -48 40 79 -78 32 30 -67 -31 94 -6 39 42 45 -96 -68 -68 41 40 39 3 -67 47 50 -90 -9 38 -3 -19 99 -56 16 74 32 99 -59 22 74 -99 21 28 41 41 46 96 -56 42 75 -94 66 -79 -42 -8 -58 -23 -97
73 42 -5 4 -39 -35 -75 -31 18 -71 -46 97 -13 -75 15 21 77 -99 -62 -65 16 46 -29 -51 -13 -18 -16 69 78 5 28 91 87 35 -81 45 19 90 -65 77 85 50 10 -50 -1 60 25 47 -46 71 -10 57 59 70 6 -41 71 -76 79 -11 3 -18 -70 33 -90 44 -94 -3 77 45 -30 -4 11 -61 36 -40 -84 79 -17 -47 97 7 28 -44 11 -2 -34 -59 -94 83 -82 -48 46 -2 -62 -42 53 -72 2 -38
-74 92 12 4 -97 79 87 72 58 31 49 -37 17 -73 -93 -84 99 -63 17 -99 88 88 -34 -11 44 32 -78 49 -64 -56 -29 9 -79 45 -50 -33 35 94 -93 99 12 70 36 -4 -100 5 85 -76 71 -49 10 78 -56 11 22 -99 -27 -39 13 -71 44 -74 -14 19 46 47 55 6 91 99 -25 -76 85 -39 68 -85 -49 -58 85 -7 78 -70 19 62 -11 22 -40 -38 -99 -7 73 73 82 -100 70 -7 23 -26 36 -58
-17 9 32 43 -41 -70 -3 68 10 19 -12 -99 -45 -50 95 58 8 -37 66 -24 -23 -9 70 -96 -80 -94 98 -86 96 -63 35 11 -42 -65 24 52 -23 -99 -52 -8 -86 -91 -88 -46 -9 42 -74 30 87 71 -50 -100 4 -13 57 43 -26 -84 -84 95 51 35 -11 -61 84 -53 77 -72 -9 79 78 -57 22 -55 -46 32 -73 -18 -57 37 -67 -2 19 -8 69 -25 -86 78 52 56 -42 -57 -28 51 -79 -19 97 0 69 -56
52 68 89 66 -38 2 29 63 42 -23 40 -51 49 18 24 71 -15 3 -74 2 31 93 21 -96 54 38 80 70 64 70 -92 -43 91 -35 95 -64 -24 -68 42 35 89 -15 97 98 -21 26 1 -3 -7 69 -53 92 5 -28 84 35 -81 -91 36 57 -45 -69 68 -9 -98 -17 -8 41 10 21 55 -57 -77 97 6 53 -24 22 40 59 -17 18 94 -63 -28 -66 12 -55 36 96 38 -97 -31 25 -34 59 -91 -31 -23 -25
44 30 -12 15 -30 -11 -5 -74 70 -32 86 24 68 77 32 84 -33 -63 -6 25 71 85 -30 -20 25 -27 -51 64 -37 72 36 -97 70 -72 -25 -99 50 -92 -65 -53 2 77 -8 -15 -48 -77 83 -79 -90 -70 -38 74 88 1 76 -60 -67 49 14 -100 -89 -90 -48 -22 -9 74 89 -75 -51 -63 45 95 -94 -3 19 55 76 -86 -60 92 93 3 -73 83 57 -53 -43 -94 -80 -74 86 47 71 81 42 60 -55 52 75 -38
75 -94 35 76 13 84 -25 58 -100 -60 98 40 47 55 85 47 58 -2 62 -50 -7 40 92 34 56 46 9 98 -97 10 -88 -5 -29 -33 71 -1 -22 -61 -13 52 80 -91 38 61 -6 72 -79 62 7 -77 21 35 2 46 -38 -23 29 25 13 -31 57 -20 11 -36 53 -60 -94 -40 -17 -91 96 -46 32 -36 -85 99 -62 78 96 92 13 -86 83 -96 73 -100 76 12 -17 -94 -27 35 -5 -13 61 71 -23 96 94 3
-87 81 -69 -58 -69 52 -91 -49 -5 5 98 -52 76 -8 -5 -56 85 83 -8 -39 98 44 64 77 23 -18 -76 -85 -93 3 8 -9 32 41 -77 -71 35 22 -31 -25 -1 -92 22 -31 -59 60 58 -25 2 -9 -57 -94 -59 -2 -90 41 -89 57 -77 -28 -83 -49 -60 80 -29 45 -59 -6 -71 33 -54 -81 71 -99 44 -66 8 16 5 -23 -23 5 -12 -51 98 23 -56 2 -37 96 -66 -42 39 -66 83 13 -24 3 -76 37
-39 28 44 -97 -16 36 -4 78 -52 -11 -79 -54 -16 -41 24 -29 14 57 -6 -1 -50 7 2 -77 44 -59 -89 -40 50 46 84 32 71 0 8 -62 -76 42 46 -29 9 14 -33 -22 -11 -71 -56 83 -35 83 -90 -4 -87 -67 -83 -63 48 -9 83 -81 -70 -2 -55 91 30 -43 60 -76 -79 -97 -40 -60 76 52 -2 15 -13 65 67 -46 -89 -7 27 91 0 -55 -10 -24 61 -44 22 60 42 -29 66 57 30 -13 32 -11
70 -90 -50 -23 -51 40 32 -75 86 50 -31 -22 17 -53 -48 -60 84 72 81 -14 -46 -83 -91 -16 89 36 70 -22 5 -64 -83 -34 97 -2 -6 -70 -96 99 29 66 -68 -34 64 90 -93 85 -100 -60 40 -70 -12 -44 -41 -30 -77 93 4 95 -10 -71 -70 15 21 22 46 -49 -96 -3 -98 24 -66 -29 93 85 -62 -62 57 -7 -13 72 -26 -54 -91 -8 41 -22 -63 -36 -68 -36 44 84 12 -60 -67 -21 75 34 9 7
99 -91 87 74 86 94 -17 45 98 -8 41 -72 75 -61 26 -54 -93 -83 91 65 17 41 87 46 97 -61 -33 76 92 20 90 -92 93 46 41 -47 85 -35 79 89 64 -56 20 -91 87 3 65 64 -5 -33 44 -74 61 -64 -44 -11 1 -93 -35 -1 -36 -79 -50 14 82 -13 -80 36 -60 64 -33 57 16 -53 -15 51 -72 89 73 -62 33 51 -84 -53 -59 71 14 -34 80 69 -92 47 -88 21 67 -24 14 94 -10 45
83 -80 36 92 51 -97 13 -15 95 47 11 15 -81 -4 -21 9 56 -83 -52 -96 -30 50 -33 -53 28 -61 31 -62 28 84 -84 98 -78 1 -66 98 -44 -31 -48 -84 -88 -31 53 17 -41 82 66 -36 -78 -95 37 86 10 -38 -70 -74 95 96 -3 -92 13 -93 98 58 73 -85 91 76 61 -62 33 -86 81 -94 -94 -14 13 36 34 6 33 -69 -42 54 66 -5 9 18 53 42 -86 -84 44 -43 -10 -33 68 25 -90 -45
-30 11 85 8 -12 -43 26 -71 -65 73 46 39 8 -57 -66 13 -83 0 -48 16 -74 -33 18 -95 -30 16 -57 5 -59 13 48 -4 -94 -64 19 -98 51 8 35 -42 55 -90 -83 1 -18 -47 -57 -74 28 -29 -98 -19 -26 45 -17 36 -66 -34 12 -95 -89 49 -44 -16 -100 46 -70 13 -89 33 84 96 51 -100 6 33 -23 24 -12 91 -20 45 49 -52 25 -100 75 39 47 13 73 -62 -20 -41 86 -88 -24 -2 66 13
-96 -81 -7 -80 85 -17 -18 -44 -72 -69 -77 -40 -7 75 -42 32 -32 -26 3 64 22 -32 -38 -79 75 71 -11 -72 -49 19 -1 0 -57 63 -34 -59 53 -9 30 49 -51 -9 -27 77 -28 74 6 86 65 38 -87 60 27 -86 -99 56 32 -60 -1 86 57 38 77 -38 -95 6 97 -82 -66 -84 -97 88 30 -95 -80 -91 -75 -85 -34 64 -42 -19 14 -45 73 18 -11 93 -62 -94 -50 -68 3 38 38 -55 87 16 8 20
-65 -94 -91 -11 25 -41 -75 -96 -79 -95 -14 -83 -55 35 -20 52 4 -12 35 -95 12 -7 -68 -14 66 90 1 16 30 15 19 16 -64 -10 56 90 25 9 -70 -68 31 -63 41 23 61 85 93 67 -77 -83 -92 83 -77 82 46 11 -30 81 -9 81 22 89 41 -79 30 -58 63 -33 92 84 -37 16 95 -97 -57 59 70 80 54 71 -73 21 65 92 -17 56 78 -32 53 56 96 54 -42 90 -90 38 -77 1 8 -1
-49 51 49 54 -76 65 -85 39 -21 52 91 12 45 -58 5 57 18 -8 82 -44 41 -44 -30 70 13 44 3 85 1 -13 93 -72 17 -82 -19 32 -56 37 31 27 -41 92 -85 87 -5 -45 -25 -71 77 -71 85 37 -31 -97 85 18 79 23 75 -80 26 -37 17 -32 23 -76 69 59 -79 64 5 44 32 35 -9 1 70 -5 32 30 -38 -59 -6 -93 69 -94 -49 -9 78 -41 -34 -19 61 -9 38 -12 42 -15 -80 80
-12 -39 -38 -41 80 -82 -90 59 8 85 96 -67 -14 -35 -62 58 95 30 65 -32 -47 74 -1 -89 -42 53 -6 32 -72 72 -5 -77 -94 -9 -100 48 -65 -89 -41 -45 21 -76 29 12 75 -88 29 -23 89 -15 42 86 -71 0 69 74 -19 -41 -99 4 -36 -27 -68 63 -58 76 -38 39 -49 32 65 -57 4 4 17 -52 32 5 34 -29 64 -6 72 -24 71 66 -81 34 -97 85 -92 9 -30 -46 -17 22 -67 -81 -61 22
-70 83 -34 -60 9 -97 -24 33 -56 1 -56 5 -18 -96 -84 1 -72 62 90 27 71 -36 -36 -35 80 -46 -74 -18 -69 66 53 -41 96 31 85 32 -39 -84 -57 -31 -9 -1 27 -33 -29 14 -37 54 34 -52 79 -36 1 -76 -12 -66 -81 -80 -70 -32 32 17 -80 13 33 6 -45 -38 -35 70 8 -17 1 45 14 -38 -4 22 61 1 -59 -65 -39 39 38 35 52 -95 -34 -68 90 -40 3 1 -88 -98 -62 17 -80 9
-28 -21 73 -51 40 -57 -73 65 88 -8 3 -6 -47 52 -7 16 -37 65 -37 38 -71 -83 -67 79 45 68 -50 -16 64 -71 -45 24 23 -55 -14 -30 62 70 -2 -69 60 72 83 65 35 -100 52 45 -78 79 -87 -44 42 -35 -33 -45 -17 1 -82 -18 99 -11 34 -29 2 83 74 40 -41 -60 98 -49 -82 -95 84 -38 -11 0 -17 52 61 49 70 56 73 -89 -27 -96 -13 -45 -24 20 66 -94 63 -25 98 -46 71 21
54 77 66 24 -92 -11 35 53 4 -67 -33 -64 97 30 -83 15 21 44 51 -86 94 80 -65 74 63 35 86 -40 70 -13 -28 48 10 70 -13 -57 -79 93 22 50 66 89 -17 -14 44 -41 -9 81 20 -17 90 21 -7 -37 69 -23 -39 91 17 67 -48 -100 -22 -36 -52 88 -20 53 -15 -23 9 -27 30 -20 -29 99 37 66 -14 -80 -87 4 -57 5 -85 8 44 69 -34 64 65 -11 41 69 57 21 27 73 88 27
72 -24 3 52 17 41 96 -3 -26 27 -78 43 27 -59 98 -76 8 -97 52 -88 29 22 18 -22 47 51 46 -96 -77 -44 76 -91 76 -70 73 87 92 -50 37 16 8 -60 -27 -21 21 24 77 -89 -70 -86 -56 72 74 39 -16 -73 -63 40 -95 -72 33 -74 -33 -37 -93 90 25 -51 -92 53 81 85 -21 3 -45 26 14 23 -46 43 -9 28 -38 -53 -21 45 85 42 -37 -50 -17 -52 -28 32 -39 70 -88 -43 -84 20
-82 -35 9 -72 -93 -76 86 -12 33 -73 -62 -58 -90 -57 40 -43 42 78 -23 -42 75 -74 39 22 -46 -95 60 56 -11 -73 69 -76 12 66 39 -90 -36 -64 20 -82 62 45 -94 -1 42 32 95 3 -98 40 -45 -61 -75 1 24 -79 44 40 -79 46 34 63 -56 9 51 -97 62 -27 12 2 -33 -22 95 14 -36 -85 -1 -80 -30 28 96 -81 -12 -55 64 -99 -92 61 81 30 45 78 -82 -29 -14 1 63 18 -88 -44
-12 99 25 -4 -23 59 -39 -79 13 -49 -39 55 2 70 76 -60 54 41 98 76 -64 -67 15 -3 20 -91 24 -99 40 -35 27 38 68 -21 -22 13 95 32 -67 -54 -9 76 42 -74 2 -49 -69 6 14 81 -36 2 42 -79 3 26 -11 -59 84 25 -61 -68 -97 4 -12 73 -72 48 -81 19 74 -93 15 -67 -34 -62 65 -69 48 -15 60 -49 -66 49 3 -54 35 69 -5 -55 28 -55 -68 -49 -94 14 42 -98 39 -76
-85 7 25 62 90 50 -38 -14 -27 85 -65 38 -88 4 -15 1 90 -1 -41 97 -99 -1 85 -34 96 24 75 -45 98 16 31 85 32 32 -24 18 -24 -3 -80 -18 -38 46 53 -81 -67 -4 -21 -73 24 10 63 -19 4 -23 15 -11 12 46 -64 -82 -90 -10 -48 95 -50 -70 16 42 24 80 54 -93 -75 69 -23 -63 -66 24 -13 -86 81 -98 -54 -69 92 -88 -92 -79 14 29 -52 83 46 -56 -47 28 -75 64 93 61
-46 -71 99 75 -11 -18 -67 93 -8 -36 -30 -7 -30 -58 -58 -25 -74 -86 10 11 -54 14 60 85 60 -22 -78 -88 -22 -69 8 -40 23 55 -39 94 -85 13 85 -78 88 35 19 40 45 74 34 -28 -45 -52 63 -59 -17 64 38 -21 61 -20 63 -19 60 66 -89 -76 39 -78 40 -22 -19 80 20 -69 -42 0 -85 -22 -53 -81 -73 -83 91 37 -57 24 -59 89 -73 -31 -68 57 30 5 -61 55 92 94 -81 -67 27 -94
45 -92 -85 -92 62 99 -2 -70 13 86 -59 -46 46 40 -12 37 -84 -95 75 5 6 8 -12 19 94 27 15 54 99 16 82 70 -27 -6 42 39 14 73 79 -66 -80 46 -60 33 -28 -85 -71 71 -14 -75 68 52 -67 92 -91 -20 -76 33 17 -55 -1 -33 -66 25 -84 -9 84 -72 -84 60 -75 66 -73 0 -16 57 -20 -8 78 62 43 42 -41 -9 6 17 15 -69 -44 30 53 80 -31 63 -38 32 29 32 15 -13
-55 41 57 -56 77 9 -95 56 78 2 -65 -40 42 -44 92 -80 93 9 64 -47 -38 -73 -62 6 -10 -45 -77 -56 -100 50 88 93 -32 38 24 88 -40 37 -71 92 -30 -77 99 -29 -95 96 8 -65 22 70 -5 75 96 -75 72 18 73 92 -52 60 98 97 10 57 96 22 -57 -90 -84 20 37 73 38 -28 -95 -68 -7 7 -81 -87 -75 63 79 -53 19 -37 -31 -26 36 -54 65 -72 63 68 26 81 57 -39 94 44
33 -90 -42 -35 -42 31 99 14 94 -40 87 10 -30 53 82 -89 -5 26 18 8 99 -74 -2 90 90 85 -76 99 -44 74 72 63 -75 -38 68 43 -88 -63 66 -31 -59 -65 -14 39 3 74 -54 -4 65 12 28 -2 -37 51 -92 -3 -75 -50 51 88 -50 -42 -75 36 -26 32 -44 -94 28 84 21 15 -42 -73 -20 -30 89 -88 17 30 48 -95 -80 10 78 -90 -13 91 -53 -85 -79 76 -20 -47 -56 7 -55 66 -31 0
32 -55 -27 68 84 -75 -98 95 28 95 74 79 90 20 61 -35 74 -78 15 33 -47 -25 -7 -3 96 -72 -74 -58 46 84 30 -60 -68 83 -60 -48 5 -3 -51 48 85 -12 38 5 -85 43 -100 97 73 80 90 -46 14 99 51 27 -24 58 68 30 4 33 -11 44 -52 -64 61 -73 -48 -37 -67 53 -61 -95 -6 50 -87 68 6 -81 -8 -9 -30 31 -30 28 -12 -36 66 10 92 -4 -12 28 -49 61 -22 -30 -21 -62
59 1 -50 -96 -84 -45 -39 15 -78 -100 -39 19 -35 68 -77 -22 -11 -56 -38 -37 25 16 -14 89 -24 -32 -33 -4 -23 24 40 27 -91 78 -2 79 41 -60 -93 -51 29 -2 58 43 48 69 49 -81 -97 50 -82 -63 34 43 64 -38 -67 98 -62 96 -77 22 27 -40 95 -11 -12 84 73 -30 -1 -97 -47 -36 77 -22 -16 -42 0 -3 57 -36 35 41 -48 -86 19 61 -34 -69 -34 -6 -50 32 22 -76 44 -4 1 6
8 91 25 -77 -57 65 82 8 -35 66 -24 -48 -31 -7 -44 -60 9 94 80 -94 32 70 59 13 21 1 -84 -27 26 16 -29 -79 -47 -55 -97 -44 -85 -99 59 -20 91 94 -32 -46 -79 -91 44 -98 -6 53 -51 85 -10 -3 74 22 -47 73 -69 -60 -39 71 56 -23 -48 13 26 39 -12 -47 -97 -97 78 1 -8 21 20 81 97 -11 -68 97 -15 -20 -13 -73 -86 89 -89 36 -18 -55 76 -2 -17 -46 65 68 -1 54
-93 45 21 5 11 -79 14 -2 -43 70 96 -3 19 -1 -81 -22 -52 -60 62 -17 -81 84 -63 56 43 -65 -34 63 -83 34 -66 41 -98 37 -75 22 62 -57 46 82 -50 -91 -84 17 13 17 -33 26 -37 -24 -29 -26 -72 5 -87 31 -94 9 39 5 47 -89 11 10 29 91 -42 -5 -88 -4 16 41 38 -52 -64 0 16 86 -92 -65 -35 -36 52 -98 21 -1 -43 -98 -95 27 -41 -44 -55 34 76 31 99 -48 -4 92
-95 -41 97 13 -13 -73 -32 35 43 14 -18 54 70 -91 82 -61 94 13 97 28 73 -45 71 -48 67 15 -65 -98 69 64 -79 60 12 -93 -76 14 -16 -90 43 5 -37 -97 56 45 29 42 -58 -12 62 68 -72 47 11 -7 -52 -93 38 65 -29 -25 1 -95 58 -36 -95 9 6 -75 -10 -68 -61 44 -87 33 -76 -98 -73 -27 45 73 82 -31 41 -30 58 -68 5 -14 -19 5 -61 -84 -93 1 -25 41 -9 -98 -20 -36
-43 13 -38 -10 -98 -74 42 -46 29 -15 93 -80 -44 0 49 -86 -9 79 21 -96 8 88 -81 96 61 98 89 85 -54 -100 -15 -40 22 58 -58 -14 30 59 64 -65 32 0 -52 -57 26 25 44 -57 -55 -90 39 -95 99 -73 -58 -36 -29 -41 50 24 75 51 11 85 34 79 -90 45 -21 85 7 86 -21 -96 -29 -94 -79 44 19 -19 17 68 0 76 57 30 64 11 4 30 -1 30 49 84 -85 -4 -64 -52 -1 -19
96 -81 -99 22 -34 -74 5 92 86 57 31 -24 -30 24 6 13 67 14 -74 -45 -68 -55 -43 90 -83 28 0 57 -89 -50 -16 28 88 69 -72 -15 60 -49 32 56 -48 2 -36 -27 -97 47 16 26 -27 5 84 -13 -87 -18 13 86 -41 27 -12 -32 1 57 -79 51 86 -95 -97 -20 -9 54 -88 57 -92 -97 -100 41 -93 87 -3 -77 39 27 -23 -8 -10 1 78 -85 -4 56 -60 -97 -70 -54 -55 5 -39 -59 -24 -17
-97 -48 -14 36 -20 64 -11 -85 14 -89 -13 -50 90 76 11 73 -89 95 72 -77 -89 -48 79 82 64 46 72 -66 89 -48 52 92 38 81 83 27 -57 17 -92 -20 6 40 39 -38 -54 86 89 -93 -60 28 -99 -81 -19 84 -97 -27 -5 -53 9 44 42 62 -30 -91 -3 -16 -74 -84 91 -52 84 25 -6 67 -74 -32 -55 -33 19 -3 -79 -13 85 -94 50 -13 -50 -85 8 95 58 36 59 80 -52 79 -98 -88 -83 39
49 40 55 44 -5 99 59 76 -57 29 -68 54 -95 82 -61 97 -55 12 -44 34 31 -68 65 -33 24 -88 77 41 -45 46 -63 10 90 81 42 -54 80 86 -30 29 97 -25 38 -4 30 -29 88 -100 43 -78 85 96 -23 8 33 6 27 23 26 -34 97 77 -29 -12 53 12 80 -52 -29 -16 59 78 2 -51 94 -5 17 31 -99 61 -46 -77 -92 73 91 -69 -42 74 0 -26 44 18 79 -73 -12 -99 93 20 57 70
-94 80 -74 69 89 -40 92 -30 -97 -76 -75 -10 57 2 -73 90 14 96 -33 -97 60 27 43 -99 -10 -34 89 87 -81 68 -41 -32 12 -95 46 54 83 6 -26 -55 -85 93 -4 -3 -83 6 -66 17 81 -48 59 98 14 30 -100 48 43 24 -61 35 -5 -49 -2 29 33 -61 -54 75 98 -52 -18 97 -99 -71 -7 24 -70 24 70 -37 17 62 -18 30 -5 12 46 -87 50 -52 -81 -90 -32 -98 1 -34 -61 -98 58 59
-83 53 -67 -78 71 3 -61 28 -55 -67 95 98 -46 2 87 24 -74 -78 90 -25 -50 -31 86 -94 -50 -94 59 64 94 49 61 -11 -47 -23 3 -68 98 36 -32 54 39 -64 -33 98 -75 84 86 -14 -79 24 41 20 70 17 -41 -57 -1 -72 14 -72 -67 -59 -32 -21 8 42 -29 -8 -61 0 -11 29 -77 57 23 69 81 -17 -89 -28 66 -74 -73 -12 -100 -6 57 59 45 40 -58 -97 -69 77 -81 -42 -54 -65 90 -99
91 18 26 53 12 -18 90 -87 16 -98 -65 72 -61 -31 -92 92 82 75 64 -32 -89 48 72 -18 -48 -61 96 89 -42 -83 -41 -45 23 76 -40 -100 -16 46 11 -29 -22 48 -48 35 92 34 -45 53 -2 -71 -34 7 75 32 33 -42 91 88 66 64 76 48 -51 20 -30 30 47 32 -45 -67 44 -3 53 79 -3 17 6 -32 65 72 -31 -69 37 6 24 -18 74 88 97 48 60 28 -69 -39 -46 -32 71 33 52 -90
57 -57 27 -6 31 96 12 -19 -8 66 -76 27 52 -78 -51 25 37 44 -96 63 -32 57 -11 56 46 -13 33 -10 43 -82 21 -45 37 61 -10 64 -58 50 -57 -27 84 -58 78 37 -82 7 -63 76 -83 67 84 -50 38 23 64 -5 10 -29 -30 -10 6 -85 85 98 52 93 93 31 -29 -31 -28 45 75 74 -64 -81 -23 49 45 53 10 -84 75 -48 -24 -22 -31 95 -56 -89 16 -57 -37 51 10 -57 29 -12 32 47
8 31 51 -16 -29 -36 74 -28 -14 -82 23 -72 -88 -88 7 -31 27 73 -14 87 -71 64 46 -66 89 47 88 77 -73 -65 -84 -47 63 -97 39 97 -15 -67 92 -3 -87 -23 -12 -38 -56 -51 -8 87 -40 31 -98 -24 -43 83 83 -87 7 -93 86 68 43 -67 -84 -10 -100 39 22 -76 15 60 -30 19 26 -35 -34 -21 -52 -65 -18 -14 4 76 -69 71 10 -98 78 0 6 -36 47 41 26 -79 -91 49 -41 -65 -85 -59
-21 9 -22 -17 -72 88 5 99 87 53 -5 -90 76 52 -98 -29 -1 -31 -9 21 -88 74 10 -60 83 75 -20 41 51 2 -82 33 -52 -58 48 44 -35 -49 77 47 47 -2 20 -32 79 43 -58 57 -57 3 34 93 -27 91 9 -54 -21 59 -49 45 -55 50 25 42 -78 16 81 6 -96 -61 81 1 98 -21 -68 -19 -81 -48 27 4 6 69 18 -95 -67 10 80 -42 89 -23 34 12 68 -89 92 53 93 54 -90 -8
-13 77 -65 -29 -58 -85 -61 26 -99 98 77 48 -17 -27 72 93 70 -49 13 -54 28 71 -62 -31 -75 37 70 78 -15 -5 59 -39 -11 50 60 37 -81 -23 42 82 9 -23 -16 -9 34 -43 76 -96 64 27 73 -79 72 8 5 -99 99 -69 6 49 -59 -30 -91 -57 93 -48 -61 58 7 37 99 65 -79 -9 -36 -44 -10 33 33 -69 94 -22 64 74 9 23 -5 -88 47 38 -90 -3 20 -55 6 55 -66 -78 -76 -77
-53 -48 92 -8 -25 -91 -39 -47 -2 -59 85 -23 31 7 -40 -6 -90 -49 15 -20 73 -75 -97 74 29 12 88 -89 -66 -83 17 -28 14 16 -81 -16 82 -98 32 -80 -73 17 -42 -96 9 -5 59 -83 86 8 3 39 17 -100 61 15 43 78 64 -55 -30 -35 -40 -11 -9 -39 93 -59 -17 -20 -87 -31 -85 56 87 48 -37 -74 -11 11 19 55 19 -89 18 21 36 -2 62 -50 86 -47 -40 4 5 -44 -13 98 46 52
6 -5 43 -18 -58 -31 -9 12 -12 18 80 52 -13 83 -77 27 69 -68 -76 23 70 4 -19 -22 -15 -98 63 -70 18 73 -39 57 98 71 50 70 -49 -46 -73 -1 4 79 44 -75 -31 9 -16 39 -29 93 2 18 -33 61 -53 -51 -67 -33 -46 -74 -51 92 37 -67 85 61 -42 93 54 63 92 70 6 13 -100 32 -9 52 78 -63 -82 -83 -56 -83 58 38 33 -21 89 93 -26 56 -99 19 33 -77 22 -89 -80 21
88 73 83 -32 65 -71 20 71 -33 -48 -73 -26 14 -55 93 -10 41 53 -82 50 21 -63 50 62 18 -19 25 -57 78 -67 -25 60 70 -25 46 88 -32 -85 -22 66 -47 3 -19 -48 -16 -68 -10 -24 67 5 -51 42 55 67 25 -19 -21 21 48 52 -65 -48 -83 -82 -38 38 -59 -8 67 -46 80 77 56 -43 -99 57 91 -40 26 98 -20 -76 -90 -42 48 9 -23 -78 -17 38 -58 -67 77 83 80 3 46 -87 -68 -23
27 55 75 -98 42 -23 -87 -94 -83 60 72 -27 51 -24 15 87 68 -3 -2 51 -44 94 -62 -20 66 -67 -47 -60 48 67 -20 85 38 -25 -30 92 -21 -10 54 17 55 89 16 14 -80 -12 -50 -50 -70 31 -49 -14 20 -37 -97 -27 -23 -19 74 -71 92 6 -79 -23 -16 83 -63 -32 26 -47 96 -18 51 -6 80 -92 -89 39 64 -69 13 -97 -79 6 98 -62 -34 -5 -32 16 -57 -77 22 -63 -97 45 -44 -99 10 -24
-5 -42 95 -54 4 31 85 52 -84 -91 65 66 4 36 17 56 25 -67 -5 78 -49 8 -16 5 75 23 -96 -11 14 88 55 -4 -85 -17 21 73 -4 2 -86 -3 55 -78 45 43 -78 15 -69 53 34 79 69 -30 -67 57 -18 74 19 -98 -60 -47 -21 10 -61 87 23 98 -52 -88 20 52 83 91 45 92 86 -16 97 -79 -13 95 -7 -86 -19 34 1 19 80 -98 -2 -13 -83 62 -36 49 54 -5 -74 86 -34 37
-11 -25 91 26 60 70 18 -65 0 -39 -34 88 -46 -66 -59 -45 -73 71 -23 36 -92 3 -70 -91 -12 -92 -9 -51 71 73 -98 -32 -49 -75 55 79 -64 78 69 5 53 31 -23 38 3 -78 56 -7 -56 -42 -40 -35 -52 28 -16 39 -71 -17 42 -15 80 -25 36 -6 3 -83 -95 6 22 -96 -75 -46 48 -8 53 62 -84 60 -73 -10 -55 74 51 56 -35 -37 -81 -45 -65 83 -79 43 59 -84 83 66 27 -96 74 -95
-53 45 1 -17 28 -38 67 -62 -13 95 -100 69 41 20 -71 -37 -76 -9 -82 -48 24 -46 -94 38 -50 -74 -10 -43 -90 84 95 78 55 -88 -16 -84 -70 70 30 58 29 17 -94 -27 -94 13 19 81 58 27 -30 -42 -19 45 -85 18 44 -12 -37 -31 19 37 6 -38 -72 -80 -70 -11 -29 -53 22 81 -64 -47 -69 4 -81 8 -30 -70 58 -69 5 -16 42 13 -39 1 -79 58 56 -74 64 81 -99 -89 35 59 -53 -95
67 -60 -71 4 33 -64 -98 -7 21 -54 -55 -28 97 69 79 96 -1 -24 -95 87 48 -91 9 -6 26 -99 -57 27 -44 -20 -22 -34 66 87 57 47 -65 -36 43 5 75 47 24 -30 17 -17 13 29 -25 21 58 -57 68 53 96 -68 90 -36 96 -19 85 51 -1 -33 -91 58 14 -79 -36 11 -3 5 88 19 63 37 -60 79 -13 -65 -57 -62 38 -3 -31 8 -29 -19 -4 -40 -14 -52 -46 -44 -5 85 -81 59 -50 -86
-98 23 -23 43 94 -46 -3 0 87 -73 5 -11 -32 81 39 -14 -10 23 3 -69 -71 -94 99 26 -45 -52 -87 -36 -18 -45 15 -60 -89 18 36 52 -32 12 -45 8 59 88 90 88 60 -87 -47 38 -69 -13 73 54 13 86 -72 -12 -90 82 -78 -58 97 31 -4 -58 -89 48 23 -76 -24 -36 58 3 66 43 -82 89 73 73 -24 -45 51 -58 -23 -74 51 -4 -26 -18 90 -38 35 6 -25 36 93 -73 -42 -66 7 -83
-92 6 -41 -1 53 25 26 -17 88 44 73 -7 71 25 -71 -58 -67 -48 -47 -72 -29 21 -12 98 16 84 -93 62 -33 -52 85 38 8 -96 -98 -23 -38 82 -14 24 -14 68 91 50 30 -24 9 -10 -47 51 -40 56 50 -44 20 21 -43 -62 90 -42 -17 -46 -92 -7 49 97 -37 -36 10 -64 96 -17 -81 40 22 -29 -30 -84 12 -69 -100 -78 -63 -74 -63 44 69 9 62 -7 -60 12 31 -66 -2 -47 -31 -38 -61 85
89 61 50 2 -68 72 -15 -56 -1 41 -93 -93 -3 68 49 -39 -82 -39 31 48 -36 -88 7 -50 -70 -40 2 -4 -95 -100 89 1 9 13 -7 -10 -51 42 35 76 21 1 -46 8 90 62 72 -93 56 -51 31 -6 -85 -67 -31 -74 -11 21 -80 64 69 2 75 -52 -66 90 85 2 95 88 3 -27 -60 45 -85 -34 -85 16 64 57 2 17 73 14 88 87 87 61 -93 -68 -61 -23 58 50 -95 76 -66 59 -60 31
40 40 29 -65 -99 84 66 -25 39 -71 58 -16 -87 36 -58 19 86 14 18 -95 35 -34 39 19 -92 -73 -72 -78 -53 65 -78 -80 -8 26 11 33 22 -50 -6 49 89 26 22 -40 66 36 -14 -66 49 -50 -88 55 -63 -58 -25 -76 66 82 -60 58 44 -86 -55 62 9 50 85 -98 67 -38 12 -92 -86 -75 -86 -90 -100 -32 -23 -4 -48 -58 20 64 82 40 33 -15 -54 90 96 0 -94 48 -43 85 -4 72 10 -52
21 -96 53 9 -48 69 99 34 -94 -57 3 91 42 -96 64 67 86 -24 60 51 -3 68 -26 92 0 -1 -6 23 -70 -75 81 56 -39 74 80 -85 48 38 52 43 61 77 64 -52 -63 87 36 64 -26 -80 74 -14 5 -8 62 -69 -43 -1 1 34 62 6 73 -81 -70 8 7 -70 -63 -34 57 -33 26 75 16 38 -60 -33 -93 79 -69 -60 -49 47 -6 96 -12 43 -31 -35 -81 -79 -67 -86 -4 -40 25 -42 62 18
27 -48 -15 24 -26 -66 28 14 -56 -45 35 -37 94 37 76 22 0 66 -68 11 -17 -66 13 22 2 -51 -79 66 -29 31 66 39 -79 50 70 62 -3 46 -30 -79 79 -81 -91 26 -49 3 21 -18 36 -90 44 32 33 -29 84 -56 70 45 2 -39 -24 93 8 13 89 64 65 65 -23 69 -86 54 50 55 14 -8 -9 -100 -95 17 -23 -64 56 46 -6 3 75 48 -59 41 85 5 -63 -90 10 -92 -66 10 14 -99
26 28 52 -99 65 -50 98 -57 7 22 53 6 19 -26 83 38 66 -85 -59 48 23 -97 -14 14 1 96 61 -36 -76 54 -47 74 96 -68 -81 28 -47 13 21 37 62 -56 -2 46 -93 72 77 30 26 87 72 89 -93 -8 -81 58 69 82 -48 32 -8 9 66 89 3 46 -18 82 49 90 -75 97 92 83 -43 0 -67 16 38 -90 39 69 2 32 -10 -85 75 -47 -42 -54 66 -22 90 -15 -25 -53 -78 23 64 -2
-24 1 38 -41 -10 98 -52 44 -93 44 -63 -25 -54 83 -50 -17 44 55 -28 -37 39 90 -26 -26 12 -66 0 -19 39 7 31 -43 89 89 -36 82 35 94 -99 56 -97 88 42 33 67 -41 87 -41 -53 60 -65 -19 98 72 43 10 11 -77 -51 6 75 -83 -83 -2 16 -79 -36 -87 -80 44 46 78 60 26 13 47 12 79 86 -43 11 90 50 -20 36 -32 90 -22 26 -40 86 -83 -56 77 -4 -71 10 -44 -54 97
-21 -35 -36 34 -36 -16 -100 -98 67 53 -81 99 -28 -11 -78 48 -2 -66 57 85 21 87 66 -9 -26 -34 32 0 5 81 -20 -71 81 -95 52 11 79 -45 97 87 40 -73 19 44 93 44 -51 66 84 79 -9 -29 1 -72 -31 -45 -77 -46 72 -20 76 -34 3 80 -90 90 25 10 12 24 1 90 15 93 52 -100 19 -77 -66 87 87 20 27 -49 -14 -41 89 -94 -37 84 60 -11 23 -59 74 -74 73 58 94 14
27 -88 -94 -14 -59 -67 21 14 -10 25 -23 35 0 86 -45 73 -100 -60 82 -33 -43 48 -74 66 41 2 1 -42 -3 12 -33 45 78 -98 69 -28 14 20 -9 95 47 57 33 -97 -37 55 42 -60 97 95 -35 32 -27 21 -29 94 -66 -35 30 60 22 44 -53 -71 53 30 85 38 -73 -13 -34 -31 -75 -28 52 89 -37 -67 60 -20 -47 4 -76 12 46 28 65 -99 -98 -84 -35 -53 -85 -89 41 85 8 -69 -98 -1
91 0 11 -82 -30 -27 -1 11 -79 -52 49 99 -51 98 -1 46 81 -67 52 -60 -97 22 48 -26 4 -27 -65 11 -94 84 -62 -27 -85 -23 88 21 -27 48 4 -56 -16 -6 51 98 -46 6 -89 46 -74 98 73 85 73 -21 -95 -37 -94 16 46 22 -15 -14 46 -39 64 -33 -46 62 -27 27 59 6 84 -50 -18 -85 -21 47 -55 -70 -70 75 -47 76 -31 -9 89 50 -24 18 -31 26 -53 50 20 69 76 90 30 -68
85 22 57 -68 13 94 31 80 97 -67 60 -42 -75 -68 -37 64 95 31 90 97 -72 60 -64 99 8 77 37 -19 -36 -27 60 41 -40 36 93 -29 57 15 47 -83 -51 87 77 -5 -16 -76 73 -3 -78 -18 -94 -48 79 61 66 -20 96 23 -84 71 99 -4 -45 -41 -7 -15 -82 -41 -64 44 -80 -21 -4 -98 34 23 -97 97 -45 -24 -47 -74 26 -61 7 15 -17 -100 22 -78 -24 14 56 -92 84 -26 -40 85 -54 51
-23 62 0 -70 88 -24 2 9 -80 -93 95 66 45 -48 -7 -1 -34 -78 -88 -56 -100 -100 66 -13 42 -81 -89 -71 46 53 45 30 91 50 -58 20 -50 -71 -43 -74 -72 75 -16 -40 72 -52 -6 90 -66 -75 -81 -42 72 -71 17 7 -33 -93 -77 -76 -86 -10 -17 -68 36 -84 48 -84 62 2 -84 25 9 -49 -45 54 -76 19 28 29 -27 -43 -9 -53 70 1 18 32 -70 41 96 65 -27 64 -93 -71 -82 82 -66 -45
-69 -82 -50 -56 -99 -86 39 33 -32 -7 -83 -70 -53 -51 -86 -5 -38 -27 -25 -89 68 -29 -17 95 -53 78 -7 -68 -32 99 62 43 85 60 -45 -4 67 -83 -69 82 39 -68 -75 -46 -62 -65 45 37 -51 -8 -50 27 -20 -76 -73 35 23 24 -64 -62 -96 -46 -71 53 -81 -12 24 26 21 -40 -55 91 -86 -38 -1 46 -54 -29 76 19 -83 78 -96 -95 16 45 -35 -67 -42 -32 -31 -68 69 -87 -76 -100 -83 -58 5 -76
94 -84 48 84 78 -44 11 62 70 62 31 -97 -24 66 23 -88 69 1 76 85 71 32 40 49 94 35 66 56 -23 40 48 -53 14 36 -82 -5 32 -68 45 68 15 -49 -69 16 -24 -36 45 -99 0 33 36 -43 -10 -19 55 14 66 95 47 38 37 44 -3 -20 -18 36 62 -58 67 38 -70 76 -79 -68 95 -30 -33 73 28 80 41 36 20 -26 56 -87 87 -58 94 56 91 95 81 -37 -65 -65 -66 58 -76 55
38 -28 -67 -1 91 -1 -42 -79 12 -83 -56 21 83 -42 -100 16 -22 2 -92 -46 -61 -17 -45 73 37 21 -44 -11 -6 -65 -1 -20 49 -84 -10 19 59 -43 29 -91 -65 -48 45 -8 71 8 29 -68 42 7 -15 -28 10 25 -14 10 54 2 -67 -72 -84 -6 -48 81 -4 -74 -60 96 -19 98 69 -6 -84 0 91 48 -24 89 89 32 -100 61 97 -80 -7 -93 -11 41 5 16 8 -12 79 20 -69 82 -74 46 33 -55
-41 -60 -26 -82 -57 -97 14 -52 -10 -65 19 97 93 38 62 24 85 -24 -41 -40 -15 12 55 -95 -44 -51 -22 -38 -15 -65 -82 94 -1 -55 -57 -65 71 84 64 61 10 -21 -14 -20 93 -43 -10 26 -32 -37 92 -40 -49 75 93 -14 -35 -18 49 55 87 -4 41 -5 1 93 -98 -20 5 68 -54 90 51 -1 -21 96 -76 -70 -93 38 18 -26 64 30 -13 -63 1 -64 -27 -6 -8 -77 -27 -4 -13 33 -54 95 -100 13
-53 89 -90 -56 -8 -98 64 69 -13 54 41 77 -8 -83 81 1 84 42 -91 22 51 -90 -3 73 -72 22 -41 21 37 -83 -28 99 -23 -86 57 -17 65 -27 85 -42 -56 -90 59 -31 73 14 -48 70 -88 1 23 -29 -25 -57 69 55 -38 -96 6 -19 20 37 -78 -96 -61 -37 17 49 90 29 53 97 65 -52 -14 50 -44 -61 -44 -51 65 38 -60 40 25 75 -94 53 -20 -30 -46 51 2 52 -90 65 66 -55 -72 9
-100 -95 59 45 -8 74 96 91 94 -99 24 -23 69 -82 -26 91 -34 45 -95 73 -64 -16 45 34 -94 21 -33 -71 -32 -84 -22 -86 85 74 -29 -8 -13 87 89 -75 -53 -96 48 37 6 1 94 -53 -63 98 14 36 39 -54 7 -7 -29 3 -79 -49 49 3 84 -5 44 -90 45 11 55 -20 -95 67 -45 11 -50 63 33 -79 -31 89 -37 -40 73 -57 -88 -5 12 -21 51 -54 77 93 31 39 46 -22 -88 -14 -25 -60
-91 -52 98 4 -88 40 -74 -6 77 60 13 -29 42 26 60 16 -63 -26 3 -88 -15 40 -67 90 -55 78 10 -55 -10 9 17 -93 -31 53 58 -89 -67 -58 17 50 4 97 83 -2 -34 45 -68 82 16 71 83 93 19 90 -11 0 -8 18 84 66 97 -98 76 -57 35 -8 -31 60 -13 79 10 24 28 55 6 -14 -79 -45 63 -38 88 -72 -15 -41 76 -41 -18 93 7 23 76 -58 41 3 53 -88 -34 7 -62 -37
-48 -1 46 1 19 -79 34 -39 20 -5 52 -72 -92 16 95 88 -46 43 12 -41 -97 -58 90 -81 94 1 -77 -23 -44 -20 34 -86 59 63 -92 44 75 20 -74 -62 20 -97 99 -89 -76 -81 -12 -88 -54 -38 -55 52 4 48 10 66 -79 50 -89 -26 -68 40 -21 95 87 -12 -67 -91 -35 -2 56 0 -59 -30 -8 60 -77 99 67 -4 5 85 40 77 72 -35 13 -61 57 -73 -65 25 53 -43 96 -84 2 -82 59 -60
-55 -14 -71 -95 -17 18 60 35 -7 35 -82 75 67 41 -3 65 -1 99 -34 -58 -15 -11 34 -24 55 2 -18 98 89 39 22 -45 -41 22 -1 20 -52 33 -88 47 35 -100 -80 -81 75 63 6 85 -30 -92 -2 -61 92 -72 50 -26 -41 -69 -11 94 66 46 12 56 -1 -94 58 89 64 -15 27 23 -71 30 15 74 -29 73 91 -88 32 26 -99 2 -40 -37 -67 -31 -58 18 -12 74 -25 -47 90 -27 -48 68 -25 49
-6 -30 -26 -100 78 -72 22 10 20 -73 1 -24 -28 93 33 -67 39 53 19 -68 48 -95 71 31 5 31 7 -89 13 2 -13 70 -63 -60 -82 49 -6 91 -55 -51 -36 90 57 57 -53 7 71 -4 5 -59 66 -38 90 -79 94 58 64 29 54 -95 -59 18 -57 79 -41 6 82 69 -100 28 -46 16 36 -22 87 -73 -8 -30 9 88 -22 90 28 62 -53 -3 19 -85 51 -52 -6 91 95 54 -33 -27 -48 27 -37 68
-31 -25 -81 59 9 31 -34 97 56 -48 38 27 43 86 45 65 28 5 67 88 53 3 -31 -19 -56 -86 -56 -43 -62 -69 79 -1 56 86 -57 0 92 -85 -30 41 65 7 66 3 -21 7 -50 26 -82 38 33 -48 -21 -88 -59 -87 51 60 41 -99 -22 -88 -60 -93 41 -38 -7 -88 34 42 26 -65 -54 37 -33 -43 70 93 -65 -70 16 -18 -18 -49 53 95 73 88 81 14 9 -30 75 25 -44 9 -1 -69 -79 -22
84 12 -67 -54 42 -29 20 57 4 38 -87 -28 -35 -81 15 46 -32 10 73 38 -76 70 76 76 28 -99 80 52 43 -83 -93 -99 -51 -31 88 -54 -36 86 -90 90 41 -64 -23 91 -98 13 86 -90 -42 39 56 -46 -17 -71 -75 55 -35 84 67 36 -67 -70 13 79 -67 93 -30 -52 -40 -8 -38 22 51 -43 69 -61 -99 18 -46 32 -12 -3 -95 27 -41 -58 -98 -78 72 77 -15 -78 31 85 -70 -52 69 22 -18 -98
77 -24 10 78 -70 47 -27 58 -61 -96 -80 -71 -21 -47 68 40 -99 -14 31 -38 -15 96 2 -61 26 47 -78 -96 41 8 -54 -76 -72 98 50 -25 91 97 11 9 27 64 -9 -98 -56 63 -57 44 56 -44 -94 -94 -76 -12 9 51 -46 98 -25 21 -86 52 -42 -31 -63 -35 74 9 57 99 -2 -56 -21 -75 12 88 72 -16 -89 76 68 -31 60 -57 -50 83 28 44 13 43 -17 20 -43 48 -87 -14 28 70 69 0
-25 41 -11 2 -82 -50 81 79 58 45 40 -12 -23 -11 40 56 -5 -22 87 -69 87 -66 99 76 6 -25 39 39 31 22 -11 28 71 84 64 -95 26 -2 23 50 88 47 -49 33 64 -28 92 -57 -5 -92 -11 -42 -93 40 30 21 25 56 -33 -14 18 75 50 -44 99 -57 -67 -91 62 -47 -29 -57 85 73 45 -58 69 10 -72 78 3 55 32 1 15 17 -56 8 5 -35 75 -99 -35 34 -72 23 90 46 -33 -11
75 -11 56 -22 61 86 41 64 -87 -35 -42 53 -6 -46 13 -6 -64 18 68 -58 44 -96 -6 32 -15 28 39 -14 -48 85 22 44 -10 -47 -1 19 -48 -97 -40 -29 22 -57 -45 2 -6 2 -17 32 -5 9 20 35 -7 -100 -80 -39 41 -25 11 78 89 -83 -72 -49 -74 85 90 -79 -2 75 26 62 69 57 -67 37 -16 66 -93 -24 39 -17 -99 -27 -96 -68 39 -79 66 62 66 26 -91 -63 34 6 28 -54 20 22
-65 -63 60 -97 -94 1 30 -90 41 42 71 50 20 -11 -10 -27 1 38 -68 7 -64 8 17 -64 -64 -29 57 -39 -81 20 42 20 74 10 46 26 -26 -100 28 -25 -6 19 -89 49 -78 -25 -36 96 -4 85 -2 59 16 -46 -72 24 -36 -42 -74 -77 9 -40 -97 21 0 -7 27 -48 -79 -9 68 81 57 -24 18 85 52 88 15 51 -80 -18 -11 -96 -98 23 69 -46 37 -26 -2 -22 -11 -32 -84 41 87 26 13 -42
-73 66 24 33 32 31 -4 -10 15 -2 -54 -18 -36 -2 -52 23 -13 13 89 -11 30 -92 25 -32 -78 -96 -88 69 -94 -90 -81 -46 75 -31 -90 24 1 40 -16 -44 -79 -99 -72 -57 -5 -38 -69 -73 -56 7 42 -7 -67 40 -94 -52 -73 82 -94 -62 -14 -64 1 -58 52 75 -43 -69 77 -7 -10 12 91 -82 68 -3 51 -86 -67 -23 94 69 -44 44 -66 55 43 -54 -41 -70 37 -87 63 -45 -56 85 -27 16 43 -19
98 -40 4 -98 99 -12 80 44 40 22 -82 -50 -41 -88 -15 0 -25 -92 -15 -58 88 10 -9 -30 62 -61 97 92 44 72 -48 -70 44 89 33 99 -88 6 80 -38 68 2 94 5 -95 -22 -12 -73 -87 7 82 -73 31 44 -65 9 -85 -62 -53 92 -90 13 83 -42 87 58 34 45 -53 -36 -44 -58 85 8 47 -49 11 -87 -55 81 92 -46 27 8 85 47 -67 -32 77 78 -67 40 83 49 3 91 -35 -9 19 -25
31 -39 -55 -8 -63 34 -73 22 27 30 51 -83 47 -48 -85 13 88 95 -18 33 -68 72 -79 -92 2 -71 95 -97 -41 92 0 80 83 76 -79 40 -52 -92 55 -47 -8 -43 97 3 -20 -66 28 -32 60 -80 98 1 13 -25 -1 -52 -65 -52 -14 95 49 -96 8 73 23 -60 49 -43 63 46 -92 1 54 -9 -74 -37 94 93 -31 -57 -22 -25 62 54 67 -33 27 -91 -51 -96 21 -42 76 -84 -65 19 73 87 63 85
90 98 29 63 -97 -26 54 -53 33 -25 -79 70 -88 66 89 -100 -69 -38 66 -96 92 84 1 -89 22 1 -2 9 -5 -72 -24 90 -58 -50 72 7 7 -82 86 31 42 24 -92 5 2 20 -18 -85 -88 -4 -81 89 64 7 97 -83 84 -13 50 26 -34 16 25 16 23 -52 21 -71 46 -18 -84 -49 -26 47 89 -63 95 38 28 -71 80 3 -33 -70 14 4 -41 -90 61 -63 57 57 41 -39 -59 -28 -70 94 -17 -85
81 -14 61 -16 94 -36 -73 58 28 -93 51 34 -19 -72 34 -62 43 -13 -60 87 -30 47 -19 -92 -15 6 -33 -95 87 13 -97 -20 37 -73 -26 -15 -86 -60 -79 -87 -39 -97 -94 -4 10 -55 88 -92 -10 69 -55 2 -57 72 50 -41 52 8 67 -13 -37 19 -80 76 -87 -15 22 -18 62 91 78 -51 20 64 62 83 45 -43 9 -14 78 46 -74 63 -46 -41 -13 -75 99 70 -17 -15 -20 23 -34 99 78 -29 45 89
-49 -87 87 -16 91 95 40 16 -9 -40 72 20 94 75 43 -18 -91 95 -68 97 -43 -52 -66 78 -94 24 -83 87 -79 -12 -40 -85 71 14 -65 88 73 -86 -1 -57 59 61 58 -79 -55 71 -90 -33 54 73 -21 34 69 -78 -95 77 16 68 -53 93 82 -6 99 -33 33 27 54 76 -2 71 -22 0 -99 -19 -98 -60 95 -80 -96 78 13 -70 -70 47 51 -45 -84 -67 -7 -50 -59 -9 -13 14 -68 30 -92 2 39 -99
1 66 -80 -92 86 73 14 -86 -6 -51 -1 -97 -43 5 53 -7 -18 11 49 43 -15 -31 67 5 80 17 -84 -21 -15 -97 87 -54 81 -88 -63 -74 89 -84 87 84 -99 -68 -58 -79 -96 26 -78 -51 35 40 -70 1 69 -93 -58 35 -15 -73 59 8 34 -31 -58 73 -26 -26 -91 -74 -72 -7 -45 71 -85 2 94 93 -55 74 -54 46 -52 -31 44 -3 5 -57 -68 -17 -87 -7 48 30 86 16 -8 95 90 82 -45 -40
46 -23 -62 -13 69 2 -17 -75 71 56 -72 -90 52 -84 6 5 -70 16 99 89 -36 45 83 -16 -2 -72 -33 60 -15 14 90 -15 75 71 -88 -53 13 -45 42 -32 -7 24 81 -47 67 48 6 -20 90 37 -92 48 -18 35 49 -66 -99 -75 37 57 -10 15 -89 50 8 58 80 -58 38 37 16 47 67 68 -11 -24 2 52 55 -97 -97 -93 8 8 26 -21 -17 -47 -80 -48 -34 -11 -48 -48 -73 -72 37 0 -10 -85
-53 24 -41 51 -8 -10 86 51 -54 -26 79 83 19 -11 -30 44 -62 -91 1 1 -59 22 -97 -76 -99 -74 69 44 52 -62 96 61 30 83 5 -34 -94 97 -45 97 -41 -45 -27 -71 -82 7 16 -3 7 38 8 -10 -61 -23 13 72 -20 -27 16 -42 -11 46 96 -37 71 -24 61 49 83 16 81 -82 -75 64 -31 -4 -28 -51 28 93 -78 90 -82 -82 28 -67 25 -12 -75 54 -53 35 -60 84 -87 80 -95 -52 58 92
