-87 61 74 30 29 79 90 89 -34 -46 89 -6 48 -41 67 56 91 93 -30 13 84 -59 74 12 39 20 -86 -19 -75 -78 36 -95 -23 -31 99 -85 -90 2 75 12 -20 34 36 42 22 -19 -56 61 22 14 -56 -39 76 15 17 -85 20 43 -44 4 94 95 -26 93 4 -59 -96 99 45 -98 46 58 -64 60 -61 36 -89 0 -62 -85 -52 -45 -7 7 34 15 -91 -58 -60 18 7 -2 73 -9 19 12 18 36 14 95
83 -6 -61 11 88 61 -65 -46 -13 97 20 -16 -99 19 56 -28 -85 -91 -6 -43 62 92 -30 22 -62 -24 -33 -77 -60 31 -40 4 67 -7 69 25 14 -21 63 28 12 34 -20 -86 71 -34 -11 -13 -26 58 -9 -78 -33 20 -95 -83 36 48 34 -83 -3 -52 70 80 -49 -65 55 7 -5 43 21 -94 97 70 75 26 -41 14 -62 -86 -59 -51 48 40 -60 39 47 -30 -79 -32 -73 69 -49 54 70 15 -10 21 -78 13
14 29 63 -39 -13 86 -78 13 -92 36 61 83 -28 43 -74 17 82 21 13 42 -7 20 -46 81 -45 74 -90 37 -51 -48 53 23 53 71 -72 80 27 -95 -13 -78 30 59 -38 -42 -37 41 -13 91 54 14 -87 57 27 -49 34 2 -39 86 28 5 -44 83 25 81 -55 50 -57 94 13 86 68 -56 -68 49 -23 40 -43 28 6 -89 -45 69 -98 60 56 52 -34 -2 29 80 59 -79 95 -50 75 13 -61 72 -91 -27
85 99 87 -99 -3 -1 67 -86 38 7 51 -69 -16 -56 -64 71 62 -41 -8 -58 -71 23 18 -1 -7 -77 -25 45 89 2 -45 36 33 81 11 66 -44 -52 -1 71 6 -58 -29 -92 -89 -42 -21 6 75 -90 51 60 39 -17 -24 -48 -68 1 -8 91 23 36 -4 83 -77 88 38 25 -87 -41 -64 -89 -99 32 58 61 18 -98 20 -94 97 -13 19 79 -63 -18 47 -39 48 -23 -13 -13 71 -48 -84 -60 -95 18 -3 -23
-51 50 -10 -58 -7 -71 41 51 82 95 -16 18 95 -75 -79 88 -73 59 58 19 -29 26 -34 78 -81 -99 63 26 -72 22 11 -20 -32 -26 83 63 -14 83 -50 -20 -15 80 -70 9 81 98 91 -12 69 55 -13 -40 -61 -100 -30 -54 53 -58 75 75 82 54 44 2 15 -38 66 -8 -92 26 -85 70 80 60 59 32 -9 -93 -95 -71 -8 74 16 -59 14 -10 -81 13 -3 13 -53 1 56 -33 -68 91 -43 33 32 16
95 72 -12 9 29 -26 57 30 -2 -44 98 -78 -81 26 6 53 61 99 92 92 -48 40 84 -51 -82 -43 -61 5 -22 32 72 -82 -43 -36 35 16 39 21 -69 22 -83 -70 83 42 65 16 -95 30 -59 -90 89 80 42 46 88 29 -13 -54 -86 -26 -31 -38 3 47 87 62 29 -41 45 33 59 41 91 -60 -76 -76 87 -35 89 -78 -43 36 -16 56 -74 46 -9 60 73 -30 93 -17 -35 -79 -79 -87 50 17 -99 -72
-19 52 -79 -7 6 -40 82 39 -92 82 -37 82 -17 17 64 56 -100 -53 44 -67 -96 -22 -38 40 -58 -52 88 43 25 -30 -30 -83 -29 -1 -11 -66 3 -53 94 91 -61 -89 -83 32 -58 76 -73 -44 -16 -6 -5 -34 1 -2 37 37 51 83 -10 1 -7 97 35 -37 -13 -31 27 44 -55 -31 -38 74 4 -56 54 -33 -81 1 -95 -14 75 96 14 -35 14 19 -32 57 56 14 73 21 93 60 89 59 55 89 -27 -72
36 96 -5 67 60 61 90 -78 29 19 -13 -16 -33 -75 -13 16 -97 -27 -7 77 37 60 15 55 -60 -11 24 28 70 41 35 -28 34 -20 68 -70 53 -10 23 84 42 -89 -68 47 -32 62 53 1 16 -25 1 -89 66 66 43 -75 -91 23 49 51 27 -70 -4 -89 -76 -38 -48 -24 40 -63 6 -35 -88 31 -68 60 -53 -40 -35 -11 86 -55 22 49 -87 -43 98 61 -30 72 44 96 -86 -26 49 -84 8 -46 -74 63
26 -22 -74 53 -61 39 61 -90 72 3 -3 4 -20 -64 30 -77 41 58 20 98 -10 -62 -25 -4 16 -34 38 82 -85 -66 -84 31 -40 14 -78 24 -18 25 33 19 -11 32 -12 -41 -53 -74 -91 11 47 -42 -50 14 -47 -54 75 74 -78 11 77 -100 -3 6 -83 72 59 -59 91 98 -100 53 -66 -44 34 -58 -26 -22 -92 63 8 -92 22 -65 32 89 70 31 83 32 -89 64 -73 -42 13 68 -47 99 -36 -57 -81 23
9 5 76 -48 -88 -47 -94 99 92 -38 -97 42 10 65 23 -99 -26 74 -54 85 62 -34 2 -78 -44 -87 -79 -76 4 59 23 46 86 93 46 19 32 -12 91 99 27 -49 -91 -22 -88 70 65 -13 38 -39 -71 -39 88 -75 -83 61 -72 27 26 1 -28 -10 66 -44 31 -89 -91 -74 22 -86 -12 -81 -7 62 84 -15 -62 26 -66 53 -61 -35 -32 50 -27 64 -41 -91 -94 39 35 -46 -90 87 8 -44 86 4 58 21
47 -52 -21 38 69 39 90 12 -27 4 -74 31 63 -12 25 -22 40 -85 78 27 -30 67 -77 -32 -73 62 30 2 -75 -69 1 12 -62 -65 -87 1 -43 -1 99 83 -21 27 -70 -10 37 2 -90 17 -18 -86 -69 38 -65 -47 29 -24 -41 -79 19 12 -23 0 83 -71 -68 48 17 82 -33 5 99 -20 -29 -71 41 4 81 75 -17 -77 -81 62 -32 -69 45 -20 -98 -68 -36 -52 -86 -30 -92 64 95 10 -91 -84 91 26
-26 26 -26 -48 -42 -60 70 71 92 33 -97 -47 -72 -88 -19 74 45 -58 -2 -63 6 -90 -58 -91 70 14 -41 -56 -9 64 -50 -59 -92 18 -20 -68 20 -57 40 -85 13 91 -46 -11 13 91 98 79 23 -2 0 -80 -48 -23 17 70 3 -31 -45 -80 -46 -4 -9 88 -88 -1 -5 -76 -42 57 91 70 16 -50 -97 -59 49 -88 -47 32 -76 -1 -5 -6 -89 -53 -64 -3 50 -4 85 6 4 -43 38 -67 48 18 42 -30
-44 -89 -63 -9 71 -62 -21 -75 99 -19 -39 8 11 48 60 6 2 -10 33 -80 -79 29 -91 -96 -45 -16 48 28 -70 90 -83 -24 26 -95 -58 -60 -74 -34 -27 43 49 -68 -17 69 37 -63 45 -41 -57 22 18 -29 -42 4 53 78 38 62 67 -32 -20 72 -88 -71 46 -96 -60 -36 76 61 87 -25 -73 41 76 57 -80 -63 -53 -19 -80 -23 -90 9 50 -22 -16 -21 -27 -49 41 -29 -6 27 38 48 72 89 -94 18
-97 -93 -44 -22 -28 -22 -45 14 25 -95 1 34 32 -13 -47 -26 -26 -81 -78 -51 -22 -76 -41 18 76 -24 28 -29 62 -6 47 73 48 -56 9 -94 -82 -86 2 -78 -34 -86 89 -33 59 76 57 -25 -34 8 -60 53 15 -30 -25 28 -43 20 -13 48 96 -41 46 95 84 -40 78 -45 38 -74 -78 -63 -11 31 25 -20 -9 -74 95 -9 -18 97 -51 85 9 83 -48 79 -56 -81 -90 -85 -74 -62 5 -24 35 -48 -4 -43
90 20 -70 89 -3 -35 75 19 32 98 60 -38 52 76 25 98 32 6 48 -45 -42 38 -26 -29 56 19 -60 -52 -83 89 65 32 5 -84 -31 -60 95 -90 -70 58 2 -27 32 61 77 -54 97 43 5 -46 80 -34 -19 -52 32 17 81 22 40 21 -88 16 -63 26 -88 -30 -67 -82 38 -29 -99 -36 82 57 -56 -71 57 87 -74 -70 80 -90 68 50 -21 -84 40 -3 7 88 94 -52 -3 -74 -36 65 40 -13 -35 90
55 -83 -8 11 -56 23 20 -100 46 -95 5 40 82 88 52 -1 -32 -41 -24 -80 67 -23 -82 15 -18 23 18 63 -1 -36 65 -19 -23 -35 67 97 -56 18 7 -37 99 91 -50 -88 -19 -92 -23 -88 59 27 26 -23 2 78 -15 -12 13 5 28 33 -3 -22 -14 80 -5 -7 -61 17 89 61 -80 -61 61 83 86 -92 38 -7 -57 98 -24 -24 -31 -7 46 -75 -89 -91 84 34 -53 -68 -52 68 76 42 -46 76 -9 27
-17 -7 2 -84 -57 -16 -48 -95 62 -52 -65 93 -76 77 95 91 56 -71 -62 -1 -79 -96 62 -21 -84 9 41 16 -32 48 85 65 59 -12 -58 10 99 82 31 37 78 -89 -55 1 9 94 70 -61 -68 56 -72 -89 -50 -78 -54 83 -32 32 -53 -56 90 76 -55 -41 50 -84 95 43 5 -100 7 -44 -17 -93 -85 76 -44 80 10 5 -60 10 39 35 24 -6 -55 36 -31 80 4 81 7 33 -19 -59 85 -79 81 4
32 -82 56 -34 -66 -86 -48 -91 -51 -55 -90 -84 -56 -58 -100 -72 16 -34 -67 -74 20 -15 40 -48 -72 -61 -67 20 -38 -56 -92 26 -50 31 56 75 -54 -12 19 31 23 -76 -63 34 -63 4 -26 -42 0 15 -91 94 62 -38 -9 -42 77 37 85 -26 18 -8 -69 77 -42 7 39 39 -11 -45 -43 91 96 -10 -71 61 -78 13 97 43 68 0 37 -21 -51 24 -99 98 -32 67 73 -61 -70 32 -89 3 0 95 36 16
-69 -96 -81 23 33 -46 21 48 -12 -10 2 0 21 -53 44 -95 7 35 27 -84 -37 -96 55 -33 -21 64 65 -28 -60 -72 89 62 -76 -59 -14 49 85 -50 52 9 45 -21 8 27 39 45 -86 96 94 -34 -95 40 -54 85 3 -89 38 -79 61 49 -95 -54 23 -94 -36 -26 43 -14 75 -31 -25 -53 -49 -44 9 27 66 93 38 -47 -56 -38 -20 -84 -53 -97 -23 -69 -69 3 -81 -33 -60 -71 51 -86 -5 79 0 56
43 -90 10 31 -82 68 20 -74 -71 21 -18 -56 -74 -40 92 -33 71 -1 -12 57 93 -76 -18 -98 -52 50 -63 22 -51 -80 69 95 81 91 -43 54 17 -52 33 -8 86 -45 -98 90 -77 43 -58 -66 75 52 94 -10 11 32 -53 -96 -21 52 -48 -97 35 8 82 13 -36 1 95 -12 63 28 73 -71 88 55 -41 89 -63 -1 -71 76 -70 95 -52 99 -47 -91 82 -98 -9 -98 85 -65 90 12 -89 -38 8 92 2 -94
82 37 78 -70 14 -85 -71 -37 62 49 -84 -74 84 87 -96 -99 24 24 -66 -75 14 72 -50 -82 -38 83 1 -41 13 80 76 -11 61 -78 36 25 14 49 81 37 95 15 -7 -1 66 -44 99 98 -50 -94 -45 -95 23 -42 -41 99 -7 -47 -91 -26 54 34 -50 -81 -11 -6 92 83 -61 -63 -51 -13 -28 60 3 -58 58 82 -28 -89 -89 3 -8 -92 -38 -90 96 -21 24 6 -54 -71 86 73 -46 -96 42 71 12 -23
47 6 85 -15 -41 -3 -66 -40 -51 -76 71 -56 -80 -37 -42 14 -35 -35 81 -15 -21 14 -11 39 -17 98 67 18 78 63 26 -99 -42 83 -51 97 10 83 -49 -59 -30 -10 93 -76 27 -9 26 -38 69 -14 1 -27 67 -9 77 -88 40 87 -69 78 85 70 60 -67 11 42 -27 92 -28 79 -30 -44 46 -26 -83 91 65 -57 38 -100 -63 -52 -63 -8 42 -99 -98 -28 -84 80 -68 -18 -16 -79 5 38 -90 66 -91 -73
52 -52 75 93 -43 90 -42 -77 -76 73 73 4 -100 -11 -3 -99 8 -30 -90 85 15 98 87 15 9 28 -76 -1 84 95 -30 -18 -85 21 90 52 -80 70 -10 14 13 73 57 28 -96 -5 -97 28 -14 -57 87 -57 -44 -85 -74 -52 80 12 -95 21 71 -83 -8 -85 -7 95 1 44 84 18 -95 -38 86 69 -94 28 69 89 77 39 -40 63 30 -86 50 -87 -97 53 -39 -8 38 -90 -64 -25 6 87 64 57 6 -91
8 -52 -93 72 -6 48 43 -64 46 -36 -82 -10 -81 -85 -1 8 -8 47 60 28 -47 -49 47 -87 -6 83 84 40 -14 51 -68 46 56 -28 -98 17 40 -51 23 60 -91 59 8 97 0 77 -25 -82 -52 66 -46 37 21 92 12 93 -41 12 18 77 8 17 -70 -60 -9 83 0 -95 -34 -46 -36 -84 61 75 -33 -34 -9 -61 -81 4 -100 -7 24 62 64 99 24 -46 -25 88 -27 67 -84 -87 49 -53 -49 -100 51 60
4 -72 -30 -96 -72 -43 37 -5 -73 26 -43 -79 84 -43 53 54 -67 23 -23 -66 3 -76 -85 -17 40 84 1 1 52 -28 -86 -8 -23 -72 44 68 48 68 -49 -48 96 65 -34 -46 -73 44 -1 98 -71 66 -74 -18 -91 -81 -22 -66 17 77 -49 -77 24 -17 -40 -29 -11 53 78 55 -23 -100 -36 84 -29 69 97 73 4 95 -45 -70 59 87 1 -37 98 -2 -64 -40 32 16 -47 40 43 96 56 -61 -44 19 27 -13
-66 -34 -33 -33 10 -9 -13 -63 67 90 -94 90 90 -67 67 -43 -29 61 -100 -91 60 -72 85 92 25 70 -11 -60 63 -37 -91 32 47 -58 17 79 15 13 -3 -39 38 31 -63 7 -74 -92 -50 14 5 -65 -1 89 75 37 -2 -38 7 -20 -80 -68 -48 -83 61 -72 33 -63 8 26 69 26 85 21 -82 -62 -97 53 -13 67 27 -5 -58 2 23 12 14 2 47 -78 34 -14 8 33 -78 80 26 86 10 42 39 -25
-92 59 -4 -76 65 -53 39 -31 5 5 -3 33 93 75 88 -76 -73 62 98 80 -39 15 -92 48 -15 -26 35 -19 -62 -59 -46 -47 18 63 7 -60 84 19 78 -36 24 -80 -50 53 9 23 -41 29 -13 30 8 -18 88 -60 55 -84 -4 94 75 84 11 -100 3 51 80 -39 89 -91 78 86 -25 -4 -54 -28 -33 -41 -53 -78 -34 48 66 -47 -97 88 66 -69 49 95 -21 89 52 -77 -57 66 85 83 25 -16 57 98
50 -94 -5 -32 73 87 59 -59 95 -61 -49 -70 62 68 19 58 73 -53 -25 -94 17 -11 -12 97 25 -74 95 -95 88 87 -51 -92 49 2 -83 35 -87 -25 44 -47 -3 -11 89 -17 94 -50 88 75 41 -48 20 -82 -24 -25 92 -31 59 41 44 -47 10 68 -11 81 29 -16 5 72 -92 -77 -27 66 46 -50 -93 90 -19 63 -87 3 -78 -96 -23 -10 -76 90 5 -89 69 -41 -9 67 0 35 11 16 -65 -44 -66 -44
-1 71 63 32 58 58 -32 -25 -98 58 57 46 -88 48 -5 -98 65 -19 81 -37 -53 -4 33 -39 53 -31 -98 -98 -82 -59 -22 89 -45 17 75 -53 65 -98 -45 9 83 3 36 85 -80 -3 55 -74 -84 -8 -100 -75 -73 87 27 70 -44 -30 31 -31 85 87 -36 -10 -29 -99 -23 -18 21 -45 -12 11 75 -60 -93 -72 -34 90 36 18 -56 45 46 6 52 -52 -38 53 -25 -88 -81 45 81 88 21 60 29 26 -94 -25
-27 51 10 -85 68 69 10 -3 9 13 37 -28 45 15 7 -93 -34 -78 83 -47 30 22 95 84 71 3 8 -6 25 43 49 55 39 62 90 44 42 -76 19 -99 -90 68 3 39 -71 -37 49 46 -74 -40 60 73 37 82 23 -10 -3 68 -96 20 -31 -90 -96 1 4 66 60 -52 -20 83 -83 43 -97 68 -38 -53 85 -10 -65 17 87 85 21 51 42 94 77 -5 -50 41 -68 15 23 -95 64 16 -45 -38 11 -82
64 -51 -50 -51 -43 -61 31 83 47 83 -72 71 -40 71 -41 -46 57 -94 -89 35 44 -73 -58 -80 14 -86 83 3 -90 -16 -42 -91 -96 -33 64 17 76 -98 89 27 -79 -33 81 28 0 90 60 -88 78 71 -73 48 36 39 41 34 18 -78 -27 15 -56 94 5 -18 -55 -4 -96 82 90 -73 -60 -92 -9 39 -28 -12 90 90 -16 17 -93 -98 -15 29 52 18 47 51 -57 -2 29 98 -40 -48 84 8 -9 -14 -72 -86
1 -63 36 -90 -50 12 -57 -11 -59 97 32 -1 -7 -68 -77 76 -93 -44 -97 -72 93 86 76 -97 -58 71 7 80 -82 -41 -75 8 -65 -34 21 -75 -35 -92 62 35 11 -94 70 -25 -19 -60 -6 -38 -72 -55 2 3 -4 -8 -53 27 69 3 23 -13 29 -44 -21 -93 74 14 70 23 10 -36 67 44 -59 42 4 74 98 92 -99 -82 77 20 -20 24 91 -44 -56 -12 -62 -29 -31 -39 -84 32 -52 34 -72 -88 -28 -93
-12 -100 31 45 -19 17 -84 71 48 56 5 -47 65 62 19 -50 53 52 -19 -46 19 87 -1 56 70 -83 -48 -99 52 -9 36 69 7 -41 76 -19 -49 52 -78 23 41 -78 78 93 -18 -49 -91 -63 -44 65 -18 50 12 81 -45 33 96 -23 -12 54 -13 38 -67 9 98 76 -54 90 24 25 -27 39 -28 -65 -14 -33 89 41 -5 -74 1 42 73 3 74 -84 91 23 95 75 -79 -15 34 -86 95 1 -12 -72 9 -13
-43 -96 79 -16 -32 88 -28 72 77 -65 92 -52 -19 97 -91 83 78 -36 93 -29 62 -1 -33 17 42 -16 95 97 -78 -75 78 -94 -39 -28 49 -48 -15 88 -33 -74 -27 3 44 11 -20 -19 10 -62 -43 -93 76 68 58 -87 -61 -45 -69 38 -8 -85 3 86 -45 67 4 -59 83 72 -59 -41 -36 -10 49 -91 95 -60 -7 -29 -62 -77 -99 -17 54 -17 -77 -22 30 86 16 -45 16 58 53 -59 -61 -23 54 -74 74 39
-42 -17 59 -17 -71 80 10 63 -52 -90 11 84 -63 81 -47 -45 63 -31 -50 -65 80 -16 35 91 38 87 74 -59 -81 -8 -85 -88 -100 63 -9 -11 -50 -37 -30 93 -31 -80 -87 -33 49 37 26 93 10 -98 -80 92 -23 22 -31 -90 -20 -61 -49 -89 -4 -89 -1 -67 -77 -75 60 -6 -28 -88 -48 53 84 90 -13 53 -37 -95 -18 79 4 39 3 -88 8 -16 15 29 -48 47 -73 25 -32 19 -74 12 -29 80 -58 53
96 21 48 98 95 83 -49 -32 57 -90 -90 35 -62 -29 -85 -97 0 -83 12 91 77 75 53 78 70 56 97 93 -75 -59 -58 -19 16 -57 -11 -9 25 24 93 -73 -87 82 -95 -62 -34 92 51 -24 46 -62 -98 8 -31 -14 -85 -76 1 3 71 12 79 87 -69 32 -38 28 23 82 23 61 13 -26 57 8 -66 -100 -99 -67 -61 60 -64 -4 -79 -37 -35 -50 43 -62 41 -21 0 45 4 85 -30 -29 -13 88 -73 -89
20 81 10 -37 -86 -53 -29 27 68 59 -20 -96 15 -31 -88 -98 6 -79 38 -37 4 33 -5 -1 -57 -35 -44 -19 65 16 42 72 -60 15 52 -84 79 67 -4 33 -49 -34 39 74 46 1 27 -57 -84 36 52 -23 -74 68 -63 69 -50 59 26 83 32 19 4 57 -6 -42 -82 3 -13 62 26 49 -46 50 -72 -91 7 -8 -83 -41 -61 -39 97 75 -19 -31 87 -16 -23 -36 57 -87 87 -67 20 -8 -35 83 -1 85
-80 -57 21 -86 -32 63 49 -45 72 -27 -61 -75 97 10 15 -21 -34 -82 89 18 84 -2 82 79 -3 53 88 28 -15 -68 -100 49 -30 8 39 64 63 15 77 49 -56 -25 -8 39 71 -46 -66 26 -90 13 -20 -72 -36 40 74 -12 -24 59 -72 44 16 -18 -13 -60 59 81 21 51 87 31 -93 84 31 22 -48 26 -33 44 74 69 -5 -99 8 32 -44 6 -71 -69 61 76 -36 -78 -90 26 -10 -3 38 64 -64 -67
63 7 -77 -17 -56 -55 69 -4 96 -6 30 -69 -4 90 91 -99 -37 -95 -79 -2 -19 -47 5 51 -93 -72 -12 -3 -10 86 -61 18 47 71 37 -36 39 27 24 -3 44 8 91 18 76 38 74 98 50 19 -42 1 -34 -16 60 42 -96 -7 -100 -97 -10 -53 -79 92 -2 -14 66 58 -5 51 54 41 -39 -50 66 91 -34 -35 99 -65 99 71 39 41 44 -95 53 -18 -2 -80 90 26 1 -11 42 -36 -16 -81 31 32
-3 -58 75 -96 82 -93 63 70 32 -26 -99 72 52 -45 41 -32 28 99 18 -50 -51 40 52 87 46 -74 80 -75 -49 12 -87 38 -98 -58 56 -36 -70 -58 21 38 -80 72 -26 79 18 99 -47 17 91 97 -83 -44 84 37 -33 -5 30 -48 -47 -5 4 -11 -23 50 -39 -24 -80 -88 -88 -83 78 -78 81 37 0 -82 -97 -63 48 23 50 -13 -84 -10 78 78 -52 -34 -58 41 34 -61 -79 30 54 -2 69 -54 99 7
-32 34 -40 -46 -86 58 74 51 57 -7 -22 52 -76 -94 88 -81 37 46 -27 95 96 -57 87 81 -13 -74 3 17 36 -54 -12 45 54 59 73 -29 11 76 -97 -99 -96 -25 22 16 -23 65 50 -89 44 -35 74 37 -15 -5 -27 -63 51 -41 35 1 56 -42 -89 4 91 -67 28 91 -36 -41 -22 -17 49 -34 -39 -4 -84 41 35 -25 -75 33 -83 15 0 -66 -46 46 -8 -63 -80 -93 78 4 -59 -6 4 46 -81 89
36 -12 -32 -58 85 -72 86 54 24 -75 84 -1 91 -55 -88 47 -24 -52 79 -71 43 -21 80 -68 -53 -13 -92 11 79 -95 -64 55 17 0 20 53 -90 75 -29 7 90 32 15 45 62 -33 -65 -91 13 -32 59 37 37 8 5 47 -7 -22 -37 13 -3 18 -58 -98 -67 16 -38 -26 -28 64 -27 5 -14 -37 70 17 -60 -85 -57 90 -89 83 -44 77 -37 67 -82 9 -50 97 83 -13 9 -97 -76 73 -78 -8 -99 19
39 44 26 -66 -78 -72 -90 88 -75 -71 31 98 22 51 -29 -23 -14 77 -11 32 -49 74 41 2 49 -98 35 88 -15 -97 81 20 13 76 -93 -66 -55 -4 47 -29 -17 8 27 -33 -85 70 -16 32 59 -16 -15 93 16 95 53 11 -69 36 -89 23 31 -24 82 80 -6 -94 11 -51 65 96 70 -97 -39 -58 -22 89 -90 70 11 29 48 -8 85 -10 -28 47 -48 0 69 -4 -88 -80 -67 -12 -32 75 -25 50 89 51
-72 0 89 34 -31 -65 89 -76 -9 -34 78 12 25 -41 87 -2 -81 -5 30 -56 11 35 54 -34 -8 -34 -92 -9 -76 90 -40 -30 -87 25 85 14 70 -71 -39 44 -96 -52 -92 -41 -99 10 11 41 0 26 -19 83 35 -14 -96 88 -63 -67 99 -66 12 34 42 -45 50 -79 4 7 41 -72 -23 14 -3 -72 81 81 62 -53 -92 22 -59 50 -83 13 -99 76 38 56 -55 84 -87 47 37 -76 66 -40 80 -96 20 65
-93 81 -87 30 88 -75 9 80 53 72 19 32 -55 68 -98 -94 -82 -36 25 -91 -66 -89 70 62 28 -85 -22 16 -68 -84 -21 -30 -59 -64 71 -43 94 47 26 25 -16 -52 -41 -57 87 -59 -45 -16 -98 -100 -98 -20 -52 -23 -90 36 -18 -57 -95 20 17 -9 74 11 10 17 -53 -29 37 85 91 34 -77 9 67 50 -37 -97 -16 60 -31 -32 -74 -32 31 -83 -23 43 55 95 58 59 27 37 63 -40 0 52 -78 33
9 -35 73 33 30 71 -4 18 34 -73 10 -97 8 58 34 88 82 39 13 -4 65 49 -80 -67 5 39 -91 66 -29 62 -2 21 76 50 65 56 -63 -60 50 82 -82 61 -75 56 79 -34 43 -51 33 -27 88 56 56 -79 -93 -45 18 -98 49 41 -46 45 -39 43 20 67 97 87 76 18 -74 2 37 -34 -97 48 -12 -31 -3 -93 47 -82 -99 34 -72 25 29 69 51 8 -31 -11 28 17 90 37 -98 81 -43 29
-50 -50 1 -86 53 41 -62 -25 31 77 -35 32 55 -86 -95 -1 -37 -27 57 61 -36 20 60 -91 82 33 94 -38 -5 44 94 -80 -23 94 97 36 14 26 -4 33 28 11 78 -69 -85 -25 -16 94 36 -95 65 -10 74 49 -81 -29 -24 75 -61 27 89 -93 -35 -75 65 -88 20 65 -87 -4 -6 -86 30 9 -34 67 -65 12 51 19 79 -17 -27 63 9 -61 -45 -24 90 -1 -12 69 -5 -16 -6 -39 -72 55 24 80
-60 -93 24 -47 -20 -54 -33 -93 -47 -26 62 -79 -26 -34 80 19 57 -37 -91 87 6 87 86 49 44 -98 -90 -56 -85 -9 23 -29 48 -29 -54 -6 -28 95 -34 12 -100 -71 24 -100 -24 -53 5 0 59 49 -67 -63 22 18 -94 76 -70 79 13 2 38 7 37 38 -18 68 -7 36 -3 96 24 91 5 50 44 38 -75 23 73 -93 70 85 96 0 -64 -28 99 -12 90 67 -20 -92 91 79 -96 76 84 -6 -9 -87
-59 -50 35 -68 89 -42 89 35 14 -24 -62 -67 -26 36 -3 -25 -55 15 30 68 77 -27 -34 39 -38 -96 -60 25 -95 -41 -75 -41 -19 -73 44 -40 -47 74 96 96 -83 61 -3 26 -66 -37 82 -46 -40 -65 85 -18 -65 -95 35 84 5 43 28 -70 81 67 -65 -40 13 -7 98 -3 -3 8 -60 94 -56 -57 24 -53 14 20 24 68 24 54 -51 31 -19 -26 65 18 -94 81 30 -95 89 -85 60 -32 -63 -51 -78 -8
-33 78 42 43 -58 -1 -41 46 -2 58 70 73 -58 81 78 77 -1 -36 -29 42 -53 60 30 69 62 -16 -42 -64 22 58 -25 57 -96 -63 32 37 -45 23 -3 -90 -68 -41 29 54 -25 99 57 -29 -78 -65 26 -42 -29 -97 69 -49 18 -34 85 -54 84 80 -7 -96 -44 -20 61 69 -51 -67 73 -86 88 -56 42 72 -49 -52 80 94 -68 -79 -74 27 -67 -60 -1 -70 33 6 59 15 14 -15 -11 2 33 -15 -48 -7
-1 0 -13 -80 -35 97 81 -10 -48 26 -5 74 38 -92 96 76 -36 -92 -13 -42 31 -22 48 -80 75 3 26 -21 0 -34 -47 48 -15 -85 11 48 51 -73 -27 -23 -92 43 12 -65 -66 19 35 -79 56 30 12 -56 51 -1 -72 74 69 -83 64 -81 62 -21 -57 -17 45 -28 66 -30 -54 -62 16 -5 -90 73 41 91 -57 67 -84 -52 64 -40 9 27 -12 93 -54 89 -78 82 -89 28 -78 -5 -87 61 18 38 19 -34
-97 24 -64 -99 66 36 15 -63 84 -63 24 -76 -28 14 93 -26 -25 -11 3 5 79 -74 -94 41 -70 -22 -68 9 43 94 -38 5 -91 5 57 71 -83 9 22 77 75 -69 60 -39 -51 -64 -41 -19 51 54 -81 51 38 89 -12 93 -37 19 29 -21 -68 -26 42 76 53 9 -16 73 75 -45 76 36 56 81 37 -19 62 -43 -79 31 16 -7 14 22 86 -23 -11 26 19 -72 75 35 83 28 29 -19 56 93 -87 47
-93 -86 -33 87 89 -20 8 -33 60 -60 29 63 48 56 24 -74 -36 -78 34 -24 -36 -57 86 27 -26 -10 12 9 -96 -50 86 -65 89 96 -42 10 76 -18 -29 -85 83 -24 67 -64 -39 99 29 5 57 -74 -57 57 -3 54 25 -15 -45 6 -94 -53 73 87 -59 -70 7 -35 48 68 -41 -76 76 92 50 -57 84 -98 -48 46 -72 35 -30 54 -11 82 14 -47 62 -78 -29 81 98 3 -16 -22 78 -23 -71 60 -47 -42
76 47 52 -16 0 80 -88 58 21 -39 -11 -20 -73 43 49 25 0 -84 -73 91 20 25 59 -85 67 -22 -88 2 9 96 10 50 77 -36 72 21 48 -51 -55 17 -40 -29 -71 37 -92 -23 -90 -14 50 91 -84 26 -56 -6 -62 -26 78 -1 18 49 -18 65 73 56 -17 -2 -9 -16 -79 52 -80 -83 22 -14 -21 48 23 -1 90 0 94 -29 0 -40 61 -67 -44 44 65 66 -92 23 -60 -63 -52 73 18 78 -50 -69
-33 -55 25 -63 -24 92 89 -90 95 63 -45 -86 -29 -92 17 -47 53 54 12 -21 -26 61 -23 -56 19 -88 -49 -100 -75 97 88 -71 87 95 2 -46 -71 77 -74 -63 -61 68 -68 -25 -100 47 4 19 -13 -95 -8 -43 -16 44 -82 -7 -53 -89 -89 59 53 -61 10 -48 60 87 -72 90 -66 84 -33 -28 -100 36 -37 34 65 -88 25 23 89 4 -89 8 86 -78 -30 -88 -25 74 21 -86 -20 -59 90 43 -52 87 99 90
40 86 3 30 -64 55 54 28 73 -5 -11 87 -9 -80 70 62 -58 76 23 -24 34 -21 88 -91 -26 -56 8 -61 81 -12 94 93 82 -75 61 19 94 -47 40 20 17 -52 47 33 -68 49 -32 -91 -62 -13 36 -53 -20 93 -39 30 20 -42 -64 -17 -31 -5 -99 -72 95 -41 -14 87 -12 -100 -16 13 49 40 -41 -15 5 82 99 6 -84 11 52 19 76 -9 91 80 -60 64 44 61 -34 -63 40 46 50 48 58 95
-24 -26 -9 -6 87 48 -39 -21 -59 -48 -60 48 -48 -8 -17 -90 57 43 -34 -67 36 -62 -100 -90 50 25 -86 96 35 78 89 -1 46 -92 13 -95 78 33 -35 -40 46 74 13 -63 -8 40 -1 71 3 17 -76 67 -100 -23 55 83 -81 -48 79 89 -52 0 -18 84 -3 75 -42 39 -96 25 89 88 -25 -33 -11 -67 -44 -43 -20 41 54 79 33 -7 -35 -66 -91 91 40 -25 -12 -64 21 78 83 26 -29 -95 -50 -93
30 -17 67 66 -59 -43 65 71 -83 -50 71 57 -48 87 3 -54 -96 66 -45 77 7 20 48 -81 -42 29 62 -55 6 -92 5 -91 34 -32 38 -18 52 -55 -77 -25 -80 -2 -52 47 -42 -100 27 23 1 52 -31 -53 -89 -21 -11 56 59 32 64 -72 -69 -84 -28 58 95 67 51 39 -34 63 -65 -64 61 52 56 -22 78 48 15 21 -24 86 39 51 92 42 -49 -4 42 73 -81 -10 -20 95 -32 -39 -29 -83 -58 62
-20 -67 -27 25 -95 4 -62 19 85 -52 -98 -47 96 -40 31 9 -24 39 43 82 96 -1 -20 36 7 -71 -12 51 63 83 58 30 -47 2 -8 -57 73 96 -71 -27 49 -94 72 -43 61 -68 -24 69 -92 -60 18 58 90 -4 16 -66 -39 -72 -46 -83 -89 -100 79 38 -98 65 36 -27 40 61 -12 -95 25 -2 -68 -31 58 47 -30 -99 -17 72 -98 -72 66 50 97 49 5 99 -42 -48 95 27 -15 -65 45 -44 71 16
-10 66 -83 46 -67 59 -69 -75 -82 67 -44 -47 47 53 -12 -28 -14 14 12 -55 -14 -72 5 7 -28 84 -52 72 -18 -26 -86 -85 36 -51 -40 85 -79 46 -59 -52 -53 -8 -17 42 -9 -31 -9 60 -81 -4 67 40 -52 43 -55 -1 92 -6 -95 46 -98 10 36 -91 -4 1 -93 54 -70 -93 -76 51 45 -57 -62 48 -93 72 81 8 -92 -69 -58 -90 -4 39 52 75 60 -68 -1 -40 -52 -32 92 93 -17 7 -90 -5
95 -69 59 16 67 9 -20 62 13 99 38 50 -2 36 22 -7 -35 -20 -6 83 19 89 -85 70 -10 19 -5 11 -37 95 74 1 27 58 56 -60 -68 7 38 -79 10 -85 -46 -31 6 7 -63 -57 92 2 -74 -31 -39 89 -90 86 62 72 12 -95 -49 -85 30 -62 -67 -73 41 -84 -27 31 37 10 72 74 8 81 -68 -72 -92 -92 86 -22 57 91 5 73 -53 60 -30 -67 65 36 -49 26 63 -68 -71 -31 99 -56
94 61 -41 59 8 37 53 86 -15 -99 25 20 -45 14 -85 -22 -32 73 88 -65 17 -37 -32 -19 28 49 78 23 72 -38 54 87 -88 80 -29 95 -32 -23 -96 21 -98 7 50 -72 95 40 78 -1 -13 86 -35 9 42 51 48 -100 -48 4 -1 -62 25 -56 -1 94 49 26 34 19 25 91 33 -4 -7 -32 -23 -58 -37 54 53 0 -3 -48 -11 -75 -24 -24 2 30 47 13 -21 -72 57 74 75 78 22 -61 26 -90
17 -1 0 -99 17 97 -26 76 -83 36 99 -34 -71 -72 33 -65 50 38 20 -53 79 69 -86 -91 77 77 91 53 7 -25 79 33 -28 59 76 -11 -68 -31 54 -29 60 63 -41 -97 -43 85 -5 60 99 -6 81 -15 -89 47 9 24 -1 76 -93 -5 76 -36 -52 83 -42 -34 2 -18 -77 7 59 54 -24 75 99 -42 -64 80 -48 -47 15 59 -39 -5 92 -65 -57 57 19 -19 -89 -2 -52 -30 5 -46 73 -3 35 71
23 -38 -44 24 -26 73 -25 -34 -63 -54 12 30 -64 -35 -87 42 80 81 -57 22 21 39 8 -83 83 -4 88 34 10 -52 -22 -87 80 80 -14 73 -59 63 69 -53 -82 -18 -75 80 -88 -62 34 82 -16 -40 -65 74 99 37 52 -14 6 -16 61 48 7 29 16 72 -7 -54 51 -76 2 67 -34 5 49 -68 49 -59 81 -95 -21 98 17 87 -1 -10 -96 6 -72 -91 -30 72 63 -40 7 -100 86 96 -34 -48 -70 -19
-80 70 83 -10 10 81 -94 -8 66 70 15 -49 23 -90 17 99 99 -79 44 91 -16 -78 79 12 93 87 24 -59 -28 60 -82 66 51 -42 88 57 28 -22 81 96 -56 28 -55 36 81 83 -66 54 13 -55 -87 -51 82 -64 -65 84 -81 92 47 -17 -54 -47 -70 -24 -76 54 -90 -36 -30 -29 50 68 -67 -66 -34 62 44 10 -67 91 65 -67 -39 47 -28 52 49 -10 -82 83 -66 20 14 -17 -37 -78 -12 4 42 -48
-6 -29 -83 -77 37 22 3 -99 65 78 -2 57 50 26 82 49 8 13 57 -54 -59 60 41 -82 66 -44 7 -6 -73 -49 -90 -49 -52 -66 -60 28 -55 91 -93 -75 28 -96 -10 49 88 -32 7 -42 -29 -5 7 87 -24 -25 -44 -85 67 50 -96 -59 87 19 -93 -97 -99 -23 -39 -6 -33 43 73 50 14 57 -65 -54 65 17 22 50 31 47 17 30 98 16 41 67 62 31 74 -1 -49 -63 28 -45 6 -73 67 16
59 -28 -21 64 -85 77 -36 -33 -98 -26 3 4 31 -2 -2 22 60 -39 4 -29 39 16 93 56 -62 -93 1 -3 1 37 95 -93 -11 80 56 -45 -22 94 69 37 -46 -31 2 21 27 45 -16 12 -98 17 63 70 -61 -68 28 38 -38 29 32 77 11 -91 31 -66 14 -24 97 21 -72 -70 -18 42 -95 21 4 11 -54 -54 60 -100 -60 12 -93 -22 47 31 -52 97 45 -76 -86 6 -15 -78 -79 36 -52 -47 74 -97
-52 -75 -64 -90 -87 78 -47 -63 38 23 -81 -68 -22 88 -15 -75 90 -62 14 12 -74 15 -86 -100 23 -74 42 28 -26 22 -47 -81 82 87 -35 -58 75 -65 47 88 39 -43 56 69 -27 99 98 73 23 9 -55 -21 -18 -39 -89 81 -33 -70 -13 37 17 7 73 -37 17 40 -100 -16 85 56 56 22 67 2 -47 -68 -18 9 -7 66 8 75 -33 -5 22 10 -42 -42 -87 -94 -28 13 69 37 -2 -81 -74 60 1 7
24 90 57 -70 22 -68 11 94 99 17 -20 -62 74 17 -52 33 39 -75 -5 36 44 -27 -15 58 -43 -99 -51 -53 86 36 -7 -6 -72 -85 14 -91 -50 -94 77 -66 -36 -56 -37 -14 72 25 93 -99 -47 57 31 -47 21 -48 -94 -44 -32 -23 70 -15 -46 28 74 -37 70 -9 59 -36 57 -94 3 -62 -89 32 -71 51 -98 29 33 -90 -9 -98 -50 -1 57 -13 3 83 -60 72 -100 0 -30 29 93 16 48 2 -22 74
-31 -55 -100 -18 -13 -65 -73 21 76 -25 10 -84 -9 -84 -89 57 -51 15 89 -73 -73 -28 -76 -24 -9 19 -75 -11 88 -68 32 -10 25 -93 -6 -17 -34 12 -62 -71 -8 -86 18 -91 -46 36 -78 -25 -59 45 -27 4 -3 -20 77 -58 45 50 -99 -71 54 -20 -51 -9 23 17 -18 -69 2 -43 42 -22 36 77 -14 -99 57 -51 -86 -10 7 67 -66 98 -2 -49 -61 -20 -75 26 -72 37 -65 21 -5 84 62 60 38 -81
36 49 -52 99 13 -75 74 4 -27 0 -41 32 -99 37 14 71 37 -47 -16 -46 59 85 10 42 -57 -15 75 19 56 -75 77 26 68 -57 92 64 -89 -81 -66 -61 -48 -36 35 -47 76 -86 7 46 -92 75 84 51 79 41 61 -96 76 49 -73 29 1 94 -68 -43 42 48 32 64 -66 61 21 24 56 3 -100 24 25 88 21 -20 -36 -17 82 18 -84 -22 -61 -11 10 56 24 -86 98 88 -85 74 -29 57 -32 9
-13 -25 73 -92 -96 24 23 -80 -46 14 -19 -5 -81 90 29 -26 -51 83 55 -99 -8 86 91 -4 11 73 -92 -13 -75 -19 -94 -21 -94 -90 -72 -95 -18 65 61 -11 32 56 99 40 75 37 62 -95 -47 89 -45 -98 37 57 -80 -81 -94 95 -89 -62 14 -82 -57 56 86 -98 -8 -10 -42 -38 15 23 78 55 26 31 64 -43 -98 -39 34 -11 -46 81 -57 13 -83 -65 52 -11 98 -94 75 -90 -100 41 -64 -29 -29 18
-47 -61 -35 21 58 -20 95 -99 12 9 -15 78 -28 73 -26 -79 -58 -92 -87 -32 -9 18 25 30 -58 -79 -78 -8 -21 -39 93 -96 -33 28 -17 0 96 -86 64 -25 -57 -31 -20 37 -68 -8 -5 -11 98 -43 -61 82 -14 24 -75 -100 -27 33 -43 54 -17 22 95 -79 6 -31 -3 5 99 -22 -44 -71 -43 6 -33 -81 70 61 30 -16 44 27 24 -52 -94 13 -25 -98 -30 -71 76 -38 -36 -88 -43 38 -63 -2 61 -52
72 -28 -44 -33 -59 -67 -63 59 -4 3 79 -81 -67 80 -83 92 -68 -63 75 -10 -57 39 37 -28 -47 92 1 28 -71 -19 62 -9 41 67 -68 -6 -20 -38 5 -40 -76 -28 7 -55 -22 91 85 -48 -59 8 13 -72 -49 -3 89 -18 -86 94 -7 84 -57 -38 -40 -52 -44 -66 -9 -46 -19 -47 -17 28 -68 -12 51 -24 4 35 -6 -59 55 -11 91 -78 30 -93 -82 -2 -81 -2 49 -28 67 -97 -95 89 41 98 35 32
77 -48 54 56 86 54 24 59 10 -20 -40 -82 46 -63 -66 65 5 -13 6 -67 57 44 40 -51 5 58 94 -2 51 66 88 89 -37 4 -17 -87 44 -42 -63 -1 -87 -42 27 -11 -23 -26 -13 37 58 98 -71 63 10 54 41 3 65 -78 -98 -69 -78 -12 -98 96 -10 -95 26 -67 86 -8 6 -66 27 -25 -79 -19 71 -6 58 -33 85 76 52 48 -93 -73 -38 -19 -45 -45 35 64 21 -26 34 -65 50 90 -13 -53
38 87 -79 82 -19 -35 -13 -86 -94 -59 97 -59 37 -18 44 44 59 60 3 25 -49 -59 97 -30 90 20 -26 90 52 71 -79 27 48 19 -19 -29 24 13 -49 50 61 -55 3 20 11 75 76 34 -88 -60 -70 65 10 89 -1 -77 93 11 79 -79 -42 16 -100 34 -8 -79 -8 99 -16 34 78 3 -49 33 20 -54 -70 -72 92 -44 -51 -64 38 -50 -32 10 38 -71 54 43 82 -43 19 -80 -72 -74 29 67 36 -49
51 78 93 -9 -68 36 -3 88 68 78 68 75 4 -91 -48 -99 94 -49 88 56 73 -95 29 97 68 1 10 63 33 -32 -70 38 73 -92 43 56 -75 -65 96 -69 37 -96 -9 -69 -39 95 -73 52 70 -68 87 1 -30 -88 58 -59 -39 48 -73 73 30 80 99 29 80 17 79 18 -32 74 -42 -87 59 -49 -24 -56 47 26 -59 -15 42 91 27 27 -80 -23 -87 -93 -37 8 99 -31 8 60 -6 -64 57 68 42 -21
-80 71 92 18 -39 -48 -14 44 -49 52 46 17 -73 -90 -35 -6 -62 24 12 -67 -33 -77 18 91 -64 -61 0 -85 33 -70 6 91 -99 73 -27 -85 9 84 -82 -51 -41 -87 -93 81 -49 -73 -70 -89 -5 -69 89 20 -97 79 -75 93 -77 -80 30 -7 36 -66 83 36 34 -18 13 30 -97 -22 86 45 -61 -71 -92 69 68 -52 -69 40 -57 89 55 -47 47 66 61 -23 -39 44 80 5 35 -9 62 -50 -55 9 9 4
57 -8 -1 65 -47 -25 86 -45 10 -82 55 28 -81 -2 28 35 -47 10 90 -86 -61 89 95 55 20 -11 -11 85 63 -58 3 -80 81 84 -100 6 94 -50 -72 12 -63 -81 -31 68 38 -57 23 -52 78 61 66 -6 49 13 -69 21 0 24 -32 9 2 -56 24 -15 54 -15 96 58 -24 27 57 -5 56 -46 -86 -4 -16 3 -75 94 39 -70 66 83 -7 -53 6 -56 71 22 -28 60 5 36 -63 13 32 21 23 -51
54 83 -14 -8 44 41 -39 -4 71 66 -14 -29 11 -51 -85 45 -83 -48 -9 45 28 80 87 -19 -82 -14 2 75 -12 61 22 -95 4 -96 -76 -78 -73 20 -24 67 50 -73 -60 -55 51 -34 -31 44 -59 11 37 25 33 37 39 46 5 -87 59 -56 40 47 -40 -39 -66 -96 10 -59 -47 -98 -90 -72 46 -77 8 -52 -84 -3 6 -71 -48 -13 86 -15 15 -12 10 28 -69 -48 6 22 -20 12 -11 70 88 -67 13 -99
-56 -88 26 48 81 -66 -56 94 -90 96 -14 62 -34 -23 -38 -8 -79 24 -68 14 -74 -46 -78 -99 93 -99 73 -75 -58 -43 -97 88 93 63 77 -22 -55 46 -77 1 -42 51 7 -55 -64 -93 -29 92 55 -36 -69 -36 -63 -94 -37 46 -3 57 -29 -2 13 98 44 -87 30 14 -75 19 -3 -25 -98 -13 -12 60 94 94 53 -39 91 -89 -58 31 64 -42 -22 -83 -25 -35 19 22 -2 -43 -86 63 -28 99 -94 -90 38 -81
-25 28 32 -31 -36 -67 -1 26 27 38 89 85 -84 30 -68 84 -34 2 -40 97 28 -69 -96 -57 46 8 85 92 -53 48 -5 -72 -29 -20 -18 -30 30 37 54 63 -97 -66 -46 3 36 -17 -98 -75 90 29 -78 63 -67 -37 -89 49 -16 30 -32 -63 -42 -99 93 68 1 41 -48 -23 -14 -49 -14 -4 -67 99 -30 -72 -36 98 63 23 -49 28 -66 68 -74 98 67 96 -65 56 17 41 -47 -75 63 -50 4 -62 -56 77
21 -47 -42 21 -45 29 67 -85 7 54 -39 -60 -18 80 18 36 -72 1 25 -98 62 25 -95 7 -16 -14 -10 -65 -15 63 -79 31 -81 66 68 -64 79 -49 61 -86 -97 -97 -10 -38 12 94 -74 -79 38 24 -40 29 -52 -39 -57 -34 78 90 29 -96 22 -58 -92 9 87 -11 -65 -41 75 -23 33 23 -73 32 -73 -100 -37 9 -63 -8 77 31 -19 96 -38 50 34 18 87 29 35 25 54 73 -46 91 -100 -5 -31 -8
47 -21 16 -20 -34 70 8 -56 -80 -41 69 38 88 25 62 -95 -60 55 64 -3 10 -41 96 -8 7 -55 -49 -100 -12 88 66 -47 -100 -96 73 33 0 -20 3 -62 15 8 25 0 28 -65 30 91 -70 -25 52 -98 14 -7 16 7 -23 26 -33 -97 -53 -59 83 2 -95 70 -68 40 41 -84 -88 43 -39 2 -65 -48 -45 96 -52 -40 -44 26 94 -13 35 -57 -65 -43 60 -25 -49 -73 60 -32 -70 10 -1 -15 -44 -53
-72 -15 58 -71 -42 28 -60 43 4 1 -13 82 70 11 96 -70 78 67 25 -51 -57 -99 -41 -34 -5 35 35 -72 53 -10 4 -93 64 -65 14 -87 -92 -94 93 45 54 78 30 -62 -48 -82 67 18 3 -37 6 15 23 -85 66 -99 22 -53 90 20 37 -60 18 98 -67 -83 46 53 1 19 55 40 -25 94 -71 -22 75 69 53 -35 68 -3 72 -24 -34 -11 -67 87 -78 89 90 -47 -9 -83 -95 58 -44 22 -83 73
-65 -44 87 -53 -55 80 98 -16 15 34 -60 -9 22 44 -26 -94 -39 -19 44 95 -64 80 -50 -64 -32 33 -5 -53 -29 21 86 46 24 27 76 76 21 89 -5 -3 -55 50 8 57 -83 38 -38 -34 -7 0 91 -21 38 89 -60 -3 -14 56 -50 -26 -18 -31 42 -86 32 -43 -91 -94 -10 48 58 -83 27 -51 -82 -92 34 -49 8 3 16 41 8 9 49 -15 30 42 -9 -93 9 -50 -29 78 81 -57 -51 21 -28 3
84 -78 60 -36 7 -12 7 6 -38 29 -100 -65 19 -54 46 43 70 -42 -56 -11 -17 -48 -31 -41 -58 79 98 65 -93 -91 65 -14 -50 -89 39 96 82 -21 79 27 -8 88 16 56 86 65 38 -85 -49 -9 3 -56 84 -86 -80 -12 31 -89 -62 85 56 -18 56 -52 -73 -22 39 58 -62 1 -81 56 -71 -41 18 -56 22 42 83 12 16 -79 -94 81 67 -19 -66 -28 -39 4 64 11 -22 23 -91 -59 83 47 18 41
64 35 -44 -49 -54 -27 26 79 13 -68 83 -12 -19 11 51 -64 80 27 28 -5 -38 -13 -39 80 5 -63 -68 -46 31 -12 -4 -3 88 82 -47 12 -79 11 -79 15 24 79 -41 82 -45 51 -55 28 -96 -52 39 -72 -67 60 -9 -8 82 -56 -63 -94 76 -90 22 -11 68 -56 -15 49 48 47 47 -11 -87 -98 80 -16 -29 -83 19 58 -23 -65 69 -4 -72 83 -37 -12 -88 -23 -83 -50 57 -1 -49 34 -36 -17 2 -52
34 -74 -39 33 85 0 -3 57 41 -63 -71 -97 15 -18 -19 7 28 -50 46 -79 57 73 -65 21 55 -22 -58 23 34 83 99 40 -37 -97 -36 -44 98 -90 -71 52 34 -94 9 45 55 -96 -43 15 -66 -67 -63 -23 80 8 58 -94 24 0 -28 76 49 -99 -4 -13 -11 -83 -13 -60 47 54 97 -93 16 66 -68 -42 74 15 -49 17 -70 87 6 -45 61 -80 -100 -84 -98 87 -30 -42 76 90 25 45 -76 74 39 73
53 36 33 98 -34 79 99 -44 -59 -14 29 -32 40 -34 61 -44 78 44 -12 81 78 56 -61 24 56 -95 86 -98 -45 -82 35 73 -47 -11 -89 42 -9 61 -70 99 9 40 59 2 -100 41 -52 -45 3 79 65 -14 90 -89 19 19 -13 -82 -23 -11 -24 -25 -28 -4 66 -86 10 -37 -79 58 -34 53 -91 46 -88 -88 -44 60 -77 -34 -3 -67 1 -88 23 68 41 -5 15 -27 -96 42 49 -66 -5 52 -84 64 69 31
-98 10 26 -2 89 1 69 -21 -72 -68 -46 -2 79 -90 88 -85 -48 -33 48 77 -62 38 -56 41 87 73 -88 25 68 62 -97 3 -23 34 -85 -39 80 -51 -27 71 -91 42 78 -86 81 -5 -2 -6 -36 -90 -97 87 -82 -68 75 52 30 -33 87 55 87 57 32 63 55 48 22 35 28 18 84 -77 38 -55 -94 10 -17 -89 -77 16 -84 -97 -77 -97 95 -25 -72 -99 -87 64 99 13 -31 -95 71 14 -11 41 -14 -25
-25 -73 -7 -55 86 47 -83 99 42 -20 -22 -8 44 -77 -90 -81 -1 19 59 -81 6 -98 18 -89 -50 62 -46 43 -44 94 -85 55 85 70 -57 28 78 80 -40 -25 -51 -27 57 -18 -41 96 25 77 -38 69 -100 -10 -78 99 -37 -21 7 -85 -67 -3 -8 -4 0 -94 47 56 -96 -2 17 79 -79 68 -63 -94 22 49 -20 -73 -66 -97 -10 16 93 8 -37 -86 -88 -32 76 -34 -47 -44 -12 -38 12 -45 -33 -8 24 16
16 96 -48 -20 -87 -89 31 -12 -56 63 54 9 52 12 40 -35 -70 5 40 -72 80 -97 28 20 -24 78 -67 -94 53 18 -58 -76 36 21 27 41 -26 -30 11 86 83 88 3 -89 -40 18 93 -42 51 53 61 76 -5 43 -25 90 -87 -80 16 -97 59 33 -45 -93 85 -72 28 -87 72 -66 83 -77 27 24 -86 10 -30 48 -47 87 -18 15 -81 -55 66 -11 -94 94 -92 -6 -17 27 -88 -99 78 -23 -41 40 -67 -15
-23 -62 -26 -55 -15 0 -80 -10 -82 88 -36 96 -85 59 -56 41 84 -81 -88 51 73 -5 -8 -11 -37 71 -76 32 -85 -14 31 -59 92 -32 -20 -26 67 -85 92 -4 -22 52 92 18 -86 96 -74 21 -40 -97 81 -79 -1 -76 -79 85 33 39 7 68 2 30 -24 87 -25 -26 -85 79 -14 59 42 76 -83 -65 56 11 19 -31 -1 33 9 91 -36 -66 58 -71 53 39 10 -92 97 -81 -83 -15 -42 96 -28 -65 -95 84
57 89 85 64 32 -79 46 -68 -79 54 48 -46 -79 -17 9 51 -73 23 -16 -25 85 4 -22 63 -87 19 -95 -43 -96 -54 -36 -18 82 -99 -72 -22 -50 -11 -91 24 -31 62 -9 28 -43 5 -7 1 29 -25 13 -67 82 50 -90 78 63 -58 22 93 -34 -73 -93 78 -65 3 5 3 83 -50 66 -88 83 33 -68 -46 86 -55 53 68 12 8 90 37 -44 -71 -19 9 47 -62 -30 26 88 -87 58 -96 -7 25 -10 41
-94 -72 53 27 7 -93 -37 24 -81 87 -60 -81 9 57 -97 59 -26 61 22 -2 -83 -100 -51 -25 -57 33 -73 -29 -1 -81 71 3 -19 84 70 53 -76 -1 43 34 53 -23 -48 -57 35 19 -4 -55 -39 40 67 -17 -63 -16 -87 -43 -10 73 -95 -52 -93 -57 -8 1 -19 38 -14 -98 -57 -23 82 -29 -17 -15 64 -38 -92 43 -29 -50 28 -79 53 99 -82 -17 -89 -37 -45 -59 -2 32 2 -53 92 69 30 19 -9 -19
19 2 39 -25 -84 94 41 -8 -57 -81 32 90 17 -47 63 15 -93 -41 -13 65 -6 -26 -36 43 69 -80 -89 29 -80 -4 68 -84 -21 -52 -91 -57 -24 28 -4 -39 17 -94 -3 -57 22 98 81 -93 77 92 55 36 4 71 -14 -1 98 27 13 78 74 79 48 17 -42 -83 62 12 47 -31 -29 -28 -72 -97 -37 -33 -80 86 32 64 46 34 -3 18 94 -8 40 -57 3 -34 -99 -25 25 -83 62 56 -70 68 -51 -36
86 -11 42 -35 66 -24 13 -35 66 -23 -6 -99 20 -67 13 -65 42 -85 30 0 15 -75 36 -32 99 4 -22 56 -8 97 -9 75 -79 27 88 82 67 58 -27 88 40 -98 -84 -20 -71 26 66 -47 88 73 -50 -98 -11 -47 7 -19 68 -80 -93 -56 -19 58 -42 -63 -33 57 83 23 -38 -94 -57 -46 98 -58 10 51 -37 -34 -50 0 96 93 50 76 -72 19 -45 -12 72 -27 24 -6 -72 -14 -28 70 -72 99 61 38
-78 92 -74 4 -86 -36 16 81 -65 -83 -9 -61 -92 47 77 -14 31 28 -87 -28 -85 12 -19 -24 4 -92 -64 80 -94 72 -58 -32 29 -45 -28 -53 32 -80 -31 73 70 -73 -77 4 -66 81 -3 93 -92 -66 44 0 -16 34 59 15 -95 -66 -82 -24 -44 -32 20 -45 21 -43 8 75 -71 -19 -39 -51 25 -41 41 85 7 91 2 48 42 -88 52 -24 96 -17 -46 -27 18 -32 47 62 -78 -81 75 -76 -11 40 95 68
61 27 72 16 19 92 -61 -13 25 6 -13 50 -44 9 -54 -86 96 51 33 -50 85 -9 -94 -86 -75 -56 -1 -20 -46 -82 -32 90 -61 -93 -7 -21 70 -79 -6 93 -48 -51 -67 7 62 42 71 -51 1 -79 24 -97 -69 14 35 21 22 54 -11 38 92 3 -75 -33 -54 13 23 -67 28 -33 35 -42 31 76 32 -46 -19 67 -76 70 73 69 -79 74 41 56 43 -22 -27 15 -34 -67 -51 -91 62 43 -39 42 -82 95
