55 62 85 37 -31 -4 -65 -57 31 98 84 -19 28 -78 47 -89 -61 -83 65 -83 -56 -2 66 55 22 -62 9 53 -42 16 -19 -74 -75 91 -65 10 -13 -74 85 68 -55 -17 -66 13 11 74 -56 -46 40 47 1 -20 -45 40 -25 -3 -62 -59 78 -26 68 -74 91 -13 -95 -20 -41 95 -78 27 -8 6 20 75 -40 -14 63 14 -63 -20 -21 -91 -72 -18 -52 9 -42 76 -44 0 74 -1 -67 74 -12 -82 -27 27 -10 -2
17 5 98 -16 -60 -29 14 14 9 -40 -39 36 57 -38 61 28 -9 61 20 43 -88 -97 -87 44 -50 -78 -82 32 85 11 -61 -39 -91 -42 18 -10 35 -9 -82 38 -7 -43 -79 -96 -76 -36 -89 19 64 86 -75 -92 -37 99 39 47 -43 5 74 -36 52 0 77 69 -25 -13 2 63 -84 94 -96 -3 -77 -26 -94 5 34 -21 68 -55 72 71 -44 -96 -70 -12 81 8 -14 -85 -50 -78 79 72 25 -44 -87 45 18 -18
-1 98 -72 79 70 -47 -90 60 -4 14 69 39 -46 -57 -70 24 83 -69 -4 -21 78 -6 21 88 -96 58 -25 -100 -91 -74 28 34 -75 -8 72 70 44 44 -78 12 15 91 75 88 -51 -62 -11 -3 -34 84 -82 -55 16 -85 -28 -58 35 56 -66 26 50 31 -83 -37 58 86 -100 18 31 12 61 -25 -27 -91 80 74 25 -51 81 -51 54 -29 34 -5 -55 0 52 -32 -90 -2 -28 26 63 45 48 73 -39 -21 2 74
-52 -73 -28 7 68 -50 61 -94 89 -61 -60 -55 55 -84 73 -12 27 25 72 -45 73 77 24 -80 -99 72 -62 -94 -64 -27 -45 21 93 -87 13 -55 40 -65 -28 51 -18 -64 -67 80 62 60 2 14 77 -85 65 -30 88 -81 -1 -6 24 -54 -37 46 44 34 52 -82 -3 15 -21 -38 74 94 4 -8 -80 -60 -51 87 -86 8 -40 62 -37 23 -91 50 55 5 -16 2 -45 71 -81 55 63 -20 -60 -67 92 -13 31 61
-25 78 -65 -38 -45 64 62 34 -99 -75 -18 -18 -42 -61 77 -34 -58 -50 77 86 51 -17 -63 -5 50 79 -39 -98 34 15 -83 -19 18 27 84 -49 59 -52 81 40 -5 -26 38 -47 45 -26 65 -60 30 57 67 53 16 13 -67 47 0 0 -7 -29 44 99 -15 22 98 58 -100 25 90 19 15 49 10 -58 -100 -42 33 -60 -49 -66 15 49 98 5 -50 -36 6 -22 -61 84 89 72 5 89 -8 74 -7 24 -28 -23
15 42 75 92 -43 -100 26 -61 75 -34 27 72 38 -59 75 99 99 -3 54 -25 24 61 -8 1 90 58 -38 -38 -43 -18 52 -7 -23 51 -97 68 32 -74 -59 98 28 -16 21 -28 -77 44 5 -75 -62 58 55 96 -19 67 -65 59 66 32 -14 97 -38 40 -94 73 60 -87 -98 -95 57 68 97 8 -38 -11 51 -33 -60 46 -52 61 -64 -79 28 55 63 77 14 44 25 -86 96 -40 48 -47 -93 84 -100 92 -9 39
-63 1 -50 25 -15 69 -49 94 96 -71 -15 -96 34 -97 42 -9 -55 -17 -69 -86 47 67 38 -39 55 68 69 -87 -3 -17 -26 -86 77 -22 90 10 -82 50 -62 -3 76 -81 -36 -21 -52 -55 73 74 45 65 -21 -95 -15 27 -80 -98 -42 -46 -29 53 59 -11 -77 2 -73 40 -1 4 6 -56 -21 -52 -32 97 -2 76 80 -1 29 58 1 -23 41 -22 -29 42 -25 24 48 66 64 44 55 -6 -20 0 -11 -77 -41 10
68 82 -50 56 97 -85 -37 45 -1 -97 71 -16 94 -1 86 62 -3 -39 84 -96 -100 88 19 -75 -76 81 -55 31 -14 34 -68 -98 -16 -8 -20 14 -63 -91 1 28 25 -40 -90 40 43 -64 56 -12 56 43 -76 -71 -30 47 11 95 13 85 34 -22 -97 -10 91 27 -94 -98 -9 -99 -84 -76 33 -93 -16 35 39 -49 3 -50 3 -27 12 19 -89 12 49 -58 14 86 -17 -97 -8 68 -36 -18 -64 42 69 75 -37 -24
61 -42 17 15 69 -30 13 96 56 -87 -36 -12 -67 -58 -89 51 -27 -84 90 -45 37 -14 -72 66 -82 -84 41 -15 -63 48 -3 63 -72 19 20 -3 -35 -65 78 45 -75 43 3 -34 -54 -64 -83 -65 -30 80 -82 64 71 -72 -43 42 -1 99 83 11 66 25 80 17 17 31 49 93 -30 75 -92 -78 52 -33 82 -43 5 -92 -1 28 -83 -78 97 7 8 -1 47 -3 70 -28 -23 -65 32 -78 -79 -76 69 -57 -80 16
47 -84 -13 -20 15 18 -17 -45 -1 -19 -3 -81 98 82 -65 99 -4 47 76 82 -55 -28 32 2 71 62 -95 27 5 99 -24 -56 -69 -17 -44 -11 -49 63 -68 -75 -16 -55 2 61 -11 99 -17 -60 17 -84 -52 -52 -69 -82 -44 -75 48 7 -35 36 -57 90 -56 -26 -9 -58 98 -13 20 -28 -37 1 33 44 11 -12 65 -46 -75 72 -11 78 -40 61 7 70 -78 42 46 18 -24 40 -5 19 99 47 -100 6 -52 55
-90 -90 -85 -47 98 -84 -16 33 12 -28 25 56 -67 73 59 -69 -76 -28 55 42 20 -52 -97 -94 82 -32 -16 86 25 -43 5 29 -24 6 -55 -99 -79 -75 -28 -14 -24 68 43 -71 -43 -79 84 75 -85 26 -37 -98 21 32 7 -30 -62 2 63 91 -52 81 -17 -84 40 -98 -49 76 -20 -49 42 -37 -70 71 84 2 55 59 -47 -26 81 -31 4 56 -42 -16 53 -90 -69 -91 -42 -57 -66 -86 -37 67 26 -58 16 8
-23 38 20 14 84 -25 6 -6 75 -90 -35 -17 -84 43 97 89 -92 -94 69 25 -93 39 16 -5 67 63 -86 87 -40 63 49 -80 -30 -13 70 -10 -97 -39 92 34 15 -9 -87 89 99 -26 48 -31 -71 93 44 -51 -10 -25 56 42 -96 -35 -44 -1 32 -60 81 30 53 -99 40 13 -59 17 -20 41 -48 90 5 76 -73 5 85 31 -37 -45 73 -99 -36 81 62 98 5 -64 -68 -39 -11 94 17 -99 32 -16 -67 11
-29 58 -53 6 64 18 76 -52 -86 -7 -64 -39 -23 48 0 -68 -99 2 -67 -15 -60 83 -29 -84 2 58 83 -64 26 85 -10 80 -46 -46 38 -8 96 -49 -74 60 -37 -3 87 86 -68 -22 -37 66 -33 -22 -55 79 28 -27 24 18 21 -45 3 63 -47 -49 38 -82 -87 -69 35 -9 -31 66 49 -28 11 84 69 9 -43 7 48 -90 83 -69 -58 14 43 -51 13 -100 68 -23 74 -94 30 35 -2 -29 51 0 82 32
-95 64 -83 -44 44 -48 -42 61 58 -97 -3 -37 70 -69 -50 57 0 74 63 -44 -20 -34 38 58 -63 -83 -12 -32 48 67 57 81 97 18 -2 -80 -81 91 65 -79 -78 -33 72 -78 33 -60 42 57 53 -41 -70 -18 -58 -53 -87 33 -60 16 -13 -68 2 -83 -27 -39 -35 -73 28 1 49 67 30 -98 74 -8 -90 -82 -56 32 63 8 3 67 54 20 62 44 51 -90 43 -71 -41 42 68 -64 46 39 71 17 28 56
49 -39 22 97 -22 -37 -41 -8 68 -58 26 -100 -5 9 -56 -77 60 -22 66 80 48 98 -12 98 8 -63 -91 -59 -43 -95 41 -86 -45 -29 -60 84 -34 -15 -38 64 -45 45 54 37 -79 49 73 -40 -52 71 49 7 36 -7 -6 -86 77 -77 69 38 2 -6 -44 69 -55 21 -99 55 -81 58 -5 0 -37 55 93 3 86 13 -35 1 -89 -100 -95 -58 -89 88 -61 -31 -15 94 39 -25 82 91 55 54 91 10 87 9
39 67 -78 97 -69 11 -12 84 19 82 -36 97 69 94 38 37 55 -2 -94 -95 43 -17 -65 -48 8 -97 93 44 -8 -67 -26 -23 -81 -4 33 92 56 59 92 11 -74 -64 -48 22 -11 -19 -69 -98 -98 -31 -46 3 72 45 -28 -44 -46 -58 49 12 14 -85 -99 -17 28 -50 77 40 28 94 -53 -52 6 -23 43 -96 -17 -15 5 -76 -89 73 22 82 -39 -53 15 -42 50 89 -34 -65 94 24 86 10 -60 -61 -34 -42
97 -65 88 -69 96 55 49 -55 -6 -30 43 -50 7 29 51 -98 -64 74 -30 -33 -58 -87 -34 -40 69 -61 -28 -76 -7 -36 55 81 -27 27 64 3 93 97 70 85 8 69 -14 64 63 -93 93 1 -75 85 23 -9 -87 25 86 -35 5 -78 51 -7 15 42 87 -6 1 31 89 -95 -57 -100 -58 61 -36 -99 -6 -56 -73 8 10 23 31 -83 -4 53 8 -38 99 48 -68 -30 61 89 74 6 3 -40 -61 -27 73 81
-15 -82 49 -8 -84 19 20 16 75 53 60 -42 94 -31 -27 -16 42 -74 -38 3 -45 -55 12 -27 -40 -1 -13 -55 -60 13 76 -81 -38 -49 -85 66 71 22 -40 -13 41 60 69 -49 -73 98 -84 -95 -39 -5 -60 61 -95 34 -37 4 -93 -42 19 63 -82 0 93 3 -35 -71 90 28 20 -14 -22 82 52 6 72 11 -59 98 41 -64 18 91 -16 49 30 -57 -1 -99 93 63 -10 97 23 5 -27 -33 67 15 60 6
-2 53 -88 18 -95 17 -98 -99 -74 -97 -45 0 92 -35 90 20 -12 -97 26 -90 46 83 38 -86 -36 -29 -23 -52 -90 -9 5 -100 66 42 -57 -41 37 95 82 75 -5 40 -61 62 66 -35 -2 37 76 -66 79 3 24 -3 -56 -99 5 54 63 -60 -59 91 32 -78 -54 -22 -96 -19 45 -81 60 32 35 72 75 99 -83 -91 51 -47 82 -70 -71 -33 -42 42 95 3 -44 -54 20 -70 -91 -2 38 -38 -92 85 -72 4
69 -70 -50 31 -85 -8 24 -98 -17 35 -71 -53 46 41 2 -35 -17 -22 48 32 -33 61 -84 82 40 14 -48 28 -81 58 56 -61 58 20 48 11 1 61 38 97 -94 63 -80 48 -11 -77 10 18 76 68 -86 -83 87 69 -69 -56 18 -100 -11 -99 41 44 61 71 -83 43 -5 -18 -16 -25 -96 82 1 38 -29 -85 80 -62 93 25 60 97 77 -3 -84 -16 90 60 -43 0 -83 -47 24 86 14 -27 17 96 -12 -72
23 35 -4 73 -8 83 -22 -21 -41 -14 52 -32 -70 -9 24 -70 64 -93 -99 51 -25 -75 87 -45 22 10 42 79 64 -10 -74 0 56 47 -13 -65 4 -68 70 95 -47 -7 -8 -63 10 0 18 91 98 32 64 78 -9 96 -24 -1 98 8 -14 -48 74 37 -65 -20 1 -86 95 -43 66 93 58 64 37 48 33 79 -14 -70 -40 85 76 70 75 84 -6 -55 -61 11 19 -56 -12 -71 94 57 9 -32 -9 21 -79 -26
-13 -4 13 -98 -60 -44 0 -61 -2 15 -89 -89 -79 -80 -40 23 -82 -91 -92 -70 17 90 9 -33 17 33 -24 2 76 96 97 -75 -41 -100 -25 81 -59 -61 -74 -30 9 75 17 -11 7 49 -87 -21 -7 10 -41 -74 48 -43 -42 89 23 -2 -82 -48 -13 57 0 55 2 -12 -30 38 -57 -12 -25 33 -26 -79 54 -68 -68 -99 67 18 -18 -67 67 -100 -59 -91 65 -90 -88 -21 69 -14 -52 -59 27 -16 77 -83 -59 -32
-36 -32 12 -32 -10 -25 68 90 99 0 -96 71 -36 18 22 -52 2 -24 -4 -27 0 -7 29 82 91 41 -67 13 89 -100 -42 -81 54 54 68 75 15 -27 -65 4 26 60 -76 63 46 22 -68 -25 82 89 25 98 29 19 24 51 33 16 -30 -53 37 6 -30 93 58 -74 0 -45 22 -49 63 26 56 24 -45 71 77 -1 -44 -4 -74 -42 61 -86 -88 -10 62 -22 91 -47 15 -32 82 8 -47 -53 77 -31 41 7
-62 -4 -50 -48 45 -97 16 0 -36 -39 42 38 43 -98 -48 87 -31 -17 -34 -40 30 58 54 33 -46 -88 82 28 38 -61 90 -60 66 -43 20 30 -56 -67 6 -58 57 3 20 63 -57 -56 -56 -84 -70 42 -95 -38 76 -89 -1 66 98 9 46 -46 -76 -66 -21 19 -83 -27 83 74 -1 -46 97 -33 -35 69 -95 44 -57 56 4 13 -99 -28 -69 45 -12 -92 4 -65 -67 54 -100 -66 87 -40 -71 51 -69 92 -77 -70
-70 39 94 -49 -100 60 -83 -21 -38 -66 89 -10 -14 66 -17 71 4 95 -48 -7 59 -44 17 62 -54 55 -100 -62 -11 53 22 -100 -47 -55 -82 25 78 -60 22 41 -11 -76 57 -47 67 3 71 -95 75 -30 -100 -56 -20 -72 52 -37 -64 -77 -53 -2 -28 37 -75 20 -20 74 -85 -91 -1 -46 -100 -99 -19 51 -42 61 38 11 8 4 -52 -70 -90 34 11 -98 -22 -23 -35 74 -61 -89 98 29 11 -78 71 79 -20 -67
64 -53 43 -48 -70 -80 -38 63 -95 -87 44 67 6 -76 -17 -27 0 3 -22 40 -30 -96 -60 51 49 -80 -74 45 71 -27 96 -88 -80 14 -59 -58 -32 73 -70 -62 -63 49 28 42 97 5 28 8 -69 50 66 -61 -8 -11 -55 -35 -13 66 -30 32 -71 -94 -76 66 50 -64 1 -2 -32 -64 -42 96 -7 78 82 29 -98 82 -16 -39 16 12 -94 -12 9 -53 -96 91 40 -6 -53 39 -76 -44 -80 61 -20 -1 47 24
77 -20 26 -37 92 -18 23 -47 41 36 -29 -84 95 71 66 -81 -69 9 -34 32 -9 84 63 14 55 -95 70 61 -33 12 -84 -48 -18 -53 -25 1 -76 -3 -80 -11 -38 -35 -14 17 53 -52 -66 -81 -69 -60 64 -21 -91 -95 45 -32 89 -7 64 -43 -23 19 -19 -93 -72 69 -69 -16 -35 97 24 -99 7 -79 69 -54 0 4 78 83 -87 85 21 -25 49 -38 -53 -55 -74 -97 98 16 7 33 -95 -30 -99 36 -65 -42
-62 -20 -61 26 24 -6 -57 -28 -48 -98 -89 62 -51 64 7 31 -97 14 80 -77 -25 -1 -38 15 45 -10 -83 69 -68 48 57 -75 49 -49 -53 -57 21 56 89 -94 92 76 69 58 -69 59 -50 -27 -35 20 97 83 47 18 5 -43 56 -39 -39 -46 -6 -71 33 6 21 27 34 -71 52 14 34 91 -83 3 -61 -89 10 43 53 92 5 60 -30 9 7 -100 -97 23 -55 64 -37 -78 35 -87 96 50 -76 27 98 95
50 -6 45 -53 -79 -80 -100 -41 -80 65 -34 -60 -16 93 97 -53 16 -29 -78 -75 62 76 44 58 -31 -7 -31 89 -80 -35 -42 25 11 4 -11 75 51 26 -94 -96 -38 -91 14 77 -61 40 13 -92 -13 -84 80 -41 -88 -43 -13 28 6 18 74 56 48 -37 -58 -92 -86 2 21 12 -94 30 4 -32 -21 -54 -21 -7 -41 -93 72 -16 -93 73 37 -87 -73 -14 41 -51 -74 -25 -80 38 -87 -9 -9 64 -84 -50 -60 -28
-3 -59 95 84 72 87 71 49 77 57 -12 -71 -73 7 12 -32 5 32 -3 14 61 -86 20 54 -14 60 69 9 30 12 73 -19 -16 76 -54 -87 -13 45 26 13 -96 -99 -53 47 -72 -97 -45 10 80 -66 -45 71 21 9 -10 85 10 47 -81 -68 25 -69 20 65 -76 -1 89 -8 -60 70 18 54 34 -6 81 -57 19 -50 -35 34 10 -68 15 -80 92 28 -70 -70 -3 15 23 -46 87 -19 70 91 28 -11 37 -61
25 62 85 -49 0 -23 16 -99 -57 -59 -39 -17 -20 -54 -91 30 -71 -57 47 -8 -16 -54 42 -75 11 -15 35 -40 -92 57 29 -8 -30 73 20 82 53 -1 -91 -1 1 -97 -55 24 -57 61 69 59 -92 -65 -76 -23 24 -83 39 39 -67 -32 36 -3 12 -51 -13 -2 31 -25 64 83 9 -28 -6 -84 41 -40 37 43 92 63 44 92 -77 62 92 -38 88 63 51 82 -48 -46 32 -48 0 -88 27 67 -90 47 50 -63
-14 -25 -65 -57 19 65 -56 -84 32 97 -33 -74 41 8 52 26 -51 10 -83 -44 96 -42 17 -84 -5 15 -74 -38 -53 85 -60 -1 43 71 73 0 68 -38 -21 43 96 -12 -27 -52 91 -78 -31 58 61 -92 94 58 54 -6 -13 48 13 0 46 -79 -42 44 50 50 12 -56 93 23 73 72 30 -97 45 -73 -60 92 47 -13 -2 23 -16 -19 -41 -97 38 -3 -97 -33 20 -91 -18 -85 -56 -57 -25 36 91 -57 21 -64
78 -49 7 28 -27 4 47 66 88 17 -68 -31 55 -6 3 16 -55 -95 -61 15 26 31 -41 99 96 54 32 98 -71 21 -50 -97 -9 -9 -16 64 -76 -93 96 -92 76 -51 -25 -61 64 -33 -92 83 31 15 -95 -6 86 -9 85 57 91 57 62 25 -96 -92 -7 60 -34 -27 17 76 -81 85 -7 19 70 18 -51 -79 -7 4 -45 66 -37 -21 -96 -91 -70 -92 6 12 -51 29 -81 -53 38 -79 7 35 0 -98 -13 -97
-70 -78 -37 93 54 -5 -19 21 -23 88 15 -23 -97 89 -59 83 1 39 53 64 -27 -35 54 83 -1 -69 13 52 12 99 -94 14 -95 -87 -12 -39 21 76 18 86 -96 31 -14 -57 89 56 -54 14 -83 -12 -60 -30 57 -6 -61 -28 -41 -19 -59 62 37 -37 53 14 -68 13 1 -16 27 76 -64 -46 93 -95 52 -16 -77 0 76 -89 -80 58 -51 65 4 76 16 -16 -30 -13 78 -3 32 54 63 -64 -6 72 3 29
-96 8 40 47 97 53 53 -24 -41 -98 89 70 -96 -57 15 -53 -61 42 -32 15 -24 -2 -84 45 58 -42 87 -79 29 -64 56 -75 18 46 65 70 -95 -49 33 84 -8 80 -22 -87 -70 72 -70 18 -69 -97 -85 -61 -3 -85 52 42 0 -13 33 -64 -52 -74 10 -99 -36 8 -18 58 14 -26 -40 -82 -77 -65 -33 -56 -54 -100 25 73 -36 -80 58 61 44 -58 -78 -69 -39 -69 34 4 37 -56 54 62 -92 -84 -89 55
51 9 80 75 6 -66 -80 -29 65 43 -93 -62 -15 -80 30 -24 -11 48 -33 -36 -23 -76 -32 13 -83 38 -75 -16 73 -67 -85 66 -83 70 -2 15 70 5 13 -45 -18 7 -55 97 35 -50 -26 65 54 -74 49 -48 35 63 -97 -31 29 -70 30 -8 -38 -64 44 60 -85 -1 65 -63 51 44 -12 92 9 96 -51 85 -2 -66 -54 -18 -91 65 -32 -69 -28 39 15 60 59 -93 -4 -33 15 -73 -95 45 30 50 52 -91
-45 -86 66 32 -91 -94 74 68 -100 -97 -62 -16 80 38 15 38 17 83 -66 73 -46 -65 62 34 76 78 -20 58 77 51 85 -12 52 96 30 -13 -37 -79 -5 -63 -61 -13 -24 -11 -60 46 53 -70 39 29 -97 8 -92 78 -47 -84 -74 -79 22 -73 -67 -63 -49 -65 87 5 18 -44 30 34 79 77 -18 -91 65 -10 99 -62 -98 5 -65 -16 98 27 -99 56 31 -93 22 -6 46 -93 -100 39 -49 -16 -75 8 93 -14
-72 -34 -89 -50 -57 57 -60 -21 28 -77 -91 47 7 78 32 32 16 -84 21 66 28 70 -8 -46 -51 -99 72 -53 -49 62 -39 49 4 64 -4 68 -12 8 -59 -72 -6 -46 -82 -77 -24 -35 48 -5 34 -27 77 -18 -74 31 -10 -100 -46 -82 62 91 22 -32 -48 17 -31 -87 -89 -32 -83 17 30 -22 -38 -80 71 -16 -32 89 81 89 6 -37 45 22 22 -93 -15 81 -35 -62 33 -20 -79 75 8 -97 -22 -66 -42 50
-42 -1 12 0 -39 86 10 -28 57 -86 68 -18 -19 -86 62 5 56 -37 -28 -86 0 -32 97 48 69 -81 92 97 95 16 -62 58 -70 -78 47 12 -44 49 -40 19 -87 48 -100 -81 40 -40 39 -53 48 10 65 52 -78 53 -69 -51 -90 -78 -89 -1 -7 43 -80 9 71 -3 -87 72 -66 -48 -31 -18 79 96 50 -81 -25 41 -54 -27 26 -98 46 -18 -39 -52 85 -82 -58 6 -48 37 92 82 -22 -92 -35 70 -88 29
12 85 74 76 -80 -6 -31 -10 36 12 39 -1 9 18 81 -29 -64 32 -2 -18 -71 -72 80 91 -34 68 -87 -53 22 -1 27 -27 -8 -86 7 27 1 90 92 87 -61 83 -41 -15 -92 -2 -36 -49 92 49 -68 37 -14 -61 -88 9 33 31 78 -20 53 -63 48 -95 76 -72 78 -41 -40 25 -38 2 80 -33 45 -66 46 53 17 -62 70 64 -26 90 6 -49 17 57 -39 61 -80 36 -75 -44 96 43 43 -83 -50 -58
-48 7 -6 43 -44 -70 -75 8 -8 66 -78 -98 -50 14 11 17 -60 -40 69 -43 -51 5 -67 -93 -25 34 -58 97 54 -70 -63 56 82 -96 96 38 -49 10 59 61 44 19 -60 -84 -98 30 74 56 88 -40 63 -50 28 21 98 -82 -87 -52 -6 -33 97 -89 31 -88 32 -75 -75 -14 -60 25 -83 0 21 85 -44 -87 -36 -44 42 -92 77 -50 -30 61 37 69 63 -84 -90 -62 -65 -50 -31 42 24 -67 -70 74 86 -73
28 92 32 74 90 39 -2 79 -64 82 -16 -51 -52 -36 76 -79 -68 9 20 93 89 50 -13 91 -46 -31 64 -62 -5 -8 -88 -98 -10 -72 -40 -42 -14 39 -18 57 -87 6 -76 50 -22 -55 -58 -29 50 -18 96 47 -92 -63 20 34 -47 52 -83 48 87 62 -65 -17 -61 43 -36 -70 36 -53 63 40 -51 88 70 52 10 -60 -77 -90 -83 -30 40 9 23 -54 39 -2 -92 39 75 48 43 -93 -42 83 -11 -62 91 -64
84 90 -31 -20 25 2 -76 86 -43 28 -95 -95 41 -28 27 -38 38 68 -10 -35 -60 86 97 22 20 32 94 -67 52 66 80 81 -35 -28 12 11 -65 17 -59 -39 -67 -43 73 -73 -83 -64 -57 83 -9 13 -94 -25 -47 89 -95 19 65 67 -29 22 -95 44 -73 0 -30 69 0 -52 2 -30 -6 43 60 45 62 -62 -13 28 40 95 39 97 -8 -80 -47 44 64 36 -67 -26 -12 78 -31 94 64 50 -72 72 83 39
82 93 -63 -43 -80 -84 39 -20 -56 -15 -19 -9 83 53 -86 -14 70 -62 13 2 8 64 -62 -42 10 -44 99 -53 37 87 -42 52 -25 -1 -71 78 25 -44 -26 71 -10 59 -88 66 -66 -76 64 91 -51 -76 97 -89 -48 -3 -26 -1 42 86 -55 55 12 -19 73 92 -70 16 61 -28 41 43 74 85 -28 20 93 -61 25 -57 -83 25 -36 88 -30 29 -43 -99 -100 -5 -5 32 69 45 -80 78 -70 -60 -2 -13 39 66
-53 42 -93 82 35 -13 98 92 -20 95 71 32 95 16 -84 -21 -37 -75 80 69 27 81 9 -32 -90 12 -54 33 73 17 21 -29 -19 -55 -54 95 19 -26 -12 -41 17 -5 90 54 40 68 67 31 -34 -93 3 -93 -11 14 -52 58 63 63 -1 -77 -62 88 -62 -1 51 43 -44 97 48 1 27 47 -87 63 -74 -49 52 -82 0 41 96 -38 -11 98 -41 -20 43 32 -99 94 25 -17 20 -3 -95 61 2 66 -7 59
-67 20 73 -91 -58 46 -65 67 73 64 -30 -58 34 7 14 -36 42 72 80 25 28 -68 22 -24 44 -8 -71 -76 -3 -60 92 27 93 -54 -40 43 -66 80 58 -18 89 92 -76 17 -78 -90 -39 37 -82 -72 6 -65 24 68 36 -33 -19 -24 13 17 -56 -56 -70 89 -2 21 -90 -22 92 -56 -38 -39 74 40 -90 -96 0 -53 47 -11 43 -18 -71 -97 -56 11 -22 3 -36 -94 67 11 62 27 25 -85 -25 71 2 11
-57 84 -79 99 -15 -79 -74 -48 -47 50 -79 16 -19 -68 63 53 -96 17 63 -92 56 -99 -37 30 -48 9 -46 -71 -41 -59 -24 73 22 -6 79 46 56 22 16 -5 -16 87 54 50 -46 61 -57 40 -57 -71 -31 -58 40 9 -55 -52 -30 36 -65 36 45 53 -61 25 -4 -88 -45 86 77 -22 25 -57 51 39 -7 15 41 -63 -51 24 93 -34 10 -5 72 -60 -19 -14 -90 -90 -4 -50 -8 -96 -68 64 -2 -70 -92 -18
-72 -20 -82 70 -64 12 81 -19 95 -59 48 -15 -65 -92 -32 63 70 -85 -77 -29 39 -50 66 81 36 -1 -38 -29 -66 -49 74 63 8 12 37 16 -91 14 -38 -50 7 -43 -59 -84 -82 62 -95 15 47 -6 -4 87 31 -26 65 64 -80 53 70 -91 25 54 66 -88 64 6 27 15 -86 -68 -98 18 48 15 -48 -31 -51 -69 66 61 -23 -88 2 34 -69 50 84 19 -88 -27 13 59 94 -40 22 74 -67 70 90 60
-31 10 61 -91 -25 10 66 -71 -90 -42 -33 39 -14 -86 -5 -32 -89 -83 43 60 -77 -95 12 11 13 41 80 45 -92 42 -40 37 52 43 33 85 43 90 -32 -82 77 66 48 43 -7 -23 19 -1 61 66 54 77 74 38 -41 39 -26 -67 66 -32 93 33 -17 48 87 -82 61 -47 35 -78 -66 16 83 -60 -22 47 -19 29 -76 -64 -65 98 61 55 -14 -82 96 -2 84 -28 -11 1 -30 -63 -32 65 -42 -31 67 90
10 22 -15 -24 58 83 19 -85 49 -75 93 -19 66 90 46 -76 14 96 6 41 11 33 -34 38 40 11 36 2 93 16 51 -54 22 41 69 -27 51 46 -30 -89 -37 83 94 -89 -71 -71 23 81 -66 87 9 70 84 -44 72 -61 -80 42 76 65 -92 67 -2 -51 77 -86 -13 58 -28 46 -1 -81 -65 18 25 -94 24 -57 66 37 74 67 52 -72 81 19 74 -54 2 2 -95 -99 -10 -51 -70 6 -82 62 30 -32
-83 -65 -27 -99 4 -63 58 65 56 47 70 -15 -40 87 69 -92 -55 27 -16 -50 -100 74 -12 -87 54 47 -45 83 7 -43 -31 -17 -43 -53 -73 57 -68 6 -63 86 33 89 -72 -46 -84 -69 30 78 -59 -1 -52 -9 15 -50 16 19 30 -90 51 -54 -44 -71 8 -41 54 32 28 -6 95 51 28 91 42 12 78 -48 13 89 47 41 -39 8 33 64 -78 -69 75 -28 15 -73 39 53 78 6 -77 -71 39 35 50 -16
60 -51 87 -41 94 -65 76 89 -2 -41 -53 -100 42 49 59 -62 81 50 54 -66 14 52 -12 -96 -73 25 72 -3 3 -60 43 84 -12 43 -5 -15 34 -46 97 46 91 -73 -53 18 98 -36 -54 -83 11 74 72 29 88 -58 -42 0 -86 -2 -54 -74 79 63 3 13 -22 22 26 70 35 -84 57 -98 27 -11 99 -7 20 -73 -67 -56 52 99 59 -37 -29 -81 33 -91 -68 -75 31 -86 73 26 -7 -64 -79 28 86 60
-100 51 27 -65 -94 -70 -49 33 62 -30 87 98 -83 44 92 -43 93 83 -21 -21 35 39 -59 97 12 60 -57 36 -84 -74 49 -84 -45 -34 -36 31 95 -42 -60 -54 -91 76 -36 -36 62 -10 92 -4 79 -80 -51 43 5 78 1 -17 36 -36 -86 73 -17 -73 -74 80 15 -14 -91 21 84 76 -38 -68 2 39 -29 3 -77 87 42 -69 75 -87 41 66 85 -54 -21 60 -92 33 9 -74 45 -60 15 26 98 13 -59 35
51 64 -25 89 -70 -53 6 29 -93 -38 71 -83 -74 -86 -72 -11 -99 -93 63 64 33 -33 93 -62 79 90 6 75 -50 42 47 94 -44 -91 -3 96 82 71 -27 91 -38 14 96 89 -26 11 86 9 33 -1 9 -88 48 -44 -14 -5 -66 -41 -39 -17 48 35 -39 -84 46 -15 -68 85 -50 -1 77 -53 -94 -92 36 63 -14 22 17 36 -67 -15 -55 -9 -67 -6 -56 -56 -82 -60 -53 87 -74 47 11 -43 42 -61 -79 64
-80 -40 -52 74 22 37 55 92 -81 32 -37 -91 -41 -30 87 44 -75 28 -14 76 -90 28 -90 96 -42 -73 -92 -64 33 -95 -64 -15 60 63 -38 -63 29 25 34 -52 80 -87 65 95 36 -53 64 -30 27 31 -80 -37 95 74 87 -74 6 85 -54 2 58 -4 -16 93 -35 1 37 35 98 18 -9 11 11 39 -76 99 38 -62 51 60 64 -84 -15 50 -54 -81 -87 -34 42 -83 -75 -40 -76 98 53 51 74 -75 26 24
-19 69 -96 -74 45 58 -52 16 -28 -89 6 -42 -19 -84 -96 77 49 -20 -63 -87 72 -88 67 61 22 -4 -90 -85 26 97 -19 67 -2 43 96 -20 29 -56 -42 -66 49 35 -34 18 40 69 -73 49 -100 22 -47 -19 93 22 47 66 -64 -11 -76 -82 -97 1 -20 -20 -24 -28 57 66 54 73 -81 66 -32 -18 75 57 -37 3 -2 -1 9 63 -27 -64 54 53 88 42 20 11 25 38 40 68 -12 -11 81 -72 -94 61
87 20 95 15 81 -3 55 -26 -92 71 -92 62 53 11 -67 -19 -19 83 -19 -59 85 60 -43 72 -58 45 50 -74 -86 -77 -18 66 -12 64 51 -48 75 84 -70 -26 -3 38 80 -94 -20 30 55 71 -85 -4 -55 72 -9 -79 -94 7 -18 -34 79 30 -58 -12 2 40 67 84 79 -63 -19 45 95 -85 -78 -28 -49 40 -16 25 -68 -48 -19 99 16 -86 -94 49 -14 27 -79 84 -43 -98 28 -27 49 -17 88 -68 -78 -56
-20 88 -31 -41 49 -32 73 91 31 -80 -81 -60 -78 -61 99 -86 -65 65 -44 12 -15 -32 42 -20 79 33 -3 92 -15 -11 -57 89 87 -49 -81 -48 75 -22 -34 96 99 -27 -91 5 31 -99 -28 -84 -72 -74 -73 19 -50 91 62 66 -75 -64 -65 -88 80 -35 -73 79 -48 95 22 -49 -4 44 -78 -44 53 99 71 -20 64 30 28 89 25 -48 40 -37 2 22 -74 28 -50 83 57 3 -27 80 -84 -97 52 49 -12 3
89 89 89 59 74 -3 95 50 -83 -10 12 70 39 44 2 -36 37 -69 37 -74 -42 14 99 11 79 85 -33 60 -17 -48 80 67 97 40 -66 52 -9 -46 -38 70 36 43 -33 29 -15 -26 37 33 -94 -45 -82 74 54 82 17 52 -28 -20 -34 94 -52 88 -25 -68 -32 -8 -87 97 -10 -100 94 -75 -50 39 -34 -27 87 -14 3 5 71 90 -30 32 32 -22 -90 -44 72 45 6 -16 -31 93 16 -64 54 95 -23 -67
-50 -70 47 -86 61 -8 -29 -76 21 96 56 -22 -74 -66 51 87 -97 45 15 -73 -22 54 -40 79 88 98 -6 -46 67 64 -35 -37 -49 95 -50 -93 -92 33 -77 16 -3 86 -42 11 -2 7 5 -52 0 32 -30 -96 -24 -98 -29 -39 42 -39 -41 -60 -34 -71 -5 -98 -44 3 -58 -74 38 -58 31 -66 28 68 -100 72 -42 37 -87 -25 30 22 -84 -76 -72 56 31 92 65 -57 7 96 75 -80 -50 47 -1 2 93 29
-37 79 -72 -65 41 28 -51 -47 88 -9 -90 -72 23 -53 -86 -24 -23 -27 -79 -60 -93 86 19 93 -48 26 98 -38 73 61 -58 -65 62 -13 14 99 -74 61 92 80 10 -41 79 0 59 -63 -1 -88 -70 -38 -11 -55 -52 -19 -43 56 14 -35 23 -28 -34 50 89 -40 74 17 90 -55 -12 -20 25 2 -74 19 -97 51 79 27 -14 62 54 16 -51 86 8 65 87 83 -5 -91 75 96 -27 4 -68 99 35 40 26 23
46 -47 -20 66 2 -2 93 -29 -87 52 -76 52 -98 -76 -22 -98 93 -97 9 61 -50 15 -2 51 58 -17 -73 95 -64 -69 -39 -19 1 81 32 58 -21 -51 -95 98 -84 65 4 -77 73 87 -82 67 -38 -45 80 -60 -54 -39 -46 -88 8 46 -35 -60 32 -76 59 -30 63 9 2 -47 -2 -52 -21 -8 -41 31 32 30 5 78 -85 53 -32 80 75 87 5 -17 81 -37 11 -95 -58 -30 38 63 95 3 -50 43 44 -13
37 35 -78 31 -68 -52 19 63 -87 -42 80 16 5 -55 32 90 40 -90 18 11 87 -94 -44 -39 78 18 8 -78 59 -95 -86 47 -80 69 3 53 -25 82 -4 36 36 -16 -68 -98 71 64 -18 -92 47 -81 94 -18 -41 47 36 63 -99 60 71 75 39 -24 -59 80 -25 63 -54 80 49 15 -7 50 -15 -57 69 -16 -14 5 4 -28 -57 73 28 35 8 52 -32 28 -37 -9 -39 -77 99 46 34 -8 -16 -18 19 0
-71 47 -49 15 -27 -18 -40 -59 -89 25 97 -1 60 -67 54 -44 -78 -92 -57 68 -17 -76 10 13 -19 -12 73 -62 -11 -95 72 17 -49 24 32 -10 62 41 55 68 -35 51 43 -16 -62 -93 -98 -17 -32 3 -33 26 -9 -52 28 89 95 73 43 5 -93 11 47 -45 97 90 69 -44 -60 -31 -92 14 34 -34 -77 -92 -11 9 -47 -69 -48 58 -15 20 -98 -21 98 -80 99 35 2 -96 -14 -33 -15 66 58 32 10 -62
-75 31 -35 -77 54 -99 96 -72 73 -43 -65 -80 29 -12 93 -97 -67 -7 -32 -31 -66 77 -45 79 -65 -65 -35 59 39 40 -15 84 56 -23 -19 -72 74 -13 -56 -2 -82 -37 19 -13 -56 -15 69 1 -20 -41 -54 -65 -31 44 -81 19 73 38 -50 69 40 8 42 57 99 -83 72 16 6 -69 39 22 -9 -6 75 93 -57 -32 24 -4 50 -38 65 -84 -32 59 -41 93 4 34 26 64 29 -74 8 24 61 11 -85 29
26 -93 95 -99 39 70 15 -6 -83 -58 -83 -55 62 -38 22 63 51 -3 -46 -71 -18 -28 71 2 72 27 41 60 -47 41 38 19 -72 16 -42 60 69 7 -74 79 -86 59 -71 1 -14 -82 -45 79 14 -86 11 36 -6 57 -99 -60 -61 -43 15 40 -13 -13 5 4 70 -22 -93 33 -48 90 6 79 -30 83 31 -86 -27 -82 -25 -34 30 -55 -11 73 -68 94 -67 -55 -45 92 -1 53 19 32 9 -48 -50 -9 -5 -42
39 44 -47 -42 -84 48 -91 -38 33 -37 28 66 -11 -3 -40 -18 76 -16 -95 -65 0 -84 -63 -100 -76 66 -55 0 -15 98 -96 4 6 25 -70 -73 -84 -75 -27 -37 -95 -54 -53 42 -71 70 -3 63 -49 -93 -50 91 -11 99 32 58 -2 -42 22 -82 -38 -87 81 -11 -23 -41 89 -50 -3 -35 -96 -25 75 -47 -3 -100 -92 -78 -82 42 27 67 -15 -58 4 89 -65 -74 -93 67 5 -18 41 -99 95 -33 24 -6 70 74
-88 -38 -2 -97 72 77 20 84 1 63 -19 -44 61 1 74 68 64 83 55 84 40 -50 21 -3 -40 -57 -28 -65 -17 -45 98 99 -80 -41 63 -45 19 87 10 14 -47 8 84 70 -46 99 -17 2 75 -39 -65 -91 -15 -21 -81 -58 -91 66 28 -43 -59 -38 56 -100 -88 60 27 -68 19 -55 95 42 48 -82 -98 99 88 -12 38 96 22 34 40 -19 -33 14 25 -56 -62 32 -3 -92 -85 87 28 18 -98 28 -73 8
25 67 17 75 51 45 -73 50 5 42 31 73 -17 -70 -28 49 -48 -13 -15 -68 86 95 12 65 86 98 -73 -48 -66 13 -86 -38 -99 -88 92 -83 -34 89 -61 -9 -63 -97 34 75 13 26 -9 82 29 -20 -52 -76 89 76 82 -85 66 -17 81 -28 -98 -42 -5 -36 65 -7 -67 75 -11 -94 30 -6 73 -54 -25 99 19 12 -89 -82 -60 69 70 -69 -50 -78 -71 -63 -67 -22 62 -56 25 -55 77 -95 74 68 40 -20
33 71 -33 -97 3 -56 -94 -40 -51 -28 6 58 -94 95 -18 92 -52 31 -95 87 -86 42 32 -82 39 29 33 60 -96 -70 -22 26 -19 -12 -3 -11 -81 -72 -2 -75 34 -33 86 -46 97 12 61 13 -39 62 -97 22 84 59 -80 -14 47 5 2 -33 -2 -6 -17 -30 -25 47 29 4 38 -99 32 -66 76 -90 43 -72 -87 -13 50 -69 -28 41 92 -56 -22 36 -24 17 -24 -31 50 -2 -87 -54 63 61 -53 16 -82 -90
57 -8 -28 99 59 -79 -22 57 -62 68 45 3 -19 -60 29 14 11 95 70 7 14 -75 80 -79 -49 -89 61 0 -28 -15 29 30 39 59 -29 75 21 -45 61 15 -78 29 -67 -27 27 -1 -81 -61 -39 94 -89 -12 -93 -71 85 15 -99 63 88 -91 63 95 -26 -9 71 64 -55 60 -61 92 0 13 67 75 2 13 -31 70 -27 -34 52 65 15 25 -46 43 2 29 9 -27 48 52 -1 -66 -37 -49 38 -12 -84 9
-15 -100 78 7 45 -27 79 -39 -99 -84 63 80 -9 26 -20 -53 64 63 63 -61 87 63 -90 -32 -99 -5 87 -98 57 -24 -57 7 -43 26 -52 28 21 -100 -3 42 2 80 -3 -10 -48 -68 3 32 68 27 -22 -39 36 47 9 -46 68 63 36 66 9 -52 28 31 30 -50 -84 -95 14 -84 52 4 54 -81 12 66 -67 69 2 72 76 -59 -36 6 66 13 22 10 74 50 3 -76 -76 -12 -4 -45 55 -19 83 73
68 93 -56 -96 -3 86 -93 96 63 21 -24 24 28 62 85 -13 -22 -64 8 52 -49 77 43 -65 96 68 -94 -8 -100 -30 -47 37 42 -28 -68 24 -61 33 96 -54 -45 -61 29 68 52 -11 -26 4 71 -7 -6 38 31 -98 -100 -81 37 65 62 85 50 28 -61 -69 -96 37 -59 77 -35 -41 45 93 -48 -88 17 48 -71 -44 -87 75 -11 86 -99 -18 -68 99 -58 60 97 -63 11 -31 1 15 52 -31 -15 -57 31 33
58 73 55 -57 -41 50 -61 52 75 30 -11 10 -24 -100 -39 -13 15 -11 -35 75 54 27 -12 31 11 -46 -98 -55 -6 21 84 -26 66 7 -70 28 -45 -93 59 -22 -85 46 2 69 -57 -7 -7 64 -10 19 -59 11 78 -52 -93 -23 9 -27 73 -78 -89 -63 -87 -6 -90 17 -7 -3 3 -40 -13 21 88 5 70 62 86 -11 -33 32 -46 -99 -89 8 45 2 31 -72 77 -79 -96 47 -81 -50 5 10 -58 94 -94 27
-41 -56 84 34 76 30 -79 86 -84 -27 -24 9 -37 -98 90 33 -64 0 67 68 93 -77 55 11 -53 6 -97 25 -20 -22 31 -60 20 30 61 -77 -43 -36 -80 -54 41 -94 -95 -57 83 -81 11 2 70 -14 21 63 -48 -63 -98 43 -26 -93 21 66 -13 -11 -98 18 -100 85 65 -14 85 -79 19 77 -79 41 -26 -7 -43 -81 -12 -88 37 -66 -77 -37 53 -6 -55 50 33 -38 65 -82 -33 -49 55 -97 59 -68 -36 85
88 33 -42 -14 -19 -12 -9 -60 -36 33 -17 8 -38 56 -24 -51 -49 -31 -94 -58 29 -11 -60 1 96 86 -44 13 -68 7 -19 20 10 -28 20 61 -79 -3 -69 -38 -2 -90 90 45 8 -2 -58 -65 -54 -62 57 -19 -21 95 -78 -14 95 -74 -98 -62 19 -30 2 58 -32 -55 -54 -64 89 -96 -20 76 -18 -75 -73 -70 -18 61 58 19 65 77 65 -60 0 -16 -91 70 -17 -33 42 -62 74 -72 -10 -34 43 36 41 30
-64 -37 92 68 50 -18 -14 -31 78 17 -60 89 -74 -64 69 -69 -74 -17 -94 22 75 -16 37 -98 7 -8 21 -10 33 16 26 -80 98 47 -14 -96 18 -47 -95 13 -48 -16 -3 -32 93 47 -50 88 22 32 59 25 85 97 62 98 40 61 -5 -2 37 0 -98 -47 -65 28 -83 -85 28 -26 20 64 -49 -51 -18 86 -7 27 -33 -81 -1 -98 96 15 -89 22 91 -37 -72 2 35 -87 75 69 -76 20 -98 3 81 -54
-56 33 13 -57 -19 10 29 -25 82 68 44 -36 56 -94 28 -10 5 -58 21 -61 49 -74 -74 84 64 -15 -29 -85 20 41 -93 -86 66 -28 67 -6 -100 68 -32 -38 -22 15 36 -90 -15 -56 -28 43 -5 24 90 -51 18 -44 -64 -10 -9 11 -83 82 85 -70 -98 -57 -35 71 80 94 36 22 -41 13 -89 93 -72 -44 -42 -8 -43 16 50 25 45 -62 -31 -43 -35 -90 -5 28 -11 26 -5 -2 -75 9 -86 78 -34 -26
-80 69 86 69 -80 69 -59 -23 99 -94 -45 -5 68 93 -10 22 74 75 17 37 22 92 -82 53 25 -40 -86 29 -90 -29 23 13 -38 -24 -89 -99 15 -12 -70 46 -90 88 -4 6 -80 46 11 -85 74 -89 -32 87 76 50 94 -18 -47 86 -31 -17 -18 -26 -29 0 -85 -36 65 0 38 57 44 -21 -60 48 -77 -85 -75 20 -95 23 13 1 85 67 99 22 69 -44 96 -59 -30 -51 25 -40 83 -58 82 73 29 -88
21 -37 -22 45 -6 75 -94 41 -16 -70 -79 -65 33 16 -72 -56 -18 -54 90 21 20 60 -96 -33 -22 11 -32 72 61 20 -72 -40 72 -22 -16 70 -40 69 -33 73 -27 -100 -36 13 28 -77 -52 49 86 -93 43 92 21 -20 59 60 90 48 24 -86 63 84 36 -25 43 71 -10 94 19 38 34 -89 65 9 39 -24 -94 62 -11 -16 59 34 48 29 -99 5 38 31 -27 -20 -36 -46 -66 -27 -25 32 -84 -62 -83 28
-94 -50 12 0 -27 -42 67 -89 72 11 45 -84 -60 11 63 -66 -30 44 52 -61 -36 -99 74 31 -75 -89 5 78 -15 31 -98 -58 -55 54 -96 97 43 -86 93 35 43 84 77 61 -100 -52 -95 63 -58 41 -67 49 -34 -36 13 -78 -87 -51 34 2 59 -62 -65 -22 73 41 -65 58 -86 -80 11 -64 -91 63 -1 39 77 33 18 -49 -83 50 45 -75 98 65 61 43 45 -53 6 36 9 31 -15 68 -65 -38 67 -11
-25 -18 5 29 6 22 -63 80 18 -76 59 -26 -56 -73 -38 25 -54 -65 -63 -52 45 3 98 -54 -21 -86 -80 90 -58 71 28 42 -3 -36 -68 -15 -76 97 -6 -79 88 -85 62 -34 23 -35 -31 90 -97 11 -53 50 39 23 5 -47 -77 -44 17 23 -51 -5 26 -55 -25 -13 -46 -95 42 89 -31 7 48 -9 73 -76 -52 91 1 39 12 16 -17 83 -86 53 -54 -23 -61 -15 -25 33 93 -13 73 80 20 -75 94 -75
-6 37 -97 96 65 68 -66 68 78 82 39 25 48 -45 -78 -90 93 94 -58 -25 59 41 -67 -33 19 -13 88 -69 4 32 71 -29 83 -14 -78 -24 -35 79 -26 -21 54 92 -34 -73 86 76 -86 -59 -88 -4 65 16 -17 -21 76 14 44 -59 -81 91 54 48 25 -74 18 -97 -10 -77 -6 47 -47 3 85 22 86 95 -80 62 -35 -21 93 -72 45 30 -35 56 49 51 52 41 6 -91 24 -62 95 47 -81 16 39 -24
-90 70 1 21 20 -9 -32 18 80 65 -57 -34 -40 -13 -15 8 63 -55 -77 4 -35 60 96 4 33 33 -77 27 26 -20 3 -20 -76 -46 19 63 -92 -63 80 15 90 -22 74 -51 -50 43 7 14 -79 91 20 48 -84 0 1 -75 27 -83 34 91 4 68 -79 54 -14 74 -52 -83 31 -90 99 -17 65 86 -85 -63 63 11 -18 55 -19 49 -87 52 88 1 -88 33 17 -54 -73 34 -81 -20 25 89 -86 21 -86 97
-21 84 29 47 -7 -84 -71 -46 -18 50 -3 -87 -37 43 51 20 17 43 -32 90 -80 -69 24 59 52 -95 47 -73 -41 -97 3 37 26 64 -70 -63 91 18 85 -100 -3 -27 5 61 95 -57 -46 36 41 65 50 -46 79 75 72 -43 6 -86 48 -82 -54 -91 51 73 46 67 81 10 38 69 37 35 -8 95 -33 -72 66 27 7 95 47 58 -17 -42 22 94 -99 -97 8 -48 81 75 22 24 -9 86 -35 1 -5 70
71 -26 -99 84 -8 10 -68 -31 37 16 -31 5 53 90 96 -4 9 -94 58 44 -27 38 63 96 1 -38 77 -42 5 -33 -87 65 -2 8 -20 -95 64 14 -94 99 -97 -83 -94 -17 -1 -2 88 -10 16 56 -96 -79 -31 -48 -8 -12 -56 -97 47 -43 38 71 82 -32 -62 44 24 85 -62 85 46 -71 -10 -83 -9 75 37 -93 47 -71 33 -58 -66 -68 -78 3 94 -85 -38 60 92 -57 60 99 -85 65 21 67 0 65
-4 49 18 51 21 86 -18 -58 43 5 -55 99 19 27 -37 -7 -82 2 -42 93 16 26 -48 24 -82 70 40 65 15 9 -19 -56 -60 -35 -22 32 80 -85 -56 97 -53 57 -70 -59 -96 -84 88 28 -19 51 -56 -74 68 81 30 -29 19 -82 23 -43 -16 1 57 -88 -91 -1 13 39 -2 -95 47 -85 -88 2 39 -98 -84 -62 22 -43 -82 15 73 96 -87 51 -93 2 -20 18 77 19 83 -26 -72 -100 -73 76 21 -70
17 2 -81 -74 -65 -93 85 -54 -23 74 -51 -44 -18 25 -7 30 -35 43 -40 -8 99 56 63 -93 26 -57 -17 -16 81 48 -74 72 24 -55 87 29 -94 -96 -62 57 9 -79 -43 76 -60 3 78 -54 -51 22 -32 61 -78 -13 -39 -74 -44 -25 4 -5 55 1 -96 59 58 45 -62 -75 1 -52 -67 75 59 77 -83 87 3 -70 26 92 3 48 -79 66 5 -66 8 -34 -46 -64 -88 59 41 -99 85 -15 -85 85 93 7
95 87 61 65 -85 80 -31 -45 -18 -24 11 48 -62 -81 59 42 26 -95 -65 -52 -24 97 -58 -4 -76 -53 -47 -62 -65 -2 -18 23 -60 53 90 88 -27 -81 -48 -77 99 -91 -76 -80 -94 52 -44 -41 61 -62 48 -29 -17 58 73 56 -50 -83 26 57 89 47 53 -67 60 62 -92 -21 -67 -29 35 6 95 -6 -17 29 -94 -96 1 27 -37 -76 -24 -38 -27 82 -49 -86 -2 -6 -16 -70 42 -24 -88 -56 34 -95 -12 -65
50 -10 -68 40 -81 -73 -65 2 -19 66 31 -72 -77 92 89 94 -11 47 -20 -35 53 -79 7 88 74 41 63 92 -90 85 88 -87 60 -12 -58 0 68 -89 82 -69 26 92 -75 41 68 35 74 -71 82 -76 -49 40 -64 -15 -9 -13 -5 48 -46 25 57 -15 -52 -80 -99 -40 -22 11 -25 76 -46 -25 50 78 29 25 -47 92 47 -37 -98 11 -83 -15 25 -80 94 73 15 3 49 69 38 -99 -23 16 6 -32 84 14
56 -1 -15 -12 -44 -15 -2 -73 -91 86 72 -83 2 -79 33 -92 -23 1 71 70 47 -89 34 -79 -47 -71 51 -9 43 4 -80 83 -63 -72 -24 66 -24 67 -91 99 0 -91 -20 -64 97 -94 -11 -55 -82 -72 33 75 36 -88 -44 -78 -24 -1 70 -48 2 -52 66 -55 29 -3 46 58 -8 46 -28 -80 18 -65 80 76 -94 -84 7 84 -27 52 45 73 -65 99 69 80 81 -50 -79 44 -23 54 89 -41 97 52 92 -37
-52 -38 -27 -82 56 0 90 58 99 -99 8 -83 46 41 54 19 49 -95 34 19 50 19 -33 -21 -29 -72 -61 -94 -22 -60 -55 -40 -30 52 -10 -41 -21 46 -12 28 48 10 -56 -70 91 20 19 -13 55 41 -91 14 -53 -51 -50 -75 -8 -39 -20 -54 -62 17 85 51 -97 -9 -99 -66 -10 74 51 74 -20 49 30 -80 66 97 -73 61 -41 -30 -9 36 57 41 78 -33 96 -19 -91 -9 -40 -84 -17 51 -65 55 77 86
-37 -51 -6 55 21 -75 -50 98 -12 -40 91 -40 30 47 -18 -39 99 -90 -18 19 -49 1 9 -25 -27 10 34 61 -54 64 -77 -75 5 47 10 -18 -25 17 10 14 -88 14 7 91 -77 -9 -95 -36 -49 78 8 38 25 68 -52 87 34 -19 -12 54 -81 -21 -46 1 -51 -74 13 80 56 84 -78 -55 -73 72 27 52 -24 -26 -48 58 -81 -32 85 55 18 -22 -65 -14 51 -30 26 89 34 -74 89 69 77 81 -2 -9
47 -59 22 97 -51 40 47 -27 17 -97 61 72 79 -67 6 4 -2 59 -24 17 -78 -27 -11 -63 -32 -23 -19 45 67 -69 -16 40 -41 -9 -52 -83 69 -16 72 -25 67 9 55 -32 72 -74 -22 -80 49 -98 21 96 -91 -42 86 92 -43 -26 -15 30 1 9 -92 -42 -54 -49 54 36 71 48 7 -29 31 -1 -54 -53 28 69 14 0 -94 -16 25 -100 72 -94 -24 -95 -99 64 -21 -19 54 39 -82 33 8 -11 52 52
-31 -11 -33 -18 15 99 -53 88 86 -74 71 -70 -13 93 -79 22 -12 8 -63 23 -34 40 28 -64 53 58 -99 88 -93 9 81 -10 81 40 31 -2 -1 26 34 75 28 51 63 -5 -54 -24 41 83 -86 97 16 69 -80 38 47 1 -89 58 0 42 -76 -48 85 64 80 -57 -79 -92 8 -33 -34 -6 26 24 36 3 7 -13 33 99 -62 -52 -50 -72 -12 29 -96 88 -70 -82 57 62 90 40 11 32 24 17 5 -8
59 21 -79 13 -12 -19 -87 -92 -20 83 56 75 -38 10 -59 17 26 70 -79 -42 -18 -51 -18 76 -28 -59 88 39 23 -29 -66 -1 -44 -36 50 72 -1 -86 93 60 -19 72 -70 -97 98 88 -81 -21 15 -82 -89 -63 4 32 3 66 -43 94 40 -17 -58 -32 -69 27 4 89 34 98 -81 -4 33 -92 -39 -1 12 86 68 -77 66 -69 -93 -5 19 -87 53 48 -14 -96 -27 -15 -60 98 -53 -94 98 24 -7 59 -59 -76
-41 96 -31 -8 15 -36 -83 -68 3 30 -70 -84 14 -8 80 27 -6 -7 -15 44 -44 -4 -29 60 54 94 -22 42 -26 41 -79 68 18 -6 98 88 51 -51 43 -64 -71 36 95 -100 -62 90 54 -77 58 76 52 11 -47 74 -23 -53 30 88 -85 90 -39 52 -3 91 23 -11 48 93 -44 -88 20 22 66 95 75 -29 -93 47 -55 98 26 -41 25 0 -15 -32 -48 -6 74 20 29 -40 97 -98 67 20 -40 -3 -37 -63
44 -5 -8 78 -21 -97 -41 82 24 -59 92 -76 76 63 -79 -3 -96 -74 -79 28 -52 37 -70 -24 43 29 99 23 34 34 92 37 99 95 4 41 19 64 68 -41 -45 54 -45 -15 36 -100 -91 -75 -63 13 52 -15 83 -9 -65 10 93 -41 6 -53 38 -83 97 -18 1 -55 -19 -73 2 96 11 97 -12 93 -14 -79 93 -75 50 -50 38 43 -55 -21 -71 -29 26 -64 89 66 -97 -48 -3 59 -49 -95 73 92 -52 -69
45 67 31 -93 10 91 -91 11 -51 57 -39 87 70 1 -59 2 -12 14 64 8 26 -24 3 10 -6 -54 92 -4 79 -99 63 7 77 21 85 -47 -40 62 -47 87 -40 78 80 10 15 -19 -25 40 28 33 62 -31 15 -30 55 75 -75 53 -55 40 -97 45 10 -37 -68 -46 55 76 4 75 54 55 -85 -13 -51 -28 -59 -43 28 32 32 -29 27 -23 22 60 -51 13 3 70 -84 5 81 69 65 25 -24 12 13 49
-8 55 -8 2 -43 -71 13 -73 96 77 -71 -11 9 -8 -49 49 74 7 29 59 -60 7 -79 60 64 -75 -57 87 -68 -25 29 98 -28 -84 2 95 40 31 -91 -17 79 8 -97 -68 -22 -36 -40 -46 38 65 -99 -83 -17 74 -38 83 -91 92 89 47 57 31 -12 -97 93 -42 -50 51 41 -11 -70 89 98 60 -6 -30 29 22 -24 54 -45 -96 -81 32 -13 2 -57 -96 -87 -11 -2 51 39 -50 73 -67 67 89 -86 -18
