6067720.863634 
30338616.744869 
151693096.151043 
758465493.181914 
3792327478.336268 
18961637404.108040 
94808187032.966904 
474040935177.261230 
2370204675898.732910 
11851023379506.089844 
6067708.436935 
30338604.318170 
151693083.724344 
758465480.755215 
3792327465.909570 
18961637391.681343 
94808187020.540207 
474040935164.834534 
2370204675886.306152 
11851023379493.664062 
6067646.303442 
30338542.184677 
151693021.590851 
758465418.621722 
3792327403.776076 
18961637329.547848 
94808186958.406708 
474040935102.701050 
2370204675824.172852 
11851023379431.531250 
6067335.635975 
30338231.517209 
151692710.923384 
758465107.954255 
3792327093.108609 
18961637018.880383 
94808186647.739243 
474040934792.033569 
2370204675513.505371 
11851023379120.863281 
6065782.298638 
30336678.179873 
151691157.586047 
758463554.616918 
3792325539.771273 
18961635465.543045 
94808185094.401917 
474040933238.696228 
2370204673960.167969 
11851023377567.525391 
6058015.611956 
30328911.493191 
151683390.899365 
758455787.930236 
3792317773.084591 
18961627698.856361 
94808177327.715225 
474040925472.009521 
2370204666193.480957 
11851023369800.839844 
6019182.178546 
30290078.059781 
151644557.465955 
758416954.496826 
3792278939.651181 
18961588865.422955 
94808138494.281815 
474040886638.576111 
2370204627360.047852 
11851023330967.406250 
5825015.011496 
30095910.892731 
151450390.298905 
758222787.329776 
3792084772.484131 
18961394698.255905 
94807944327.114761 
474040692471.409058 
2370204433192.880859 
11851023136800.238281 
4854179.176247 
29125075.057482 
150479554.463656 
757251951.494527 
3791113936.648881 
18960423862.420654 
94806973491.279510 
474039721635.573853 
2370203462357.045410 
11851022165964.402344 
0.000000 
24270895.881235 
145625375.287409 
752397772.318280 
3786259757.472634 
18955569683.244408 
94802119312.103271 
474034867456.397583 
2370198608177.869141 
11851017311785.226562 
